0.104423
0.0861572
0.172207
0.16975
0.0755132
0.118303
0.115856
0.205874
0.203066
0.160606
0.242612
0.107672
0.129735
0.16069
0.252448
0.286269
0.155814
0.245473
0.0669858
0.215578
0.150113
0.0862542
0.27051
0.149286
0.243887
0.176087
0.172148
0.140915
0.12651
0.331299
0.169968
0.235383
0.128683
0.119562
0.0869192
0.0742937
0.138148
0.0906511
0.133916
0.146692
0.133567
0.0889659
0.114993
0.0970143
0.261579
0.0471942
0.0656145
0.158917
0.102405
0.129976
0.100461
0.0920802
0.159757
0.183807
0.188483
0.0724184
0.180939
0.201198
0.174968
0.18105
0.190584
0.113552
0.15947
0.117952
0.212036
0.0791096
0.209708
0.190088
0.145552
0.164595
0.0683769
0.111189
0.0896276
0.0941973
0.131665
0.153226
0.10025
0.237465
0.154542
0.108991
0.15496
0.355416
0.245452
0.18273
0.275843
0.196025
0.139314
0.0731321
0.114641
0.118227
0.129152
0.0947801
0.0858316
0.0993736
0.0609053
0.132698
0.0994688
0.110783
0.159119
0.158326