0.177498
0.135539
0.281381
0.100677
0.142283
0.141591
0.237277
0.192036
0.221098
0.11953
0.364461
0.107552
0.201764
0.162592
0.110775
0.125307
0.263004
0.125932
0.0803693
0.266145
0.151627
0.168535
0.163201
0.225958
0.165984
0.111196
0.0695129
0.0956509
0.137953
0.0992925
0.12714
0.13731
0.113246
0.0874577
0.116295
0.100417
0.307317
0.130077
0.171117
0.138667
0.134636
0.220827
0.201176
0.24946
0.212851
0.0724268
0.129546
0.133476
0.179353
0.0579557
0.175168
0.174235
0.0804811
0.156894
0.100067
0.0652631
0.111215
0.111255
0.117695
0.198359
0.150732
0.222228
0.0899708
0.181143
0.101321
0.131103
0.107899
0.105213
0.103835
0.0670774
0.250603
0.0939179
0.17962
0.194881
0.131746
0.096005
0.163084
0.16189
0.0978879
0.14169
0.112061
0.14625
0.0983671
0.150422
0.126044
0.266764
0.196243
0.115478
0.086811
0.151842
0.145254
0.141392
0.129779
0.178104
0.113939
0.186595
0.148806
0.182441
0.19995
0.0945027