0.159641
0.226463
0.208992
0.187367
0.0993474
0.131546
0.11212
0.11061
0.10482
0.179453
0.254806
0.190872
0.152786
0.0689288
0.109311
0.112759
0.215422
0.166961
0.164705
0.179601
0.113428
0.108366
0.178831
0.138068
0.170818
0.138573
0.161422
0.117864
0.28994
0.145217
0.180192
0.160235
0.17133
0.193313
0.143627
0.137041
0.130695
0.123723
0.166676
0.149198
0.130979
0.118169
0.139851
0.112005
0.176391
0.139823
0.102559
0.128273
0.138821
0.0711082
0.120206
0.144563
0.203358
0.17205
0.166103
0.175264
0.138276
0.103947
0.108008
0.18313
0.182511
0.0609027
0.156183
0.234017
0.125925
0.201306
0.114373
0.0614057
0.137636
0.113755
0.186998
0.185582
0.117144
0.10699
0.118055
0.136447
0.19028
0.169091
0.157933
0.210566
0.0454295
0.14265
0.0952147
0.164831
0.259329
0.140956
0.0912469
0.102483
0.18916
0.0941185
0.11938
0.142227
0.164589
0.0779288
0.119923
0.154407
0.327215
0.280131
0.147427
0.146299