0.116546
0.30598
0.0557377
0.224961
0.119103
0.0975784
0.104531
0.154293
0.128893
0.134588
0.213898
0.0727193
0.229859
0.11266
0.143581
0.176398
0.208343
0.209848
0.20776
0.214919
0.284833
0.268395
0.198767
0.115535
0.219033
0.208264
0.132968
0.307594
0.111774
0.13808
0.301778
0.262584
0.180617
0.135434
0.143674
0.125976
0.12825
0.0887963
0.326991
0.0864875
0.278917
0.248747
0.298664
0.203446
0.0824125
0.229807
0.105786
0.123625
0.172499
0.100072
0.109187
0.207994
0.176534
0.145058
0.104201
0.106311
0.0654238
0.10926
0.283977
0.185616
0.179293
0.130703
0.0913883
0.0656072
0.19679
0.125953
0.133798
0.167704
0.136598
0.0669412
0.125188
0.184856
0.162941
0.121057
0.0467831
0.121771
0.0618072
0.0648643
0.24385
0.0848109
0.123399
0.192396
0.0971634
0.097791
0.095028
0.0454846
0.0987557
0.105786
0.0764093
0.100776
0.0537467
0.0610978
0.0731727
0.189725
0.125463
0.151239
0.0741285
0.123975
0.113136
0.153061