0.218963
0.103418
0.067375
0.119287
0.284494
0.140609
0.18791
0.147197
0.126891
0.135867
0.165399
0.131277
0.225038
0.129886
0.161969
0.159289
0.125907
0.159831
0.201514
0.122857
0.0697541
0.116007
0.1307
0.165363
0.149362
0.134229
0.187179
0.109196
0.158288
0.174289
0.0734234
0.13167
0.0584369
0.0814943
0.187237
0.122722
0.0955214
0.099821
0.197725
0.171848
0.170051
0.163401
0.180144
0.165995
0.0873015
0.108547
0.187046
0.0866508
0.084463
0.138206
0.0804718
0.0727888
0.116962
0.126806
0.177436
0.133157
0.0933404
0.219282
0.212894
0.123904
0.114852
0.127292
0.13778
0.23332
0.0782037
0.273073
0.172024
0.169631
0.125256
0.154334
0.152077
0.160863
0.301883
0.270329
0.176731
0.254474
0.270578
0.207997
0.250468
0.146388
0.305819
0.157977
0.173407
0.178197
0.10766
0.146256
0.0759785
0.0636634
0.125103
0.0944
0.0880092
0.110118
0.205476
0.114411
0.141134
0.118667
0.142375
0.123716
0.131818
0.16017