0.15778
0.110724
0.101345
0.120874
0.15365
0.0528745
0.112813
0.256287
0.193292
0.187514
0.289228
0.188327
0.0869688
0.130711
0.157084
0.169799
0.135179
0.285686
0.186658
0.184689
0.152863
0.145658
0.156373
0.200785
0.272125
0.138555
0.247271
0.178243
0.216387
0.165936
0.127204
0.160114
0.134044
0.244187
0.0536041
0.130429
0.176845
0.161858
0.194299
0.144723
0.231602
0.231395
0.136111
0.0994886
0.0388687
0.147921
0.104407
0.0974867
0.204993
0.168392
0.124237
0.132774
0.0746159
0.19434
0.0822892
0.208293
0.117942
0.170911
0.165633
0.184858
0.130371
0.0868998
0.0744813
0.108615
0.15871
0.115649
0.14674
0.0807496
0.139448
0.130835
0.147776
0.140042
0.115697
0.146649
0.139304
0.103764
0.152074
0.0622828
0.191921
0.153541
0.175295
0.136947
0.135434
0.134273
0.0715475
0.0603441
0.0977129
0.0986838
0.0970215
0.296068
0.112645
0.136295
0.152062
0.225602
0.121808
0.1617
0.135358
0.241302
0.13817
0.166636