0.151228
0.147574
0.108204
0.243113
0.0809684
0.149294
0.118012
0.103913
0.269599
0.0878795
0.144278
0.158945
0.112758
0.114753
0.220633
0.442663
0.199328
0.254016
0.123911
0.221018
0.173333
0.168365
0.0845354
0.172158
0.198334
0.15418
0.117963
0.195132
0.111178
0.104408
0.146465
0.171942
0.247497
0.196264
0.121139
0.181016
0.16463
0.081143
0.195257
0.261003
0.109222
0.135824
0.144943
0.149887
0.0893193
0.153763
0.0710228
0.159537
0.0920337
0.0791655
0.141694
0.134082
0.064701
0.235971
0.10423
0.276445
0.227557
0.145812
0.175039
0.127949
0.102664
0.0868945
0.110785
0.163444
0.141942
0.192157
0.131176
0.135389
0.158148
0.178457
0.0864083
0.217682
0.161019
0.156916
0.158233
0.0842548
0.224781
0.145666
0.109667
0.0763892
0.280568
0.156509
0.112544
0.0918557
0.18688
0.260654
0.0571069
0.144886
0.112933
0.10984
0.122344
0.161537
0.0770849
0.0644248
0.137257
0.181654
0.0925036
0.144817
0.100958
0.0653399