0.0821642
0.149591
0.128934
0.0471708
0.132158
0.295417
0.152273
0.121273
0.212183
0.104791
0.106521
0.106392
0.121729
0.10222
0.122124
0.188163
0.223188
0.178773
0.130266
0.147753
0.22494
0.0894779
0.105403
0.190702
0.197564
0.286549
0.161743
0.103065
0.192403
0.114279
0.13426
0.131525
0.125737
0.125136
0.239878
0.114262
0.102275
0.121318
0.081324
0.223781
0.172391
0.154301
0.0997943
0.154283
0.21706
0.125439
0.116873
0.176796
0.239581
0.156703
0.305175
0.243303
0.240223
0.175266
0.129977
0.160079
0.124768
0.181808
0.116391
0.103043
0.113665
0.222505
0.278239
0.148377
0.104849
0.116542
0.0973062
0.120596
0.176334
0.11418
0.180932
0.0866272
0.150812
0.251589
0.120181
0.117662
0.129885
0.104603
0.267997
0.14956
0.0682386
0.11812
0.189214
0.134869
0.0709925
0.109887
0.0876452
0.0735445
0.0794112
0.127157
0.135524
0.192407
0.16986
0.14506
0.139179
0.108835
0.243196
0.0774357
0.150492
0.214528