0.156789
0.465857
0.238057
0.153872
0.0868582
0.117547
0.264302
0.214881
0.216827
0.169822
0.0913799
0.122224
0.12704
0.192207
0.121812
0.0993041
0.203807
0.223939
0.111943
0.225782
0.0913516
0.178593
0.172553
0.170771
0.164577
0.257807
0.25221
0.336241
0.0943326
0.138889
0.134092
0.136411
0.195879
0.13706
0.0696683
0.132821
0.142798
0.168687
0.204312
0.1981
0.10539
0.101698
0.086889
0.187655
0.0827465
0.122376
0.0560485
0.210549
0.225274
0.123487
0.191164
0.158889
0.0943459
0.140441
0.243547
0.133252
0.134711
0.180945
0.128055
0.120254
0.115378
0.113034
0.141254
0.179774
0.188412
0.117634
0.119898
0.0978325
0.136972
0.135915
0.147673
0.222001
0.0999648
0.186733
0.0948739
0.10591
0.0850435
0.0659379
0.196089
0.221674
0.0825238
0.0886194
0.243113
0.0801439
0.146679
0.138038
0.0623211
0.17852
0.147921
0.129139
0.0721795
0.100842
0.0953557
0.113421
0.148321
0.0876045
0.103124
0.127534
0.0785748
0.194898