0.075081
0.0836727
0.137495
0.104801
0.100448
0.191963
0.152391
0.129145
0.139856
0.120616
0.126786
0.269148
0.231451
0.219302
0.214508
0.192012
0.0665907
0.119857
0.247438
0.225855
0.232796
0.171581
0.23315
0.121031
0.282283
0.101233
0.143071
0.115851
0.0691748
0.157556
0.150646
0.240656
0.131084
0.161379
0.394288
0.114904
0.0991735
0.120153
0.07582
0.173185
0.271
0.147446
0.096664
0.110726
0.111105
0.12498
0.149644
0.113446
0.0904151
0.0945688
0.18499
0.202333
0.123239
0.268285
0.222048
0.0621975
0.142768
0.167434
0.0685181
0.093017
0.0980877
0.153316
0.132181
0.16859
0.229633
0.14503
0.250069
0.199403
0.125089
0.169781
0.0858372
0.108118
0.167633
0.116734
0.238505
0.145208
0.113407
0.157957
0.0777573
0.0943773
0.0938223
0.109409
0.0783025
0.0989529
0.108912
0.130924
0.0784336
0.207977
0.177772
0.134799
0.188333
0.110621
0.184485
0.104301
0.267181
0.140673
0.176765
0.0917154
0.17168
0.0859706