0.0718485
0.132518
0.201852
0.231837
0.0973696
0.264023
0.0973418
0.0771691
0.128833
0.191764
0.181319
0.22273
0.245189
0.233004
0.224414
0.151398
0.144807
0.325652
0.171456
0.23802
0.248026
0.130953
0.0807465
0.188637
0.370056
0.260264
0.134555
0.256216
0.218041
0.20501
0.142359
0.146459
0.0773499
0.0618501
0.0777511
0.0915679
0.0740217
0.069757
0.168792
0.166929
0.0667852
0.143812
0.0890329
0.0688507
0.201079
0.160255
0.0903815
0.107432
0.0707216
0.137156
0.220715
0.186064
0.207171
0.206111
0.159199
0.0796282
0.190831
0.111063
0.110302
0.153777
0.119316
0.074446
0.108259
0.0746856
0.248707
0.10743
0.122542
0.27916
0.0786844
0.168352
0.124296
0.0557254
0.0725519
0.0792523
0.170608
0.208851
0.108982
0.064528
0.101152
0.196129
0.0865926
0.0698308
0.144516
0.109797
0.176077
0.168252
0.104842
0.176671
0.0559627
0.186784
0.167149
0.192713
0.194507
0.118999
0.23083
0.164748
0.148584
0.188113
0.110451
0.0786722