0.10623
0.227921
0.208358
0.107513
0.0995798
0.100751
0.0828239
0.127121
0.214094
0.149751
0.0700159
0.111798
0.0806089
0.156016
0.0905101
0.106754
0.0926505
0.190614
0.112539
0.187101
0.0954584
0.0720536
0.148098
0.131682
0.145773
0.171531
0.0954236
0.192395
0.166317
0.109735
0.0730276
0.170554
0.142248
0.162797
0.13961
0.180762
0.254302
0.143235
0.16977
0.170074
0.103738
0.173235
0.120689
0.145623
0.26907
0.0759725
0.108266
0.14744
0.176298
0.15264
0.106846
0.208839
0.189284
0.156823
0.0962898
0.0628497
0.118058
0.0911837
0.160186
0.0874705
0.20401
0.197035
0.148325
0.148629
0.228078
0.120936
0.213623
0.216732
0.112049
0.324342
0.222384
0.217864
0.100388
0.182349
0.145057
0.0715944
0.0787093
0.118287
0.120855
0.139371
0.123483
0.108852
0.0822095
0.08604
0.129281
0.134122
0.103377
0.273354
0.240119
0.0800058
0.280919
0.146738
0.105226
0.26975
0.216803
0.179041
0.194564
0.239788
0.268037
0.119273