0.0871557
0.23354
0.265521
0.117133
0.202102
0.172205
0.218551
0.148817
0.112921
0.159535
0.133728
0.140697
0.145207
0.0796412
0.102049
0.184824
0.0953536
0.109658
0.13548
0.116684
0.340903
0.184665
0.152691
0.237263
0.181624
0.269982
0.235512
0.148983
0.181985
0.18841
0.13423
0.174575
0.156725
0.0778583
0.113554
0.226287
0.152848
0.116806
0.125974
0.0778413
0.149903
0.138596
0.0963607
0.149527
0.101636
0.172144
0.0933347
0.187622
0.117687
0.167251
0.115301
0.130467
0.0899867
0.0537609
0.141757
0.149622
0.126532
0.165576
0.143976
0.220725
0.136005
0.149164
0.242117
0.175901
0.244905
0.147107
0.184596
0.0977581
0.098429
0.147601
0.137242
0.0939702
0.160226
0.182557
0.186385
0.195567
0.0893861
0.190236
0.132791
0.102711
0.150457
0.08131
0.18053
0.100724
0.101945
0.158184
0.198206
0.087993
0.0848435
0.066558
0.120799
0.0841011
0.111531
0.254722
0.200152
0.152681
0.147531
0.107076
0.189414
0.175304