0.148263
0.0923987
0.152945
0.0984675
0.163665
0.101849
0.16701
0.15917
0.168223
0.336973
0.245288
0.312628
0.25593
0.277496
0.146154
0.0983268
0.200212
0.077336
0.258365
0.163663
0.222597
0.117265
0.11487
0.202895
0.162852
0.136453
0.100773
0.1147
0.143743
0.163262
0.173748
0.108883
0.231349
0.252356
0.139082
0.109574
0.0864635
0.202355
0.131877
0.194562
0.102264
0.116074
0.140255
0.119139
0.0522255
0.110187
0.10285
0.169155
0.0851938
0.0934364
0.244857
0.145612
0.075178
0.206243
0.108595
0.133338
0.0829497
0.103261
0.130557
0.158491
0.0810165
0.0523016
0.101977
0.212107
0.0691102
0.158911
0.146006
0.0982835
0.0717858
0.198132
0.194474
0.162603
0.137066
0.209961
0.120723
0.156815
0.121238
0.176293
0.220726
0.11448
0.282552
0.263762
0.146033
0.229932
0.0888089
0.14502
0.198249
0.117677
0.0916859
0.0850098
0.158241
0.0689471
0.157238
0.124956
0.16033
0.1551
0.109572
0.07393
0.111069
0.213994