0.118375
0.110096
0.0714664
0.130123
0.21484
0.0652656
0.123465
0.166627
0.223852
0.0532369
0.160011
0.137491
0.170517
0.227131
0.157834
0.233602
0.157078
0.199275
0.170804
0.217494
0.18282
0.16828
0.294921
0.280718
0.248105
0.168787
0.204992
0.24372
0.30549
0.0584456
0.134829
0.0529543
0.137138
0.149621
0.0963143
0.12789
0.165005
0.0711816
0.0829574
0.101328
0.137621
0.241499
0.206085
0.14914
0.0995356
0.149056
0.22176
0.126612
0.080935
0.147253
0.131875
0.0923246
0.124106
0.111435
0.158287
0.149866
0.13589
0.173405
0.160845
0.165979
0.128104
0.218611
0.198175
0.183159
0.0702923
0.11501
0.125584
0.113109
0.108018
0.167585
0.0723457
0.0700312
0.21356
0.0831993
0.19954
0.0741121
0.207897
0.150016
0.14874
0.070788
0.239738
0.224356
0.144501
0.236303
0.145392
0.143645
0.152908
0.0733055
0.0559605
0.0972801
0.082396
0.111668
0.104211
0.155278
0.16472
0.130999
0.193919
0.126308
0.131077
0.220567