0.0622841
0.168093
0.110008
0.139459
0.160547
0.179736
0.165634
0.181073
0.113044
0.22324
0.204815
0.209767
0.103644
0.16743
0.231222
0.243131
0.160768
0.160413
0.0793572
0.121347
0.160361
0.174002
0.108199
0.150831
0.275462
0.134077
0.18306
0.158924
0.298988
0.157466
0.111028
0.18583
0.155239
0.122551
0.11624
0.149137
0.295498
0.228473
0.0797436
0.133526
0.152133
0.0931496
0.16131
0.0486927
0.0690007
0.172844
0.175901
0.174667
0.0743517
0.103809
0.0415046
0.141007
0.230314
0.0858746
0.14456
0.0933148
0.181693
0.102085
0.197594
0.157949
0.145496
0.199459
0.066201
0.0936443
0.101364
0.119648
0.166661
0.176343
0.086176
0.207717
0.0780766
0.187588
0.0982581
0.204649
0.0960428
0.141683
0.146692
0.110998
0.180966
0.128242
0.146044
0.0973026
0.153999
0.0982543
0.212359
0.216956
0.176648
0.180111
0.135316
0.184671
0.193092
0.12822
0.138482
0.253617
0.117496
0.149086
0.131153
0.0860301
0.138374
0.16148