0.27933
0.09729
0.172967
0.0787221
0.095301
0.18544
0.186522
0.130344
0.0922688
0.145952
0.102485
0.177968
0.151268
0.163829
0.130749
0.0983536
0.121669
0.20286
0.0847773
0.205212
0.0974545
0.0947789
0.116814
0.130425
0.248347
0.0804922
0.316642
0.0781676
0.249787
0.161213
0.076442
0.21166
0.144306
0.0635431
0.159361
0.141735
0.130605
0.206655
0.188923
0.257389
0.155983
0.16013
0.199225
0.11441
0.11463
0.190971
0.112728
0.106009
0.103524
0.105742
0.194092
0.101424
0.101102
0.0748019
0.0984779
0.204906
0.13395
0.142662
0.203757
0.166311
0.178119
0.0648125
0.196841
0.0920601
0.168733
0.0954756
0.0730772
0.130178
0.107107
0.255641
0.158714
0.167117
0.189235
0.262337
0.124784
0.192666
0.184697
0.177283
0.189945
0.122361
0.11074
0.334385
0.206953
0.111233
0.128514
0.117923
0.182984
0.093136
0.0855617
0.147226
0.211508
0.0999754
0.102284
0.151638
0.137904
0.233832
0.153217
0.153442
0.0669251
0.196555