0.201985
0.0847652
0.245965
0.200331
0.097217
0.109443
0.0807148
0.122164
0.183143
0.354582
0.350263
0.153303
0.298308
0.274013
0.14026
0.161873
0.128108
0.156734
0.116096
0.139443
0.252782
0.220788
0.183922
0.187817
0.138594
0.0871506
0.176733
0.22893
0.107927
0.170608
0.123376
0.336385
0.0899052
0.133732
0.207812
0.139871
0.150925
0.124562
0.112116
0.117837
0.199228
0.146131
0.0834066
0.219426
0.121813
0.0783382
0.16371
0.310266
0.158538
0.185366
0.149104
0.0730276
0.12374
0.116642
0.217768
0.161295
0.0913703
0.0879235
0.0438864
0.0562411
0.059745
0.158013
0.149376
0.0714814
0.113035
0.17361
0.156095
0.121813
0.198003
0.0930384
0.13858
0.148967
0.118899
0.110434
0.107163
0.132081
0.121761
0.102548
0.0917252
0.104579
0.165659
0.133352
0.269617
0.121061
0.133711
0.117787
0.0682781
0.129929
0.0881404
0.168552
0.102706
0.111167
0.148128
0.175436
0.1281
0.195469
0.194296
0.112033
0.175473
0.112451