0.131835
0.102871
0.077014
0.104844
0.181487
0.15203
0.1259
0.202788
0.108057
0.170948
0.183403
0.158498
0.255405
0.218157
0.21139
0.147034
0.114623
0.149042
0.214506
0.337188
0.309275
0.0912072
0.143364
0.091954
0.145254
0.135966
0.209572
0.142409
0.210173
0.228741
0.198472
0.101149
0.145204
0.120356
0.137493
0.145847
0.187318
0.129528
0.0731526
0.12352
0.136636
0.165393
0.17735
0.054871
0.117777
0.126091
0.0850057
0.198947
0.166569
0.17847
0.187632
0.121748
0.138585
0.0968013
0.160688
0.145058
0.174257
0.114946
0.0880055
0.0751244
0.16297
0.16502
0.26227
0.137826
0.170524
0.15596
0.0977112
0.136788
0.157234
0.0905173
0.17262
0.18257
0.146204
0.148485
0.23868
0.149934
0.150698
0.122904
0.0564308
0.136304
0.168038
0.102359
0.107415
0.0882294
0.177012
0.0842861
0.141883
0.179633
0.204875
0.107678
0.211826
0.182629
0.138435
0.189803
0.133518
0.119144
0.0823408
0.115955
0.160854
0.135505