0.290483
0.11507
0.267946
0.150425
0.171543
0.188527
0.209519
0.187575
0.156098
0.16734
0.182961
0.272873
0.167719
0.199966
0.1541
0.120411
0.219379
0.134082
0.25256
0.252525
0.226375
0.158193
0.227649
0.283808
0.0952339
0.14939
0.219978
0.164147
0.097415
0.0857402
0.127992
0.11036
0.109071
0.114128
0.166643
0.166864
0.139312
0.148408
0.125445
0.0876166
0.122259
0.0985298
0.156336
0.104161
0.111659
0.20352
0.150403
0.0961768
0.232256
0.0790001
0.147997
0.116134
0.0810756
0.1876
0.244715
0.142546
0.0776516
0.0880083
0.0618385
0.234621
0.1428
0.13441
0.137627
0.164735
0.0719341
0.16104
0.14354
0.155346
0.132799
0.0475602
0.220936
0.0934356
0.175196
0.154686
0.116161
0.165749
0.2724
0.210468
0.127195
0.0955079
0.13709
0.118101
0.112798
0.177206
0.161382
0.135879
0.101209
0.104757
0.204416
0.188789
0.104533
0.112038
0.0913829
0.105562
0.135
0.0792077
0.0735216
0.108298
0.0914045
0.132535