0.220541
0.210061
0.188282
0.202476
0.142256
0.290807
0.16103
0.193303
0.171743
0.179765
0.164595
0.0934786
0.237158
0.12191
0.128595
0.242806
0.158027
0.197404
0.120541
0.223099
0.209071
0.112265
0.152577
0.235487
0.104936
0.178188
0.23573
0.0880085
0.0820515
0.217572
0.110653
0.201322
0.173478
0.177951
0.0482249
0.264249
0.102459
0.257419
0.126441
0.139166
0.20208
0.102726
0.125527
0.115172
0.210178
0.101254
0.148057
0.114627
0.146064
0.152967
0.130154
0.0898398
0.202321
0.188844
0.0639728
0.0800683
0.0837348
0.0574608
0.124652
0.118355
0.16442
0.0574949
0.102615
0.115152
0.118465
0.0783351
0.187279
0.110811
0.0810971
0.115686
0.110289
0.204112
0.135024
0.12649
0.100511
0.211271
0.138384
0.0895278
0.142728
0.115963
0.129322
0.135835
0.141496
0.138005
0.067975
0.100963
0.100112
0.0817814
0.238761
0.204334
0.183079
0.148771
0.245877
0.218829
0.123399
0.150709
0.264086
0.0947645
0.117562
0.185497