0.154298
0.0708231
0.128035
0.101888
0.124203
0.134565
0.119394
0.137304
0.210597
0.138506
0.194048
0.167707
0.0770765
0.208161
0.151212
0.150201
0.208183
0.117583
0.130355
0.235258
0.201335
0.249639
0.179316
0.0588939
0.158022
0.109375
0.102593
0.154529
0.10827
0.147599
0.195244
0.28133
0.0882298
0.185629
0.102343
0.122517
0.174395
0.290862
0.218265
0.129212
0.182019
0.158627
0.0905381
0.14833
0.101539
0.129328
0.184264
0.104528
0.121692
0.146413
0.126433
0.108343
0.2219
0.337017
0.0896023
0.144182
0.131887
0.164831
0.29905
0.198875
0.137713
0.140785
0.131488
0.195713
0.141614
0.180358
0.170712
0.215013
0.083091
0.208497
0.110703
0.224539
0.0577029
0.227725
0.156721
0.0952281
0.077548
0.115674
0.105874
0.17045
0.170821
0.0979249
0.246156
0.105168
0.216194
0.127659
0.0906605
0.093435
0.0769247
0.0779311
0.206201
0.0910186
0.126465
0.140007
0.157265
0.22337
0.134397
0.0795245
0.0919384
0.0933942