0.0798916
0.2479
0.212841
0.0559799
0.232083
0.115601
0.104211
0.158249
0.0978779
0.174762
0.0940828
0.171166
0.101541
0.139471
0.081656
0.327649
0.309086
0.234723
0.129936
0.126598
0.212797
0.331244
0.097271
0.366721
0.161486
0.0997809
0.223156
0.178586
0.09497
0.195868
0.103431
0.141585
0.0417244
0.165317
0.130822
0.06998
0.0773161
0.226359
0.116824
0.116282
0.147033
0.0941395
0.359587
0.21185
0.153543
0.165053
0.15042
0.263748
0.235722
0.105047
0.106882
0.0994604
0.125385
0.141269
0.147974
0.158801
0.134242
0.180591
0.115465
0.136899
0.150211
0.111002
0.184643
0.135246
0.18091
0.208612
0.16493
0.143034
0.122419
0.220396
0.0621058
0.175338
0.0897214
0.280952
0.119241
0.138451
0.125252
0.136689
0.135841
0.0989299
0.120719
0.139981
0.171836
0.148777
0.199207
0.100695
0.150056
0.124892
0.0562533
0.0529884
0.150133
0.0645333
0.0583182
0.125625
0.155471
0.0927136
0.104742
0.190145
0.0760486
0.153003