0.0979172
0.147673
0.0915036
0.0932726
0.0820487
0.204187
0.133081
0.0690735
0.122073
0.117727
0.172104
0.246207
0.138483
0.175232
0.223229
0.217302
0.151654
0.195133
0.198132
0.316443
0.261024
0.223262
0.105247
0.134116
0.0896579
0.130077
0.0797319
0.244223
0.174209
0.173011
0.0968087
0.121112
0.222588
0.121892
0.0812602
0.127091
0.0994267
0.155635
0.0863682
0.238187
0.19693
0.191367
0.179822
0.163724
0.102235
0.107222
0.170702
0.0895113
0.0971911
0.0934037
0.122982
0.177026
0.131532
0.129277
0.107067
0.205241
0.121517
0.231171
0.170447
0.154008
0.0946048
0.146154
0.164429
0.15373
0.241625
0.134238
0.102984
0.153237
0.169259
0.179411
0.0703423
0.214856
0.0697041
0.218777
0.115559
0.150608
0.106629
0.141669
0.133968
0.0992641
0.187466
0.165033
0.129741
0.116798
0.0932587
0.211091
0.255633
0.219846
0.127589
0.12242
0.122866
0.110236
0.128995
0.0836011
0.162458
0.141761
0.191516
0.213033
0.133083
0.122747