0.184393
0.289219
0.190173
0.0885967
0.126822
0.205529
0.207051
0.159512
0.352827
0.261886
0.243457
0.142467
0.35003
0.183777
0.131062
0.31851
0.102951
0.0547109
0.136155
0.244106
0.0781026
0.160461
0.16038
0.114325
0.191451
0.178778
0.173267
0.189873
0.223085
0.236187
0.311585
0.140007
0.217925
0.164225
0.118888
0.132809
0.155804
0.103003
0.0768507
0.110903
0.151612
0.133028
0.129828
0.121512
0.17983
0.310078
0.0572796
0.0503547
0.0967094
0.179446
0.103568
0.31206
0.0941789
0.0740735
0.143025
0.0989178
0.0464843
0.0971214
0.101098
0.104854
0.0982405
0.0831199
0.0762655
0.152255
0.127764
0.277945
0.183926
0.231877
0.212926
0.141228
0.119489
0.0628348
0.124765
0.199794
0.0723603
0.15223
0.129101
0.0982338
0.0845128
0.175883
0.0588534
0.101012
0.115067
0.107904
0.0795687
0.182723
0.0614758
0.13679
0.112358
0.175599
0.233328
0.0461112
0.0791283
0.154796
0.192725
0.0824416
0.0957256
0.135946
0.148883
0.0986112