0.0932601
0.146948
0.111039
0.190103
0.179348
0.138075
0.176446
0.201424
0.130237
0.155351
0.207341
0.167464
0.117755
0.171003
0.0905629
0.273539
0.177362
0.120439
0.142356
0.128971
0.228516
0.209639
0.196526
0.118572
0.146747
0.34707
0.169458
0.121967
0.157306
0.234482
0.0891352
0.0988439
0.164305
0.132419
0.199826
0.153056
0.183409
0.156044
0.115253
0.24562
0.203691
0.105887
0.125728
0.0991614
0.124522
0.125049
0.160295
0.220242
0.136908
0.217444
0.125687
0.182651
0.163067
0.13578
0.199909
0.176053
0.104204
0.215646
0.158252
0.107769
0.172897
0.126479
0.0522561
0.255035
0.0704946
0.0831961
0.126569
0.158289
0.0977118
0.19263
0.1127
0.138017
0.15201
0.0641821
0.127846
0.174421
0.117433
0.104394
0.101373
0.132945
0.130959
0.0515563
0.159332
0.15008
0.185604
0.108091
0.162667
0.135983
0.192446
0.169397
0.0689224
0.248332
0.194468
0.0623506
0.171257
0.145631
0.0988011
0.0780394
0.15402
0.0960225