0.0678165
0.184233
0.101176
0.0908601
0.130533
0.1657
0.0915937
0.0831141
0.112535
0.111878
0.160839
0.114435
0.223534
0.215769
0.0861822
0.378759
0.204
0.125293
0.0940827
0.176674
0.132287
0.149627
0.147089
0.098138
0.283262
0.0799567
0.109583
0.103722
0.0946776
0.19944
0.131367
0.293698
0.25499
0.162926
0.28368
0.121981
0.143035
0.17183
0.2014
0.21298
0.229344
0.322124
0.14626
0.243804
0.0790012
0.295078
0.208066
0.145071
0.216403
0.254632
0.21943
0.179683
0.308861
0.144017
0.125904
0.0713393
0.159916
0.267077
0.138712
0.0977039
0.165876
0.0924856
0.102992
0.135232
0.105423
0.0928931
0.0747959
0.0657529
0.204814
0.128916
0.0832957
0.0662281
0.102006
0.0812077
0.270878
0.0745037
0.072605
0.111343
0.193174
0.0515173
0.160501
0.0761473
0.137488
0.0524841
0.0714432
0.0878022
0.159929
0.0725868
0.107699
0.111427
0.0513492
0.113803
0.146458
0.22136
0.214634
0.144537
0.171796
0.125682
0.12028
0.229549