0.0865772
0.185009
0.0762119
0.0871971
0.141853
0.25893
0.0997972
0.160386
0.195779
0.186857
0.104149
0.159424
0.167088
0.299072
0.201376
0.129111
0.147054
0.249953
0.177013
0.201549
0.136155
0.33954
0.202226
0.133391
0.169964
0.233731
0.19252
0.0912
0.10397
0.148906
0.191964
0.206416
0.179908
0.155563
0.0855495
0.125163
0.302245
0.276062
0.0821158
0.25523
0.116359
0.259457
0.106824
0.206696
0.0997205
0.182799
0.0770937
0.125192
0.143342
0.136742
0.168863
0.117404
0.0664
0.0626884
0.129251
0.260165
0.158515
0.112285
0.167794
0.0645009
0.186381
0.0725906
0.13695
0.170271
0.204982
0.245698
0.110396
0.104941
0.0916073
0.24723
0.0869651
0.2501
0.178861
0.0922894
0.0872541
0.0420453
0.0712479
0.168757
0.102788
0.166462
0.0913372
0.108692
0.119527
0.171021
0.108031
0.0561449
0.0867687
0.0801212
0.0976321
0.0746861
0.0941929
0.191693
0.164124
0.288556
0.147626
0.111099
0.077519
0.149621
0.145473
0.13002