0.0443017
0.10065
0.145431
0.249702
0.121728
0.338361
0.181084
0.174326
0.162527
0.172483
0.168249
0.220224
0.287329
0.0929314
0.158626
0.103838
0.228654
0.168985
0.104576
0.20209
0.189873
0.0963821
0.151099
0.098687
0.145664
0.129187
0.203521
0.243992
0.120678
0.201494
0.159721
0.170089
0.193955
0.148856
0.249167
0.0902374
0.159501
0.157181
0.118179
0.195531
0.0804311
0.105326
0.231469
0.145313
0.120777
0.169637
0.133219
0.222214
0.103515
0.181684
0.176826
0.120589
0.182099
0.1122
0.134652
0.149396
0.136683
0.153089
0.135936
0.163104
0.144041
0.107398
0.144413
0.202332
0.127687
0.105101
0.137405
0.0640159
0.162407
0.134332
0.126966
0.251982
0.0687563
0.097104
0.162522
0.110774
0.173725
0.196071
0.0958395
0.115216
0.136221
0.0911275
0.18239
0.129608
0.142626
0.151722
0.127708
0.132431
0.0715854
0.0979646
0.0747563
0.130391
0.252084
0.0891567
0.111332
0.178612
0.149242
0.118493
0.182636
0.114577