0.150365
0.0974209
0.103655
0.150894
0.163559
0.092804
0.227445
0.145086
0.189107
0.244071
0.0729355
0.207224
0.251126
0.101501
0.249846
0.0721437
0.267547
0.300475
0.14889
0.212605
0.0970444
0.139819
0.158188
0.147163
0.193342
0.2053
0.134485
0.148828
0.234899
0.145808
0.164474
0.164844
0.321736
0.0776986
0.104042
0.0924254
0.243654
0.123701
0.129069
0.0625453
0.0703871
0.158032
0.0652435
0.105338
0.106304
0.107741
0.18049
0.0693001
0.125924
0.113089
0.170406
0.132428
0.0958665
0.140572
0.0640807
0.132286
0.263496
0.157753
0.0855293
0.1549
0.166009
0.114671
0.101824
0.164125
0.177001
0.192804
0.19795
0.21561
0.135396
0.137234
0.0706486
0.123091
0.187086
0.122386
0.204181
0.0520838
0.125946
0.163954
0.14797
0.0999899
0.102395
0.127149
0.0920206
0.110034
0.220928
0.0969648
0.22782
0.148121
0.114526
0.143634
0.155659
0.0651355
0.195207
0.0712443
0.120978
0.148255
0.272391
0.181146
0.177755
0.291745