0.0920689
0.139131
0.253453
0.174019
0.122347
0.165839
0.148654
0.119632
0.107144
0.199293
0.127624
0.146777
0.144999
0.235217
0.156093
0.187529
0.236825
0.173353
0.241648
0.129188
0.173371
0.204865
0.214084
0.195456
0.123099
0.140647
0.16762
0.146609
0.115369
0.165694
0.1554
0.135769
0.152437
0.0813358
0.0704608
0.111369
0.0603249
0.177592
0.124278
0.0559898
0.0908598
0.14543
0.120124
0.128078
0.121771
0.0728803
0.139118
0.186316
0.105137
0.143849
0.287538
0.188851
0.12726
0.172953
0.136204
0.123542
0.15138
0.105461
0.137773
0.096277
0.181627
0.191072
0.185864
0.157894
0.301244
0.0593157
0.118901
0.0811795
0.148775
0.192453
0.107606
0.126284
0.0591678
0.139185
0.176461
0.0805349
0.186961
0.179148
0.142652
0.294372
0.33826
0.0783842
0.11285
0.195157
0.223377
0.203583
0.120202
0.112988
0.0908756
0.0703435
0.169418
0.158266
0.13664
0.207369
0.104564
0.124895
0.197222
0.130778
0.0962449
0.164483