0.114171
0.132331
0.143578
0.313595
0.159403
0.12046
0.169449
0.185362
0.131674
0.0768078
0.124401
0.109556
0.0752581
0.166773
0.262813
0.102735
0.163846
0.163259
0.119337
0.191404
0.141829
0.183311
0.121375
0.206485
0.423094
0.154416
0.157355
0.138325
0.168122
0.229587
0.134501
0.136952
0.217764
0.089394
0.127148
0.0735464
0.170768
0.185518
0.111182
0.0849633
0.145766
0.131603
0.219073
0.490058
0.190082
0.215673
0.219308
0.167933
0.123318
0.0605241
0.130291
0.14705
0.0992152
0.0942607
0.117249
0.10202
0.123757
0.0877947
0.0886871
0.105138
0.1403
0.142367
0.131294
0.142446
0.14454
0.0994177
0.133142
0.10461
0.11989
0.10285
0.158323
0.195286
0.115872
0.0624247
0.149198
0.158223
0.122484
0.151635
0.0897818
0.197762
0.0915841
0.100333
0.154822
0.178774
0.114152
0.243365
0.145492
0.243847
0.120674
0.181234
0.0760666
0.118178
0.0746209
0.1097
0.126208
0.190175
0.15813
0.1917
0.176362
0.202085