0.210743
0.163537
0.102165
0.0994965
0.0448195
0.147319
0.118021
0.123634
0.233062
0.0565261
0.112224
0.0667272
0.127195
0.167781
0.198454
0.083941
0.157055
0.233929
0.23948
0.169093
0.161021
0.168089
0.156269
0.178015
0.275927
0.20054
0.138699
0.231096
0.134758
0.113768
0.0982256
0.118521
0.154899
0.198017
0.0646185
0.101385
0.134091
0.207852
0.178984
0.171262
0.143415
0.128112
0.0811827
0.0755751
0.187373
0.121755
0.0845112
0.0899662
0.139443
0.116764
0.154396
0.0882861
0.114031
0.153787
0.207615
0.101728
0.177267
0.110155
0.108468
0.12337
0.238161
0.174772
0.114751
0.102049
0.253418
0.155001
0.129664
0.175845
0.177607
0.137843
0.212099
0.152426
0.140587
0.115542
0.150365
0.118695
0.110064
0.258753
0.121034
0.24126
0.0956903
0.186069
0.270146
0.0872549
0.278779
0.149991
0.0963558
0.0815218
0.0653932
0.126904
0.270743
0.228584
0.156513
0.115952
0.116378
0.266982
0.0779903
0.111613
0.190761
0.198007