0.206949
0.144751
0.15082
0.0674418
0.150171
0.11083
0.127696
0.0509279
0.126391
0.146959
0.12506
0.115331
0.168537
0.089418
0.170093
0.169474
0.112417
0.189581
0.241742
0.231085
0.175587
0.102585
0.243784
0.0890216
0.262215
0.111199
0.116514
0.120101
0.112515
0.176577
0.175165
0.122296
0.165968
0.105808
0.199352
0.0851715
0.085564
0.229969
0.156431
0.0505472
0.199253
0.171978
0.194273
0.168435
0.213514
0.190931
0.131955
0.249394
0.180562
0.160185
0.157917
0.347392
0.0537913
0.207696
0.169859
0.260185
0.0767148
0.133421
0.130082
0.122835
0.127633
0.160846
0.0509707
0.253002
0.165385
0.150588
0.117582
0.1038
0.14083
0.15177
0.110203
0.104851
0.178059
0.0877797
0.080572
0.155577
0.143916
0.25142
0.078246
0.234847
0.166144
0.164969
0.0865532
0.217599
0.103725
0.131565
0.14428
0.0867949
0.122037
0.167794
0.128849
0.081915
0.220168
0.0964621
0.295805
0.105381
0.139937
0.114511
0.109612
0.165598