0.138708
0.295878
0.169977
0.226379
0.187696
0.0953458
0.107628
0.238677
0.176681
0.126588
0.13295
0.122977
0.1149
0.173223
0.068233
0.148975
0.11204
0.187193
0.109169
0.278076
0.154269
0.16114
0.229449
0.139521
0.165317
0.190443
0.119897
0.0651856
0.141566
0.0664745
0.128049
0.115683
0.284029
0.147856
0.146177
0.102903
0.0873742
0.0981934
0.0661164
0.216889
0.105199
0.233468
0.115656
0.102809
0.287822
0.0989916
0.0900106
0.102099
0.249327
0.154536
0.13158
0.239955
0.12555
0.0542833
0.163887
0.178378
0.176515
0.0652398
0.206101
0.0969588
0.133553
0.189173
0.111887
0.071781
0.210358
0.105062
0.101775
0.221312
0.112248
0.101539
0.139229
0.171469
0.0687582
0.132481
0.135433
0.0737203
0.117526
0.172397
0.207961
0.17919
0.185128
0.166585
0.182096
0.236563
0.12725
0.167534
0.136232
0.148608
0.1265
0.104283
0.208731
0.158138
0.234285
0.106095
0.187525
0.161173
0.164112
0.137473
0.165028
0.123621