0.153488
0.102735
0.0913973
0.0977622
0.171926
0.117001
0.267315
0.102595
0.135084
0.0785729
0.0958811
0.229488
0.165549
0.150301
0.127156
0.159859
0.137303
0.1169
0.140364
0.216911
0.0938606
0.169229
0.15456
0.102367
0.204312
0.0982394
0.152134
0.108498
0.186016
0.0713482
0.131277
0.173591
0.105783
0.251484
0.13434
0.177095
0.226139
0.16745
0.1412
0.0693985
0.1525
0.245075
0.139718
0.145429
0.104446
0.265195
0.264097
0.202474
0.062192
0.15608
0.281791
0.13497
0.146402
0.242579
0.159969
0.167616
0.188207
0.19505
0.152674
0.139301
0.121744
0.411494
0.0914866
0.0924283
0.142836
0.112173
0.0751529
0.200468
0.149575
0.184849
0.247646
0.173433
0.17991
0.148559
0.104651
0.136405
0.192959
0.106985
0.116693
0.102117
0.252585
0.132178
0.0913282
0.225026
0.0721347
0.140412
0.0823495
0.341049
0.128673
0.0890008
0.0943681
0.153984
0.0777725
0.176205
0.137947
0.0695248
0.104947
0.0830463
0.0859774
0.0482465