0.0838601
0.172973
0.0447852
0.116966
0.100936
0.224611
0.136682
0.159908
0.0900617
0.160198
0.112461
0.148005
0.165824
0.143956
0.158583
0.132538
0.182349
0.183323
0.198505
0.23666
0.318022
0.349348
0.167447
0.235853
0.214527
0.225692
0.207261
0.165165
0.185899
0.183522
0.170227
0.158141
0.0949747
0.175613
0.088616
0.198556
0.171035
0.0880816
0.156572
0.140573
0.157034
0.157431
0.172264
0.202278
0.131348
0.159332
0.124625
0.158265
0.143745
0.182136
0.172656
0.199345
0.0786053
0.0908423
0.10648
0.0923878
0.109196
0.229212
0.083246
0.0836138
0.10103
0.0632668
0.137556
0.0516646
0.148612
0.203818
0.170101
0.116442
0.14299
0.192629
0.128687
0.080169
0.168729
0.206199
0.131398
0.176458
0.0811937
0.150767
0.148233
0.227197
0.187933
0.202382
0.172881
0.106537
0.103293
0.120686
0.13742
0.144977
0.127606
0.0860314
0.118811
0.227115
0.116122
0.109926
0.128155
0.142449
0.0917609
0.142915
0.128715
0.0947921