0.0796776
0.145765
0.0665303
0.15686
0.0910282
0.0800339
0.124781
0.100227
0.112416
0.215217
0.102793
0.252337
0.22367
0.097987
0.199311
0.143626
0.209778
0.138911
0.180586
0.238176
0.109494
0.196374
0.0527495
0.209909
0.052624
0.115592
0.211155
0.161793
0.241414
0.202652
0.170152
0.15094
0.114507
0.11097
0.110015
0.161463
0.175495
0.203199
0.157027
0.203071
0.321451
0.126513
0.128615
0.105051
0.0698546
0.163055
0.208602
0.0750363
0.162646
0.164333
0.217425
0.0791611
0.0957749
0.128016
0.114764
0.151614
0.244017
0.107913
0.0688207
0.172135
0.132568
0.133411
0.0871434
0.130481
0.107157
0.180371
0.174059
0.206099
0.134455
0.121612
0.170626
0.203346
0.141047
0.184038
0.171948
0.109541
0.172229
0.185567
0.171925
0.131097
0.23252
0.0729006
0.173288
0.191034
0.0592712
0.183862
0.129983
0.123536
0.107498
0.062651
0.178889
0.147462
0.158113
0.16944
0.136128
0.141924
0.208593
0.0706314
0.148982
0.27947