0.0788105
0.165224
0.10251
0.105555
0.17362
0.218862
0.269271
0.140698
0.196461
0.103946
0.278104
0.135544
0.183603
0.113442
0.234052
0.17689
0.157768
0.200526
0.162157
0.149045
0.18725
0.156399
0.158668
0.210262
0.136005
0.141879
0.150649
0.155946
0.0859832
0.145424
0.168035
0.118355
0.184914
0.177508
0.160931
0.12672
0.279671
0.113574
0.0464841
0.151989
0.212523
0.175091
0.15913
0.122802
0.146891
0.113428
0.0960585
0.165222
0.129141
0.15713
0.113917
0.144854
0.123846
0.0917003
0.0990946
0.0970563
0.0817576
0.0619644
0.132851
0.113343
0.148727
0.112538
0.0624941
0.0716455
0.0954331
0.218151
0.169275
0.180263
0.24282
0.198812
0.106973
0.129875
0.150626
0.132376
0.156087
0.252025
0.266741
0.0878953
0.150168
0.192884
0.104838
0.180272
0.0580277
0.232209
0.139525
0.250099
0.222445
0.153263
0.111606
0.170509
0.179826
0.171036
0.0848988
0.174211
0.22749
0.0788232
0.0625247
0.143909
0.0957329
0.0924049