0.18802
0.167162
0.144841
0.144101
0.0985632
0.122223
0.156155
0.143489
0.0860933
0.138684
0.184292
0.172752
0.120991
0.07269
0.179152
0.112794
0.244649
0.0827379
0.108677
0.146492
0.213002
0.16306
0.255461
0.19218
0.115384
0.113962
0.179412
0.175584
0.286191
0.149657
0.147579
0.141447
0.149311
0.13782
0.12998
0.18836
0.113091
0.130652
0.120441
0.119369
0.118736
0.152383
0.0989869
0.155479
0.196137
0.168599
0.104075
0.189053
0.148675
0.0945766
0.173789
0.184353
0.0988044
0.193025
0.178329
0.137164
0.190811
0.169915
0.162401
0.216311
0.0901786
0.177422
0.155142
0.120172
0.162779
0.158072
0.152891
0.161625
0.0574673
0.147653
0.182368
0.260051
0.101696
0.151488
0.139107
0.163262
0.185938
0.142248
0.158298
0.189842
0.166595
0.0901365
0.130527
0.120202
0.104958
0.23307
0.086928
0.149611
0.155997
0.201933
0.163923
0.0875814
0.160559
0.0918181
0.0839059
0.113726
0.233817
0.172335
0.0862774
0.140291