0.159322
0.103956
0.103138
0.146339
0.0922778
0.0690445
0.109676
0.0399286
0.149039
0.0403866
0.0669959
0.156486
0.133971
0.167088
0.121775
0.104678
0.134756
0.129235
0.214929
0.327359
0.147186
0.0983044
0.220825
0.135971
0.185752
0.187516
0.323745
0.303032
0.20464
0.170851
0.166844
0.160763
0.104284
0.125343
0.0880118
0.120072
0.156635
0.0940113
0.071743
0.292721
0.110419
0.0762914
0.173157
0.0772028
0.158687
0.10976
0.107704
0.132265
0.229236
0.237937
0.200135
0.194014
0.0589784
0.198378
0.200676
0.218495
0.139684
0.215239
0.0859864
0.0767589
0.183551
0.136615
0.169771
0.0685287
0.189107
0.169822
0.0460695
0.211872
0.0932471
0.090669
0.115529
0.114967
0.154744
0.0605745
0.0917786
0.15527
0.199648
0.207413
0.227161
0.129433
0.138503
0.257811
0.281489
0.386222
0.156646
0.143015
0.231923
0.16644
0.135256
0.0728603
0.0941146
0.119299
0.0960023
0.114976
0.310006
0.185598
0.10639
0.0828246
0.0585458
0.116673