0.141294
0.133212
0.131096
0.211487
0.238619
0.18889
0.148947
0.183019
0.160411
0.103346
0.108079
0.291092
0.162835
0.172207
0.215041
0.133576
0.131875
0.107148
0.162583
0.22272
0.220434
0.310051
0.118068
0.15127
0.107091
0.0671497
0.15952
0.0984966
0.271914
0.0982258
0.323982
0.119253
0.0967329
0.138861
0.096375
0.114635
0.174959
0.106318
0.138722
0.106079
0.137953
0.102618
0.127649
0.0632725
0.0698303
0.256338
0.145745
0.126283
0.167831
0.0841928
0.163526
0.144672
0.154976
0.134582
0.188309
0.205362
0.248207
0.236739
0.208665
0.323067
0.149548
0.164576
0.168774
0.0529566
0.148117
0.081128
0.104872
0.113828
0.0940481
0.15132
0.0976813
0.107056
0.232135
0.117465
0.0894016
0.157869
0.0884817
0.13965
0.18998
0.222938
0.123878
0.157532
0.169061
0.202866
0.108098
0.115647
0.193794
0.144642
0.0823096
0.181174
0.10606
0.157204
0.194271
0.0739029
0.167461
0.0752989
0.10443
0.0688742
0.163003
0.0832366