0.133625
0.184398
0.217131
0.100013
0.136973
0.214655
0.10512
0.19151
0.182725
0.200514
0.135486
0.113992
0.151165
0.290894
0.186236
0.222235
0.116721
0.209697
0.174906
0.196694
0.272358
0.1447
0.250178
0.293405
0.164709
0.167759
0.151052
0.179119
0.151315
0.112422
0.181287
0.0775738
0.0741292
0.100611
0.0982946
0.0747028
0.141875
0.138242
0.161692
0.0863114
0.0782871
0.0806712
0.110064
0.124484
0.092119
0.107154
0.0590379
0.0827613
0.104397
0.160256
0.0996407
0.0748826
0.0872584
0.106369
0.172244
0.0750504
0.151146
0.196549
0.0347599
0.315211
0.0888008
0.0988349
0.0497358
0.111519
0.197815
0.12525
0.133302
0.105176
0.287617
0.210226
0.122613
0.317947
0.233754
0.214497
0.14672
0.124739
0.12037
0.156221
0.147583
0.0805159
0.176733
0.150196
0.0953866
0.225059
0.103777
0.106436
0.220595
0.164725
0.247908
0.130308
0.279479
0.0576391
0.198994
0.243451
0.15605
0.09102
0.181069
0.112303
0.0716189
0.11525