0.108652
0.141733
0.122138
0.114276
0.0666018
0.152053
0.133498
0.116344
0.0582801
0.140604
0.0896766
0.115345
0.195299
0.120873
0.157127
0.120732
0.11652
0.171058
0.122931
0.135361
0.174212
0.20977
0.187092
0.295415
0.134317
0.20503
0.276481
0.0800558
0.137804
0.0635254
0.160208
0.187114
0.129822
0.162638
0.148811
0.0854839
0.102506
0.129274
0.14675
0.107069
0.200309
0.11747
0.105283
0.191487
0.266834
0.132101
0.149342
0.134595
0.1116
0.0629246
0.176533
0.145386
0.325358
0.215062
0.283842
0.194622
0.254806
0.221847
0.118071
0.0695924
0.220444
0.126148
0.216059
0.196503
0.113328
0.155727
0.100071
0.157105
0.229026
0.103299
0.147442
0.101326
0.111761
0.0748692
0.234685
0.131537
0.0853553
0.109122
0.198965
0.140127
0.0856499
0.251874
0.200161
0.236661
0.133287
0.173067
0.141431
0.129643
0.204532
0.124282
0.148476
0.137347
0.196263
0.180889
0.0759136
0.0685744
0.118883
0.124959
0.133284
0.0823811