0.0935127
0.0880977
0.153713
0.101666
0.116721
0.126701
0.138316
0.281311
0.110036
0.164874
0.225397
0.141127
0.20769
0.181347
0.137223
0.113842
0.127336
0.124642
0.117756
0.152403
0.150842
0.154353
0.107938
0.105258
0.320207
0.287343
0.213451
0.155344
0.17207
0.0519815
0.173305
0.161082
0.219597
0.114998
0.102955
0.149024
0.139821
0.129919
0.112008
0.0572752
0.212738
0.167467
0.158905
0.213672
0.203048
0.169865
0.136535
0.168968
0.128374
0.171357
0.0919806
0.135643
0.317756
0.139604
0.117867
0.279753
0.11467
0.24344
0.196634
0.094094
0.113132
0.162978
0.152351
0.194662
0.14634
0.147946
0.121726
0.0895266
0.078767
0.157842
0.133545
0.111116
0.177209
0.108055
0.061337
0.144018
0.115492
0.132292
0.0737374
0.257755
0.165402
0.151195
0.117142
0.0444862
0.121882
0.158777
0.194246
0.159503
0.248671
0.180335
0.210129
0.0614478
0.0984036
0.112928
0.233876
0.152486
0.0747754
0.141397
0.137542
0.11069