0.115243
0.129361
0.227621
0.12693
0.146574
0.242355
0.190016
0.228034
0.112338
0.111893
0.0825907
0.144098
0.183501
0.0966156
0.0882347
0.180496
0.0917515
0.121647
0.20573
0.0840891
0.179959
0.23657
0.182061
0.163247
0.168427
0.143699
0.108936
0.21156
0.24208
0.244302
0.19681
0.238662
0.164579
0.143189
0.214792
0.291263
0.286039
0.162655
0.190446
0.116292
0.138716
0.285416
0.0872077
0.160767
0.141092
0.189598
0.104684
0.0842814
0.0903064
0.178839
0.227418
0.0774164
0.0862299
0.104925
0.203151
0.194491
0.101592
0.149526
0.128686
0.134688
0.140433
0.0857381
0.0978099
0.144654
0.163547
0.093992
0.129043
0.27776
0.166572
0.313195
0.11109
0.135198
0.19115
0.0795901
0.181434
0.154502
0.148027
0.127786
0.152602
0.0735839
0.18955
0.0750318
0.250832
0.147634
0.133683
0.141184
0.0976474
0.151778
0.134
0.0587418
0.0536255
0.112919
0.121964
0.113864
0.154628
0.0831318
0.0513076
0.125681
0.092602
0.0787685