0.20603
0.125911
0.125622
0.145234
0.107054
0.0707371
0.115433
0.202514
0.18003
0.090837
0.147787
0.156107
0.183844
0.116717
0.0701551
0.130834
0.154969
0.204859
0.214703
0.116229
0.128207
0.159848
0.214835
0.0775243
0.214623
0.185745
0.160186
0.251141
0.100054
0.136822
0.107813
0.229855
0.244712
0.138142
0.112438
0.145963
0.107757
0.0870865
0.160427
0.178173
0.121154
0.0987243
0.22198
0.156891
0.153756
0.188547
0.11729
0.140376
0.171259
0.113422
0.120927
0.187381
0.157593
0.173986
0.148086
0.136703
0.229069
0.181191
0.129847
0.153901
0.121372
0.189811
0.239198
0.191203
0.0955861
0.226367
0.15832
0.209491
0.100636
0.1683
0.087543
0.137781
0.108978
0.181774
0.178712
0.188764
0.162352
0.100775
0.0848144
0.130278
0.210351
0.175321
0.193709
0.220111
0.139986
0.128318
0.115258
0.0910945
0.209207
0.0634741
0.172651
0.0842877
0.216804
0.0790253
0.174343
0.112994
0.190314
0.0906646
0.0863428
0.0746445