0.11279
0.198978
0.254179
0.0873726
0.113611
0.10852
0.177267
0.13658
0.0978716
0.182603
0.201653
0.127953
0.218542
0.16702
0.0949556
0.176833
0.311392
0.157517
0.164986
0.208949
0.139473
0.24265
0.120429
0.141879
0.141755
0.196282
0.172178
0.173487
0.348572
0.123335
0.302238
0.0922591
0.121486
0.230925
0.132367
0.204798
0.123678
0.333684
0.11496
0.0876025
0.136275
0.121904
0.109019
0.133136
0.138902
0.166851
0.0785799
0.0366332
0.123297
0.132106
0.0828508
0.1086
0.13816
0.172656
0.110586
0.165322
0.154514
0.147844
0.204067
0.097776
0.227474
0.0721461
0.0691434
0.106747
0.170421
0.200349
0.22447
0.0645857
0.172045
0.11041
0.151789
0.081385
0.194567
0.12949
0.17272
0.147319
0.174576
0.0866992
0.213199
0.113996
0.240557
0.11234
0.0513539
0.122486
0.189963
0.0954239
0.130851
0.251859
0.138582
0.119238
0.125965
0.147021
0.139737
0.163302
0.0946398
0.105557
0.158246
0.117175
0.112309
0.0971766