0.189928
0.104911
0.0778047
0.127033
0.132
0.160113
0.152256
0.134211
0.15379
0.180294
0.112822
0.188883
0.130015
0.121912
0.140774
0.1927
0.126737
0.172486
0.212449
0.268721
0.19702
0.108129
0.261094
0.186194
0.252392
0.176703
0.192503
0.166778
0.160271
0.210821
0.0879564
0.194157
0.0790788
0.222498
0.129832
0.169363
0.125333
0.101901
0.0968868
0.210255
0.263944
0.171857
0.12085
0.191901
0.136639
0.130219
0.0690452
0.0584614
0.110383
0.0779027
0.101855
0.120668
0.174315
0.179196
0.165792
0.178115
0.0779155
0.124481
0.145593
0.0586192
0.122961
0.150418
0.218962
0.0416934
0.0479237
0.191801
0.102166
0.12254
0.0911704
0.194994
0.128893
0.1137
0.22812
0.157249
0.103943
0.140487
0.190743
0.0842645
0.248418
0.11172
0.203337
0.215315
0.156304
0.134848
0.12272
0.237007
0.079328
0.139935
0.30603
0.0844331
0.117146
0.106316
0.0848358
0.204573
0.239278
0.16516
0.1101
0.113408
0.0938097
0.227193