0.30899
0.0759166
0.196197
0.126182
0.121785
0.122204
0.151904
0.0516814
0.195181
0.114508
0.199057
0.136489
0.165206
0.0796152
0.16738
0.199932
0.280621
0.221015
0.166417
0.0852194
0.131959
0.184084
0.159385
0.319358
0.19692
0.199034
0.202577
0.130022
0.0957826
0.243412
0.148929
0.200487
0.157415
0.0809518
0.100029
0.137233
0.165722
0.133151
0.323874
0.225006
0.094391
0.1489
0.157254
0.277469
0.220501
0.112782
0.090385
0.060361
0.166797
0.192269
0.0727822
0.121515
0.169915
0.186442
0.153099
0.250984
0.168485
0.114797
0.162708
0.119791
0.0993493
0.154687
0.0935515
0.158393
0.116313
0.103366
0.109501
0.168718
0.129357
0.0843934
0.110104
0.115164
0.0955803
0.184011
0.069839
0.218939
0.0944267
0.10896
0.110096
0.139068
0.124737
0.142373
0.104323
0.10327
0.105752
0.121691
0.179206
0.0960766
0.14912
0.154386
0.194497
0.309856
0.150377
0.156433
0.0794267
0.1488
0.102794
0.0851899
0.189811
0.0956065