0.100852
0.197549
0.148893
0.145082
0.154962
0.157269
0.127046
0.109918
0.163675
0.137522
0.0758411
0.132842
0.104164
0.225961
0.299622
0.104974
0.216041
0.347719
0.281695
0.371977
0.213033
0.373612
0.167297
0.18648
0.107505
0.191082
0.203749
0.1514
0.175234
0.100868
0.268724
0.133409
0.110897
0.123772
0.165504
0.0739652
0.153872
0.0921871
0.132616
0.0930018
0.168207
0.0787991
0.101418
0.115228
0.142138
0.197084
0.0657166
0.134895
0.0915089
0.072453
0.0524927
0.0901085
0.118088
0.119474
0.138389
0.0994513
0.169807
0.0941764
0.0710268
0.128834
0.0968946
0.0716024
0.0989181
0.0872768
0.15564
0.206687
0.126269
0.0687354
0.193587
0.155307
0.0684635
0.115524
0.109802
0.213792
0.235111
0.0924801
0.244146
0.175045
0.122303
0.154221
0.156042
0.191364
0.210364
0.104398
0.199436
0.172777
0.119211
0.23043
0.151917
0.0815612
0.16991
0.132677
0.146677
0.236156
0.160464
0.175835
0.0848024
0.225352
0.110604
0.077108