0.0933272
0.130677
0.0899297
0.187318
0.118222
0.0987305
0.115195
0.117892
0.235569
0.223597
0.113659
0.258151
0.0911648
0.0807827
0.165579
0.106814
0.221486
0.195371
0.111242
0.159753
0.3874
0.170139
0.269809
0.117558
0.149634
0.16444
0.134467
0.0635784
0.215612
0.127965
0.171769
0.12297
0.107037
0.13771
0.219857
0.171494
0.29767
0.10014
0.12967
0.142674
0.109299
0.127447
0.129817
0.147573
0.182631
0.150422
0.140199
0.110113
0.180369
0.232866
0.21421
0.199512
0.0892311
0.125852
0.0785011
0.137425
0.124019
0.104082
0.0842669
0.110538
0.259085
0.189494
0.193299
0.0978636
0.268503
0.248961
0.133659
0.146593
0.102444
0.111206
0.090121
0.118611
0.166391
0.209506
0.158946
0.177847
0.143274
0.127788
0.122582
0.114975
0.135154
0.138303
0.154544
0.0918565
0.0780317
0.129888
0.164873
0.144994
0.0605444
0.219531
0.064214
0.1156
0.148142
0.155858
0.0937195
0.0726162
0.236065
0.145585
0.194869
0.180035