0.141521
0.139282
0.161588
0.206597
0.0700728
0.222261
0.0889792
0.160254
0.0757324
0.0523977
0.138555
0.116613
0.120577
0.146769
0.17575
0.321354
0.110692
0.171815
0.115318
0.235366
0.186591
0.101881
0.256187
0.146422
0.189032
0.103517
0.0857133
0.146032
0.20392
0.21481
0.12945
0.215967
0.0962077
0.131826
0.144642
0.248701
0.111728
0.219431
0.0989403
0.105667
0.154541
0.202425
0.236596
0.219103
0.139802
0.210207
0.146008
0.137708
0.219479
0.166195
0.183205
0.152358
0.232682
0.178105
0.124256
0.122845
0.162102
0.145745
0.117832
0.0958901
0.0828007
0.225465
0.0810654
0.127522
0.0899385
0.128243
0.142087
0.183891
0.0828363
0.164679
0.110672
0.0889675
0.187316
0.12584
0.203322
0.0768038
0.13011
0.19251
0.102232
0.112214
0.103578
0.209101
0.202832
0.19914
0.14602
0.113274
0.174996
0.223107
0.0814513
0.206625
0.145883
0.170592
0.158145
0.146462
0.109168
0.078967
0.0750765
0.108488
0.119754
0.133581