0.0876027
0.101022
0.0989027
0.12315
0.151906
0.096883
0.110248
0.190619
0.088231
0.128364
0.114197
0.12035
0.151786
0.141437
0.084544
0.103812
0.137666
0.12899
0.217724
0.137046
0.192488
0.246342
0.195266
0.0602688
0.0831032
0.176788
0.225709
0.115583
0.245199
0.234474
0.100269
0.114473
0.14386
0.106829
0.148932
0.101761
0.152063
0.181825
0.13534
0.215893
0.169859
0.0993463
0.203037
0.277985
0.154652
0.235389
0.186664
0.162983
0.10004
0.232087
0.217441
0.137757
0.20631
0.118151
0.0939495
0.171697
0.104048
0.108781
0.120165
0.105255
0.0858986
0.193083
0.259419
0.0702083
0.13445
0.180152
0.141088
0.129954
0.0881875
0.0740597
0.169957
0.158022
0.115954
0.109897
0.196131
0.210229
0.189076
0.095934
0.197042
0.252229
0.274844
0.093739
0.140294
0.277043
0.128568
0.163272
0.240291
0.102861
0.129051
0.140114
0.0973149
0.201095
0.21518
0.0769347
0.131822
0.142946
0.185695
0.122468
0.115152
0.0738027