0.123302
0.103125
0.121338
0.0678109
0.122606
0.311844
0.102348
0.110662
0.145588
0.265431
0.126931
0.107034
0.214316
0.234794
0.188211
0.176008
0.252979
0.181204
0.216124
0.150396
0.162319
0.179617
0.142332
0.204917
0.100646
0.137607
0.121154
0.115203
0.0816633
0.181359
0.146734
0.154195
0.126793
0.225645
0.121812
0.124983
0.127815
0.128375
0.123124
0.0765424
0.121124
0.127079
0.36766
0.243157
0.0997736
0.0706558
0.229857
0.230035
0.159585
0.213374
0.0586858
0.156631
0.205899
0.101766
0.135028
0.133752
0.114073
0.124647
0.320521
0.125774
0.131609
0.102937
0.122325
0.114611
0.198699
0.0922526
0.0965546
0.204108
0.101165
0.11347
0.20461
0.173839
0.0935222
0.100444
0.145789
0.1597
0.0752077
0.257143
0.24161
0.182404
0.133281
0.131938
0.149466
0.135793
0.0848389
0.132269
0.128715
0.0866415
0.117411
0.186833
0.217745
0.164601
0.15246
0.138806
0.164311
0.0727031
0.203166
0.0734084
0.041041
0.12861