0.18268
0.138676
0.106574
0.126381
0.130414
0.0779996
0.215711
0.156229
0.136118
0.0893869
0.165518
0.114081
0.22264
0.125203
0.160145
0.0685962
0.187613
0.131689
0.122337
0.114496
0.203216
0.201779
0.149884
0.164218
0.125737
0.232541
0.11968
0.188961
0.224793
0.115982
0.326513
0.13397
0.125289
0.186587
0.0685796
0.199859
0.189398
0.246216
0.22178
0.142713
0.111163
0.142883
0.115447
0.118257
0.166798
0.150213
0.0902416
0.14966
0.126786
0.0998927
0.182219
0.153942
0.160705
0.117578
0.107371
0.109326
0.149765
0.119524
0.225201
0.176628
0.160666
0.116694
0.121444
0.144908
0.0920336
0.181416
0.137661
0.194047
0.129
0.167725
0.191763
0.0904687
0.134986
0.239431
0.069412
0.17605
0.12324
0.0988104
0.21154
0.174007
0.125449
0.146687
0.0949851
0.249655
0.158431
0.13213
0.12816
0.108685
0.127558
0.0902555
0.160652
0.135332
0.107029
0.183282
0.131701
0.188581
0.16272
0.176452
0.174482
0.148684