0.170641
0.0812687
0.187364
0.136501
0.222562
0.225208
0.226609
0.0999917
0.215975
0.148074
0.219034
0.140141
0.147741
0.156599
0.318751
0.204573
0.134993
0.0790097
0.186533
0.165017
0.180513
0.155468
0.164151
0.17724
0.0770519
0.3037
0.126815
0.15455
0.169198
0.092549
0.115065
0.124268
0.183606
0.0977228
0.164248
0.116443
0.156979
0.156226
0.0946136
0.17786
0.117678
0.246571
0.0940959
0.119387
0.132354
0.109971
0.150065
0.0631905
0.186947
0.0945477
0.231546
0.0997057
0.109232
0.126151
0.116134
0.179326
0.187402
0.158199
0.118188
0.148381
0.139946
0.118465
0.111933
0.189404
0.142335
0.0694419
0.106538
0.0978955
0.219077
0.106527
0.158029
0.0857503
0.123002
0.154508
0.123346
0.15521
0.10633
0.0794781
0.253451
0.156238
0.209691
0.0704633
0.196542
0.10846
0.137962
0.155924
0.0848089
0.205348
0.230529
0.159539
0.199931
0.105564
0.186643
0.128363
0.207806
0.107969
0.107125
0.177481
0.119726
0.159296