0.0986114
0.0709507
0.212126
0.231508
0.152545
0.0904631
0.204985
0.163261
0.239074
0.172703
0.16605
0.2837
0.182729
0.165625
0.145011
0.198854
0.162849
0.154011
0.14679
0.267588
0.158268
0.255379
0.220048
0.243779
0.178571
0.12975
0.145763
0.162686
0.134864
0.0701028
0.151761
0.157489
0.205843
0.121678
0.0937142
0.0857401
0.230439
0.199878
0.101638
0.213666
0.207658
0.0997665
0.0800055
0.181506
0.0739971
0.16953
0.215672
0.13432
0.209985
0.135926
0.118531
0.170404
0.0950049
0.266751
0.0770975
0.188491
0.182141
0.160235
0.115339
0.0844579
0.0751061
0.109063
0.110626
0.108375
0.0656654
0.167902
0.110016
0.201199
0.104736
0.145613
0.14408
0.112939
0.0935896
0.149364
0.109778
0.0798338
0.177403
0.241848
0.30245
0.144784
0.0874285
0.0873181
0.126148
0.0725381
0.137973
0.158165
0.116873
0.137923
0.118488
0.220744
0.11568
0.103101
0.103998
0.0556867
0.217382
0.209465
0.142005
0.0726371
0.109143
0.115623