0.114724
0.0634996
0.11159
0.232654
0.0885751
0.118808
0.131765
0.104966
0.0998506
0.107413
0.191992
0.153843
0.172248
0.0890087
0.105091
0.125202
0.260306
0.117647
0.155122
0.239008
0.294884
0.204706
0.22665
0.21857
0.285187
0.18702
0.15869
0.311945
0.116676
0.208999
0.134307
0.311555
0.220505
0.167841
0.163936
0.111347
0.0692683
0.206995
0.090024
0.16326
0.164886
0.147162
0.131397
0.150417
0.171198
0.0616045
0.0998395
0.146532
0.0993071
0.123401
0.0945265
0.163989
0.145129
0.143393
0.127352
0.0943967
0.100413
0.152973
0.116226
0.0946895
0.0926447
0.151684
0.0768101
0.137765
0.0960642
0.105736
0.167863
0.138266
0.0926095
0.171101
0.251739
0.116749
0.182679
0.146892
0.11933
0.133153
0.217358
0.0711497
0.315511
0.13911
0.124615
0.0975669
0.098469
0.164544
0.108954
0.132219
0.18077
0.107557
0.329651
0.189992
0.156527
0.0995982
0.250279
0.189044
0.043358
0.124826
0.137865
0.100242
0.110022
0.16518