0.211124
0.123938
0.1079
0.0735555
0.0907215
0.0670774
0.0876378
0.156277
0.0806798
0.109942
0.119655
0.075259
0.222672
0.10557
0.0845114
0.107088
0.0609373
0.112807
0.0946049
0.126199
0.238778
0.170907
0.23123
0.145226
0.130599
0.127122
0.198732
0.0977333
0.24524
0.142542
0.167223
0.140595
0.093903
0.168309
0.313506
0.0955588
0.326099
0.313265
0.159663
0.297508
0.209691
0.381459
0.189291
0.171962
0.460808
0.104044
0.147165
0.115746
0.131558
0.0833334
0.206403
0.138345
0.158238
0.196833
0.173896
0.151014
0.186753
0.19088
0.113334
0.0882595
0.107333
0.156253
0.11341
0.126656
0.0778189
0.159361
0.103879
0.131034
0.0908248
0.0979398
0.1005
0.0846831
0.12516
0.123857
0.120752
0.168872
0.0516977
0.140967
0.120097
0.16814
0.0912292
0.103862
0.0983303
0.115283
0.111065
0.0871154
0.226617
0.0952401
0.10274
0.291361
0.193804
0.148216
0.279709
0.183648
0.350908
0.0999736
0.102494
0.145376
0.0788373
0.104046