0.125468
0.0459341
0.229569
0.20451
0.0945486
0.103697
0.0992056
0.14439
0.122538
0.108874
0.123235
0.15494
0.126527
0.20918
0.25705
0.163998
0.230888
0.161714
0.21915
0.172162
0.138771
0.121715
0.246719
0.29618
0.21612
0.105861
0.15991
0.0977704
0.118978
0.112253
0.171287
0.0597639
0.108297
0.128853
0.209997
0.194241
0.336164
0.174856
0.140041
0.128681
0.126297
0.123783
0.198324
0.135255
0.171472
0.14834
0.189198
0.201145
0.121804
0.159839
0.160532
0.107825
0.0941547
0.154809
0.0833235
0.197776
0.0687622
0.228175
0.149736
0.181036
0.183967
0.146934
0.174055
0.09566
0.134746
0.166926
0.123757
0.150942
0.102812
0.152068
0.141992
0.0899112
0.123726
0.146591
0.143061
0.0395888
0.154486
0.0961086
0.0632068
0.146366
0.177306
0.136259
0.102887
0.113608
0.15973
0.243755
0.165967
0.158772
0.164093
0.116993
0.204004
0.164079
0.222765
0.110973
0.177652
0.128794
0.133479
0.114725
0.124013
0.137625