0.164483
0.132812
0.110385
0.130069
0.153362
0.238373
0.147183
0.17173
0.124765
0.162025
0.11933
0.202098
0.199255
0.117398
0.251866
0.156969
0.0901554
0.15023
0.157604
0.202399
0.0608767
0.0881898
0.141725
0.286319
0.0743835
0.164605
0.15221
0.109139
0.131978
0.204315
0.161577
0.100538
0.151413
0.135891
0.0611967
0.206148
0.109847
0.197125
0.222759
0.15116
0.187012
0.165463
0.354088
0.207359
0.13295
0.152284
0.125598
0.166829
0.118146
0.0959033
0.108367
0.0848965
0.0772354
0.223824
0.0978194
0.0692666
0.165321
0.230173
0.343044
0.129189
0.148986
0.183432
0.264849
0.175161
0.117405
0.176736
0.141968
0.139547
0.0991216
0.137536
0.13468
0.135201
0.161166
0.139638
0.221652
0.121951
0.104637
0.097867
0.0903554
0.113244
0.125836
0.169598
0.1118
0.211292
0.0720416
0.130661
0.0834014
0.224429
0.0498061
0.0979969
0.166806
0.0864954
0.0730431
0.227076
0.0954103
0.236008
0.185231
0.157421
0.163176
0.0986857