0.139454
0.206006
0.087877
0.0954023
0.0972683
0.116765
0.188948
0.160536
0.163787
0.119766
0.196597
0.149781
0.200232
0.228011
0.232751
0.23042
0.182288
0.126051
0.129326
0.181588
0.204389
0.21296
0.160495
0.212961
0.175587
0.134277
0.105997
0.115108
0.1631
0.154043
0.188419
0.134673
0.186471
0.0899198
0.172483
0.14517
0.139271
0.0887547
0.0735979
0.153927
0.182758
0.0743626
0.0886057
0.128449
0.164183
0.247857
0.291922
0.110209
0.124019
0.1818
0.11734
0.100381
0.100279
0.170418
0.0978033
0.0961719
0.140273
0.181079
0.093461
0.182097
0.174352
0.130662
0.202406
0.0990774
0.0788659
0.145063
0.242881
0.0973628
0.150947
0.0965218
0.157013
0.0894915
0.106781
0.214071
0.134546
0.162111
0.205133
0.0765189
0.0951541
0.195495
0.184057
0.108046
0.0972632
0.0626289
0.141912
0.184696
0.175344
0.100651
0.146119
0.172719
0.207822
0.172628
0.190011
0.165918
0.0731824
0.178095
0.107545
0.257275
0.0722808
0.229423