0.11904
0.104462
0.0776331
0.1088
0.102063
0.0917964
0.0915727
0.150017
0.183075
0.305533
0.182225
0.25882
0.157738
0.236482
0.14777
0.081284
0.182041
0.0776741
0.0929236
0.1388
0.16582
0.126854
0.2181
0.170427
0.134557
0.161247
0.10082
0.247292
0.137222
0.163428
0.0902193
0.202618
0.196118
0.116083
0.121878
0.156273
0.0836875
0.18698
0.296737
0.234828
0.187447
0.120696
0.135578
0.0828017
0.197295
0.239403
0.240659
0.0826815
0.0539964
0.199577
0.203502
0.140694
0.198948
0.12272
0.231331
0.0911891
0.137275
0.319324
0.137086
0.106851
0.171652
0.284322
0.119682
0.156691
0.109583
0.191172
0.0716864
0.110159
0.149697
0.215193
0.0882328
0.203929
0.0710664
0.0512224
0.127538
0.118941
0.0707734
0.199976
0.110549
0.146992
0.16262
0.0474522
0.159738
0.135857
0.144139
0.267688
0.13233
0.148284
0.135434
0.0919595
0.167981
0.142997
0.10247
0.23201
0.0746206
0.219305
0.067048
0.122804
0.150254
0.0959554