0.172606
0.0976303
0.107428
0.129711
0.11981
0.121324
0.0845371
0.129633
0.0932574
0.125801
0.143599
0.185514
0.130599
0.260419
0.0931045
0.138143
0.120658
0.148626
0.0948041
0.137727
0.165722
0.175028
0.271711
0.160164
0.258497
0.191177
0.210008
0.197126
0.190636
0.162713
0.106172
0.11471
0.163541
0.0811149
0.119092
0.0864944
0.170805
0.220482
0.156354
0.10489
0.2282
0.11123
0.104902
0.0928426
0.098534
0.090564
0.0774012
0.0933091
0.177928
0.146775
0.111488
0.182711
0.145128
0.317814
0.0812312
0.19924
0.238313
0.215788
0.093806
0.105206
0.261867
0.141227
0.248692
0.0997757
0.162252
0.134956
0.125166
0.234907
0.177471
0.103156
0.196291
0.0678407
0.086719
0.0879299
0.187412
0.054791
0.150698
0.112759
0.141322
0.265546
0.300113
0.170859
0.269298
0.29523
0.124981
0.183718
0.143817
0.0875309
0.154745
0.143387
0.172459
0.168651
0.119317
0.053279
0.0617602
0.086455
0.158069
0.126568
0.181724
0.103476