0.0784378
0.229894
0.181343
0.150319
0.143774
0.148281
0.261492
0.191154
0.190777
0.086937
0.213305
0.120964
0.132605
0.109533
0.0845375
0.121796
0.252046
0.150665
0.102552
0.149804
0.206888
0.0709257
0.30967
0.157096
0.282252
0.167036
0.128242
0.0615247
0.0992596
0.14185
0.185243
0.126906
0.266338
0.21232
0.165825
0.171356
0.119761
0.127755
0.208706
0.119026
0.170451
0.14683
0.187356
0.205557
0.115612
0.165147
0.144712
0.137575
0.0928814
0.101152
0.278515
0.142761
0.133427
0.208614
0.0931891
0.129439
0.157141
0.105145
0.107148
0.155471
0.115558
0.0839558
0.112101
0.0764735
0.149274
0.0800693
0.116641
0.12906
0.0947897
0.0905891
0.17688
0.158278
0.15532
0.166125
0.249251
0.0927698
0.107339
0.105494
0.16514
0.0933153
0.0950755
0.36737
0.153413
0.325646
0.11953
0.102401
0.238998
0.126998
0.0823887
0.0659729
0.0763389
0.111532
0.170933
0.188684
0.0614705
0.129586
0.154857
0.111901
0.204018
0.188142