0.0714949
0.0945313
0.124121
0.099577
0.177931
0.189051
0.200825
0.109948
0.116256
0.135789
0.156765
0.242788
0.146824
0.216879
0.170981
0.130634
0.137983
0.0875205
0.145512
0.233875
0.101036
0.0909862
0.136796
0.208939
0.185629
0.153617
0.176829
0.165919
0.373982
0.182255
0.122912
0.181041
0.225267
0.120673
0.19218
0.176176
0.0817362
0.204167
0.0985518
0.170358
0.287388
0.117849
0.100232
0.178734
0.0838389
0.129818
0.103514
0.130235
0.140977
0.142187
0.174237
0.0825383
0.0865388
0.135961
0.156501
0.102547
0.141419
0.0996918
0.103156
0.213984
0.127631
0.116489
0.134674
0.210401
0.218183
0.0645448
0.130092
0.0538178
0.19021
0.0817727
0.107574
0.149339
0.159681
0.0891583
0.215552
0.149954
0.158775
0.0876879
0.138743
0.180297
0.125453
0.152877
0.0970793
0.115099
0.0824434
0.174835
0.123737
0.169455
0.0728476
0.180713
0.175159
0.238448
0.160214
0.134736
0.317863
0.177666
0.15
0.165772
0.237992
0.133349