0.181438
0.0891051
0.069073
0.075889
0.0882765
0.184654
0.196696
0.212905
0.157704
0.221119
0.131238
0.123496
0.302055
0.186197
0.264809
0.181186
0.115137
0.147175
0.180886
0.196648
0.242193
0.0860093
0.153017
0.112721
0.21189
0.10114
0.187589
0.0978281
0.0920774
0.137039
0.187015
0.187557
0.121323
0.269236
0.157618
0.118229
0.231251
0.17331
0.115822
0.196016
0.158342
0.0990582
0.131392
0.0994702
0.176968
0.173752
0.0986097
0.190752
0.117343
0.212396
0.257581
0.289226
0.216198
0.0854831
0.155058
0.266421
0.113344
0.0604475
0.0670098
0.0859374
0.100434
0.146171
0.213842
0.19986
0.118228
0.137871
0.146793
0.0928693
0.0962266
0.111285
0.100612
0.0790782
0.0830715
0.146884
0.0903851
0.103757
0.178368
0.0630267
0.151942
0.119218
0.19361
0.147589
0.0792686
0.252103
0.0701182
0.110433
0.199213
0.188869
0.0736263
0.123042
0.144014
0.212958
0.0931326
0.157231
0.143616
0.200093
0.105022
0.151591
0.191459
0.143731