0.120969
0.0914023
0.188914
0.152047
0.164244
0.155598
0.185176
0.115496
0.0647163
0.289227
0.110575
0.186543
0.224045
0.157449
0.155265
0.182255
0.253593
0.168144
0.109728
0.210549
0.220102
0.196171
0.223507
0.231348
0.159237
0.223914
0.191093
0.108224
0.13411
0.147509
0.122346
0.0967822
0.106079
0.0972369
0.140065
0.135741
0.138838
0.0940094
0.0915556
0.12233
0.145302
0.119969
0.156708
0.159006
0.133522
0.261218
0.188134
0.121039
0.0996047
0.10587
0.0991832
0.152593
0.0775731
0.261293
0.254446
0.128543
0.219906
0.24572
0.190745
0.149948
0.169456
0.104676
0.139456
0.136387
0.0621476
0.226919
0.101567
0.0850567
0.204975
0.145422
0.167114
0.110048
0.119051
0.180076
0.0866697
0.111431
0.17548
0.097227
0.142817
0.0862383
0.206872
0.118887
0.137195
0.122381
0.199793
0.122483
0.160886
0.0940195
0.133577
0.110981
0.118955
0.0659333
0.203896
0.223504
0.0890659
0.178328
0.147691
0.137513
0.136523
0.102845