0.165165
0.142084
0.165926
0.174252
0.198806
0.201897
0.196617
0.0865394
0.133565
0.203533
0.158521
0.0498322
0.166371
0.102323
0.108041
0.113925
0.180484
0.217113
0.160455
0.280021
0.106381
0.185988
0.172521
0.165479
0.135439
0.162646
0.156947
0.167832
0.181428
0.203034
0.181184
0.0856662
0.22889
0.226678
0.125063
0.114411
0.174597
0.20527
0.0914948
0.114819
0.0502271
0.201214
0.0765302
0.163445
0.149791
0.157005
0.222766
0.0827848
0.23086
0.203761
0.117833
0.195677
0.106063
0.150425
0.110245
0.153764
0.103228
0.137773
0.144969
0.16296
0.283346
0.113671
0.1891
0.175624
0.10102
0.0695708
0.10416
0.166523
0.133088
0.119655
0.157807
0.143561
0.104232
0.186389
0.178765
0.107998
0.112804
0.161071
0.22586
0.116539
0.0839395
0.232194
0.149207
0.143492
0.121041
0.0950257
0.218803
0.147151
0.120993
0.150379
0.13906
0.0600348
0.145456
0.0639825
0.120882
0.139344
0.135617
0.199649
0.109547
0.160855