0.127435
0.0584734
0.0977444
0.0819202
0.13779
0.184815
0.0669834
0.0835046
0.106431
0.15788
0.118926
0.154136
0.120099
0.13745
0.243065
0.154468
0.152845
0.145298
0.202836
0.270242
0.248229
0.132736
0.13021
0.163576
0.21344
0.20091
0.116927
0.215922
0.231169
0.219135
0.160266
0.139583
0.145311
0.194345
0.0978888
0.162184
0.0786014
0.0951624
0.134325
0.203391
0.187209
0.0827132
0.185909
0.25515
0.114417
0.155202
0.0711675
0.251751
0.174665
0.103388
0.0864317
0.137542
0.147586
0.140275
0.138384
0.149515
0.0743508
0.147177
0.293248
0.252001
0.0841638
0.196543
0.0920336
0.201666
0.114922
0.146376
0.312282
0.109501
0.229329
0.132961
0.189543
0.160817
0.0806127
0.16171
0.176227
0.195321
0.10254
0.188782
0.116475
0.094737
0.0929198
0.194428
0.114852
0.135436
0.222644
0.12532
0.168177
0.106804
0.0998146
0.151692
0.0952905
0.0908951
0.195849
0.255371
0.10512
0.0589216
0.0746083
0.147264
0.126516
0.117798