0.123606
0.121554
0.154157
0.104325
0.174983
0.128021
0.104787
0.17213
0.182576
0.131093
0.146087
0.114979
0.295226
0.220938
0.143787
0.0914548
0.257098
0.135633
0.219365
0.2341
0.197377
0.176572
0.0937116
0.194452
0.129298
0.0988205
0.196185
0.164955
0.138876
0.181713
0.212836
0.0542905
0.0543146
0.105478
0.153964
0.0847447
0.0929091
0.109596
0.049626
0.107286
0.0898916
0.0349904
0.192233
0.0771628
0.0985895
0.079506
0.202664
0.179445
0.0562156
0.084725
0.153731
0.15164
0.214802
0.244297
0.226895
0.0973715
0.153327
0.158562
0.219075
0.286226
0.0996186
0.113203
0.103625
0.0655186
0.105627
0.141638
0.0808176
0.0969064
0.217646
0.125293
0.19478
0.155791
0.125986
0.136083
0.062026
0.176533
0.145771
0.126439
0.0847772
0.113263
0.118443
0.124622
0.374028
0.188044
0.24124
0.275313
0.195034
0.187225
0.154621
0.191652
0.115263
0.0888483
0.19164
0.117056
0.11145
0.151888
0.20312
0.152804
0.281394
0.210716