0.210411
0.106384
0.249498
0.0509212
0.0652246
0.171464
0.131686
0.17004
0.192433
0.128368
0.132357
0.300141
0.137645
0.265548
0.153187
0.114195
0.153838
0.156776
0.127013
0.294303
0.0501504
0.151296
0.110869
0.0514641
0.161787
0.165325
0.104236
0.0863373
0.0719637
0.313768
0.222808
0.183451
0.0882431
0.214367
0.101015
0.0921996
0.116189
0.105561
0.198439
0.166523
0.0865547
0.201479
0.102292
0.15273
0.170399
0.111958
0.145244
0.133446
0.149136
0.16343
0.189735
0.128491
0.0863384
0.0730895
0.202227
0.13151
0.058409
0.19016
0.177854
0.215473
0.328294
0.0934536
0.115289
0.316479
0.137175
0.240092
0.0640492
0.138349
0.144379
0.197443
0.161485
0.11553
0.187316
0.17312
0.118352
0.193436
0.161372
0.0922504
0.122703
0.073375
0.14368
0.183751
0.0590541
0.0923731
0.153696
0.103373
0.138128
0.105103
0.240396
0.170285
0.094194
0.177216
0.153561
0.114264
0.128143
0.165508
0.160084
0.14501
0.19188
0.168977