0.147888
0.2068
0.298721
0.144391
0.163312
0.173704
0.0858678
0.159395
0.146129
0.118564
0.186751
0.0641711
0.115875
0.117833
0.154307
0.121769
0.1493
0.0799698
0.218417
0.128435
0.267061
0.116563
0.160574
0.0964344
0.111926
0.144986
0.133803
0.13669
0.130204
0.153122
0.183238
0.173149
0.117804
0.187563
0.159807
0.25152
0.10486
0.163096
0.182454
0.162231
0.0705264
0.188367
0.1239
0.178644
0.136583
0.263132
0.122026
0.0786826
0.174109
0.133133
0.137703
0.145522
0.118804
0.118607
0.140915
0.131784
0.15791
0.285083
0.168949
0.0585364
0.0576762
0.130047
0.0724866
0.134437
0.0547941
0.116462
0.0963595
0.184011
0.101789
0.10986
0.241859
0.16624
0.124494
0.186923
0.0830875
0.223064
0.181779
0.228487
0.136939
0.237836
0.0769063
0.156629
0.147278
0.148095
0.14787
0.0924778
0.269359
0.124611
0.128762
0.15929
0.0822869
0.162219
0.22422
0.139516
0.135748
0.156946
0.151559
0.128002
0.176765
0.271225