0.128623
0.111103
0.107203
0.0649039
0.180335
0.147919
0.205319
0.133066
0.244833
0.161274
0.229095
0.0801602
0.136576
0.173337
0.118791
0.198469
0.243601
0.305762
0.248501
0.121714
0.162073
0.188619
0.108691
0.14192
0.186265
0.192528
0.299619
0.10708
0.0638195
0.0721809
0.141311
0.0768842
0.151692
0.141579
0.181598
0.0902079
0.175387
0.13793
0.175591
0.168
0.173005
0.0758131
0.134299
0.14145
0.189574
0.199191
0.149245
0.121334
0.0776393
0.192127
0.16195
0.312039
0.164739
0.163202
0.146581
0.278747
0.0849972
0.210494
0.19111
0.167966
0.112772
0.162751
0.0757325
0.18352
0.105365
0.1059
0.147911
0.0615962
0.0764111
0.124001
0.158373
0.122885
0.0899529
0.0828318
0.16472
0.138611
0.0786148
0.163779
0.217772
0.129674
0.0713622
0.19348
0.148578
0.0974145
0.270125
0.241607
0.125795
0.103905
0.0636068
0.135937
0.198876
0.113497
0.139383
0.27287
0.162561
0.0934473
0.0968549
0.137782
0.113342
0.0773382