0.108421
0.171285
0.138482
0.139097
0.196212
0.0782815
0.0679957
0.0598467
0.143103
0.234155
0.169017
0.215956
0.159614
0.0890435
0.0744168
0.169629
0.125083
0.198371
0.137483
0.113356
0.213611
0.17289
0.186921
0.115987
0.205712
0.17933
0.16825
0.134004
0.17276
0.173099
0.124295
0.245109
0.156213
0.14317
0.248979
0.132554
0.241034
0.216552
0.188658
0.144862
0.0537562
0.183878
0.109537
0.123184
0.14988
0.149969
0.177665
0.136965
0.0880831
0.110142
0.1473
0.128853
0.0414534
0.0649821
0.103991
0.128076
0.191311
0.143549
0.103853
0.157348
0.0907034
0.10239
0.111691
0.212213
0.187307
0.0756939
0.174987
0.130845
0.0849296
0.129517
0.109388
0.213775
0.0822617
0.161033
0.163218
0.235021
0.104838
0.181052
0.19602
0.0517065
0.145015
0.139366
0.230152
0.17805
0.12811
0.0901201
0.218614
0.161535
0.0861751
0.144846
0.142776
0.139387
0.174492
0.102922
0.143682
0.275707
0.220659
0.073063
0.255578
0.304548