0.13949
0.140806
0.122235
0.0986115
0.160126
0.12574
0.257462
0.206866
0.0961672
0.120679
0.123632
0.154061
0.222929
0.187234
0.193497
0.250194
0.185024
0.126176
0.198257
0.24744
0.27771
0.21515
0.16639
0.248209
0.195576
0.150316
0.118272
0.177618
0.149351
0.171647
0.353346
0.138869
0.139445
0.16309
0.105943
0.098356
0.0684648
0.191556
0.119671
0.150442
0.119851
0.176153
0.238499
0.0920815
0.100393
0.170667
0.0905335
0.113443
0.180979
0.12921
0.158296
0.150159
0.133333
0.093331
0.225057
0.0913556
0.23817
0.159281
0.173962
0.0724054
0.197311
0.131803
0.0947026
0.0795014
0.0993974
0.202135
0.0862926
0.0812727
0.108725
0.156554
0.0887452
0.0758596
0.17992
0.181464
0.167898
0.103148
0.177287
0.13038
0.120339
0.138259
0.0961285
0.153368
0.129158
0.101163
0.0876827
0.0902461
0.187333
0.109442
0.197505
0.0960167
0.108695
0.120674
0.156894
0.174828
0.212743
0.230957
0.0878525
0.114975
0.142008
0.13813