0.143794
0.123567
0.0908621
0.0617706
0.126252
0.169643
0.14868
0.0950107
0.277979
0.0940929
0.0793129
0.218134
0.167976
0.296939
0.289173
0.207719
0.244819
0.298863
0.213678
0.10634
0.182804
0.118499
0.259428
0.323194
0.192233
0.159513
0.178232
0.174705
0.278826
0.210039
0.190455
0.137056
0.376706
0.181238
0.173464
0.422659
0.104967
0.0992512
0.0782387
0.143368
0.107034
0.262358
0.163947
0.0662459
0.170658
0.111129
0.13513
0.0982515
0.22448
0.160598
0.185864
0.12399
0.171362
0.184269
0.049313
0.0884887
0.0482744
0.0930372
0.0471464
0.138701
0.105394
0.0841448
0.112013
0.0923072
0.13872
0.106648
0.144115
0.128372
0.0781659
0.177745
0.191262
0.153051
0.164154
0.0926284
0.115053
0.106288
0.160636
0.164313
0.0849469
0.115697
0.163609
0.105034
0.189316
0.0858853
0.165102
0.0595509
0.118429
0.186912
0.139405
0.108053
0.0908778
0.0808395
0.0691024
0.131608
0.156597
0.0718236
0.189222
0.0840933
0.0775179
0.141612