0.143664
0.230756
0.112587
0.135338
0.286021
0.117616
0.15386
0.118965
0.161253
0.154667
0.142912
0.222674
0.368142
0.25276
0.21618
0.0786492
0.10261
0.229294
0.218321
0.106144
0.138592
0.147194
0.130606
0.129249
0.0889188
0.195226
0.0605059
0.142472
0.141142
0.11053
0.282368
0.0814114
0.0753876
0.139569
0.129406
0.0893302
0.149708
0.0626653
0.0852285
0.0797666
0.106497
0.0960386
0.189789
0.188818
0.0789674
0.237956
0.0694468
0.115064
0.0915263
0.261872
0.157133
0.0753564
0.285177
0.167228
0.187538
0.29352
0.0935995
0.144347
0.135354
0.111752
0.0988643
0.140825
0.116072
0.195151
0.214456
0.0767012
0.0869922
0.0968264
0.136494
0.0801496
0.121592
0.0798893
0.0900238
0.0970552
0.0752344
0.137743
0.0985777
0.103076
0.131338
0.148632
0.0939247
0.249257
0.0868307
0.175482
0.127947
0.140242
0.273233
0.320006
0.203008
0.260223
0.188374
0.191365
0.235467
0.171204
0.205551
0.165892
0.142473
0.0754323
0.125999
0.143728