0.168157
0.183938
0.129749
0.146408
0.201886
0.123083
0.22658
0.223072
0.203028
0.155333
0.158133
0.137407
0.25669
0.171192
0.210953
0.260115
0.188931
0.15605
0.230655
0.205602
0.123381
0.172924
0.240008
0.155531
0.122138
0.111282
0.123648
0.134527
0.113002
0.153344
0.224704
0.183065
0.191065
0.149484
0.139001
0.259603
0.225457
0.125249
0.172388
0.138066
0.0784373
0.199154
0.12942
0.127792
0.123163
0.0884052
0.0904025
0.100192
0.130228
0.163021
0.147049
0.268269
0.185445
0.210701
0.132063
0.15868
0.175358
0.0896087
0.146761
0.084851
0.119615
0.175979
0.102322
0.123943
0.158262
0.147511
0.110854
0.0553439
0.164425
0.132085
0.0883663
0.238422
0.143554
0.128499
0.111336
0.19452
0.166451
0.107063
0.176206
0.132988
0.0877963
0.121886
0.103736
0.109706
0.117965
0.173609
0.0803801
0.146569
0.103975
0.157382
0.159365
0.141072
0.0723333
0.118196
0.132838
0.139243
0.0796269
0.111909
0.132143
0.108693