0.138483
0.167224
0.142006
0.125238
0.0963943
0.213742
0.181073
0.200319
0.133633
0.082412
0.0842562
0.134159
0.163214
0.232633
0.224085
0.22319
0.130465
0.220409
0.105019
0.266623
0.154219
0.190404
0.117985
0.203939
0.118681
0.182752
0.116008
0.0920885
0.137565
0.155934
0.178774
0.395604
0.0886255
0.120656
0.153454
0.111274
0.0897429
0.145867
0.149816
0.165393
0.118536
0.106133
0.166296
0.198062
0.16624
0.139387
0.264353
0.197356
0.0748667
0.118764
0.163945
0.152364
0.0984397
0.238824
0.213492
0.105913
0.141362
0.226312
0.112141
0.19395
0.130919
0.159035
0.050926
0.255989
0.260384
0.126738
0.0991416
0.0956323
0.147517
0.130204
0.223917
0.147287
0.102758
0.198461
0.130052
0.153645
0.175629
0.0924509
0.110654
0.175873
0.192615
0.149855
0.218118
0.163308
0.219351
0.156
0.108602
0.0982656
0.10626
0.101941
0.118083
0.0954361
0.117232
0.0763533
0.121224
0.112319
0.113093
0.0591669
0.0730093
0.102458