0.0891968
0.281258
0.116967
0.143084
0.116324
0.203249
0.122414
0.177753
0.140849
0.295626
0.174322
0.161048
0.239945
0.121721
0.137339
0.152828
0.141629
0.124778
0.0890165
0.120633
0.298951
0.254457
0.14883
0.151702
0.197452
0.206816
0.192158
0.238777
0.16849
0.161236
0.178392
0.137105
0.0473085
0.0735016
0.142954
0.143147
0.268253
0.114817
0.0761121
0.134347
0.0947799
0.121759
0.140052
0.126522
0.121647
0.156797
0.262415
0.219481
0.0807858
0.158773
0.104911
0.285776
0.102523
0.139395
0.109109
0.148607
0.179414
0.131934
0.0729405
0.166955
0.0997179
0.148257
0.0851214
0.0957958
0.167031
0.107349
0.154388
0.217271
0.0782665
0.153962
0.207555
0.124916
0.165469
0.044173
0.161757
0.116605
0.125902
0.131769
0.226697
0.239095
0.146639
0.102444
0.117916
0.106403
0.16566
0.175278
0.179151
0.199204
0.0971878
0.078821
0.153146
0.0780597
0.139987
0.096894
0.141
0.105091
0.174424
0.16592
0.126439
0.189877