0.13823
0.132232
0.106921
0.124533
0.175192
0.116048
0.269455
0.187485
0.138957
0.153058
0.13916
0.10576
0.209297
0.195584
0.133309
0.117264
0.0970852
0.151147
0.241934
0.142054
0.116425
0.141504
0.143861
0.0578443
0.203754
0.124192
0.11529
0.140189
0.148734
0.135213
0.2165
0.14426
0.216787
0.18907
0.282682
0.180865
0.13951
0.12012
0.111587
0.0982587
0.129995
0.237746
0.0810402
0.190942
0.19117
0.103911
0.0985613
0.248114
0.127542
0.240336
0.0675935
0.112523
0.193113
0.149766
0.339245
0.101601
0.0489137
0.20943
0.132364
0.162031
0.18841
0.0783066
0.188671
0.0962072
0.143317
0.0917404
0.180928
0.102892
0.098051
0.155393
0.164865
0.172039
0.115165
0.131483
0.170485
0.111427
0.107833
0.140175
0.0854869
0.103289
0.162011
0.217815
0.119623
0.139536
0.162339
0.164283
0.229134
0.154478
0.191226
0.121895
0.141391
0.130114
0.14001
0.189188
0.138791
0.222078
0.159514
0.13811
0.131175
0.0538371