2981221260
3982753611
2560876707
3579905124
2517369889
3367725646
2345979399
2844836414
2929884344
2233770309
1731383173
3423842666
2027921764
740332868
1794146108
3356267542
2989498642
112311648
2578544833
2637903155
3768516711
3320463200
694059367
1996997830
4232074855
3542966878
3616112191
2412938693
1691618315
4012007194
2785999666
953220874
2497291468
926265599
1961098859
2979200697
1037184316
2004994494
2096917029
3787750537
1029943496
2264307777
3115913437
3963634690
1791773992
3313844293
442602030
1805501212
64798592
820279615
1816336811
3852971111
3497573183
2233981038
1768251226
74312123
3357260095
3092750584
2360897793
2243728301
3903756308
2007651911
1495762338
1032265983
2170822495
60130315
1971834273
2168751256
7678149
3106704179
1243238661
3419920721
3987122115
2067172154
4173770028
1767241717
2617553721
2099150806
4078493140
102497520
4225599045
2935026806
2518417234
2971406913
1300016789
1743669711
700819181
2278923079
3557564598
3924916246
2645973671
3347227670
2134093841
2774314378
1847157750
1490390042
4161532827
3340051170
3961730899
3912129355
