0.416653
0.478079
0.493484
0.584989
0.444853
0.586222
0.458294
0.537184
0.455646
0.471152
0.511817
0.429764
0.423238
0.583248
0.520546
0.561398
0.524071
0.589278
0.408758
0.458814
0.445021
0.561717
0.402133
0.450281
0.509796
0.590436
0.472575
0.567225
0.507856
0.584973
0.569732
0.42087
0.491905
0.448845
0.583366
0.485411
0.566137
0.525638
0.461223
0.521059
0.44342
0.410754
0.514352
0.533406
0.574747
0.548098
0.54623
0.466252
0.438098
0.407711
0.569269
0.53666
0.532264
0.44339
0.446269
0.53493
0.567785
0.472899
0.483077
0.588061
0.586216
0.575059
0.516274
0.436795
0.422821
0.449688
0.403675
0.488845
0.460827
0.540011
0.513996
0.592928
0.50204
0.555953
0.505952
0.466865
0.499276
0.403982
0.531165
0.499915
0.438209
0.52479
0.504467
0.40542
0.403022
0.400211
0.593831
0.440093
0.5872
0.585309
0.585639
0.543766
0.526236
0.58462
0.442411
0.529417
0.443163
0.468071
0.596866
0.401631
0.554664
0.504573
0.518045
0.412949
0.585226
0.597262
0.473937
0.583729
0.575987
0.453587
0.427682
0.598009
0.46558
0.465389
0.497218
0.567847
0.556512
0.455596
0.51801
0.510195
0.572697
0.462395
0.537168
0.51608
0.417604
0.591952
0.575497
0.401601
0.573145
0.433106
0.47779
0.581451
0.433477
0.473405
0.567472
0.575179
0.567472
0.534771
0.536311
0.51672
0.469048
0.589282
0.590567
0.444151
0.513478
0.557384
0.596324
0.48725
0.534828
0.450085
0.401192
0.557063
0.429624
0.453133
0.427714
0.578632
0.530205
0.553737
0.447337
0.590642
0.562906
0.509191
0.520155
0.405661
0.592445
0.536646
0.435188
0.521985
0.500054
0.559597
0.55223
0.477301
0.568256
0.541439
0.567833
0.425733
0.467486
0.428308
0.594501
0.408464
0.452568
0.528115
0.538596
0.54924
0.441356
0.52287
0.495331
0.573761
0.582452
0.558925
0.427598
0.537671
0.417017
0.435971
0.426369
0.470563
0.422558
0.59766
0.520387
0.460337
0.461605
0.51474
0.533507
0.561599
0.420298
0.498403
0.476736
0.487587
0.451712
0.458829
0.45888
0.492316
0.500962
0.481951
0.530337
0.553566
0.516887
0.424334
0.537727
0.431993
0.522487
0.497878
0.518337
0.497268
0.579431
0.557562
0.538777
0.560631
0.577752
0.430053
0.570309
0.450063
0.537481
0.546968
0.521989
0.500271
0.455196
0.518938
0.509859
0.468629
0.408798
0.484272
0.567695
0.563997
0.577304
0.597763
0.545389
0.543571
0.529353
0.566802
0.457467
0.54125
0.497839
0.427834
0.448279
0.483356
0.456025
0.524323
0.52491
0.489812
0.416511
0.559155
0.440145
0.460346
0.515151
0.445045
0.554207
0.563667
0.421864
0.552342
0.548501
0.520602
0.535273
0.414898
0.543217
0.44379
0.545348
0.490234
0.403614
0.437917
0.541504
0.518121
0.581726
0.531951
0.444568
0.522682
0.468225
0.530539
0.416752
0.591104
0.596573
0.468398
0.576355
0.407956
0.584445
0.58859
0.451306
0.421985
0.51573
0.524294
0.595877
0.411222
0.420099
0.455237
0.475312
0.567024
0.439859
0.42571
0.552066
0.450691
0.403869
0.546639
0.44806
0.556478
0.428516
0.443841
0.449586
0.55915
0.425267
0.433286
0.423189
0.464681
0.590014
0.503901
0.599184
0.588005
0.562073
0.428392
0.41829
0.526416
0.581554
0.410489
0.423139
0.405554
0.481436
0.578856
0.545606
0.524027
0.502055
0.56048
0.440286
0.453579
0.472146
0.56742
0.593241
0.461737
0.516911
0.43317
0.518248
0.449286
0.58199
0.521176
0.409074
0.584109
0.593844
0.512122
0.575886
0.567208
0.460988
0.495939
0.457658
0.498847
0.420838
0.514178
0.467778
0.546203
0.458916
0.531088
0.423994
0.451228
0.540889
0.568518
0.563169
0.453451
0.422362
0.507256
0.545771
0.513863
0.429366
0.551328
0.52199
0.431104
0.599735
0.40571
0.488375
0.593751
0.471957
0.49384
0.567028
0.453434
0.567831
0.493662
0.545245
0.484208
0.54072
0.516127
0.539443
0.557478
0.481245
0.438913
0.567239
0.576863
0.558466
0.590068
0.461081
0.475845
0.528693
0.572955
0.583916
0.440151
0.557159
0.467927
0.512718
0.582409
0.524931
0.596418
0.45105
0.44477
0.595837
0.471412
0.413574
0.476079
0.419684
0.566572
0.475061
0.431419
0.404548
0.484947
0.522574
0.514469
0.444881
0.52425
0.442833
0.528767
0.409811
0.414127
0.524663
0.500827
0.430654
0.467325
0.517336
0.414038
0.580381
0.529095
0.487938
0.591001
0.405073
0.401984
0.424607
0.418442
0.516451
0.551552
0.494091
0.445213
0.599201
0.435445
0.533531
0.499864
0.40081
0.442373
0.596803
0.458848
0.528086
0.475566
0.404281
0.575137
0.406259
0.445553
0.522685
0.599491
0.563285
0.431567
0.464534
0.411238
0.503929
0.568345
0.414035
0.404066
0.52737
0.554797
0.537216
0.512392
0.501151
0.593008
0.518352
0.471386
0.495666
0.518206
0.456776
0.551458
0.453849
0.503355
0.568692
0.489519
0.58605
0.586299
0.46943
0.436622
0.485437
0.530999
0.592598
0.59408
0.595381
0.559454
0.451136
0.493783
0.569781
0.492373
0.424666
0.441282
0.482666
0.474169
0.513319
0.410116
0.486781
0.575953
0.543606
0.434508
0.441538
0.451829
0.425657
0.585202
0.426589
0.513581
0.576742
0.400795
0.513246
0.57746
0.466072
0.59231
0.468208
0.54424
0.441427
0.517575
0.504227
0.418538
0.483527
0.436165
0.435266
0.453824
0.510832
0.446553
0.534887
0.413755
0.587828
0.430011
0.531041
0.460454
0.502399
0.421593
0.404134
0.593975
0.424803
0.498663
0.51802
0.572403
0.441929
0.579834
0.461054
0.438734
0.526441
0.428616
0.458474
0.52128
0.402034
0.479938
0.451988
0.572654
0.551991
0.401904
0.490737
0.518183
0.581217
0.530044
0.58745
0.5424
0.521486
0.564444
0.519312
0.51692
0.453756
0.493622
0.438806
0.560847
0.546599
0.525268
0.490625
0.407124
0.480396
0.44061
0.581125
0.473736
0.411111
0.49844
0.561802
0.552064
0.572287
0.506007
0.57373
0.487637
0.522433
0.430754
0.591688
0.453444
0.540325
0.446081
0.519197
0.50414
0.478345
0.581602
0.51972
0.592553
0.491042
0.491562
0.466846
0.445859
0.575477
0.58437
0.503521
0.464672
0.553673
0.56802
0.479736
0.463172
0.494045
0.471971
0.417561
0.498024
0.445138
0.42116
0.440293
0.41296
0.574339
0.41816
0.561987
0.49962
0.596136
0.477922
0.47528
0.439371
0.494076
0.412677
0.5599
0.494407
0.444044
0.594551
0.480955
0.432926
0.4286
0.493685
0.521427
0.562583
0.424444
0.403779
0.448391
0.43819
0.527037
0.535874
0.555127
0.400642
0.434167
0.418129
0.463624
0.594544
0.503247
0.418424
0.447894
0.422503
0.401698
0.532054
0.591391
0.412014
0.463453
0.413076
0.494446
0.584486
0.539564
0.592841
0.480471
0.498643
0.52007
0.436467
0.572868
0.503938
0.577015
0.502867
0.55353
0.427537
0.467341
0.580062
0.465436
0.407344
0.434584
0.453473
0.401482
0.490505
0.507012
0.421154
0.405069
0.463423
0.41425
0.58644
0.598333
0.56791
0.530552
0.519896
0.441828
0.463831
0.533744
0.509653
0.555251
0.570698
0.586647
0.495724
0.467648
0.556508
0.589098
0.464702
0.43789
0.592365
0.433349
0.477276
0.498402
0.561784
0.49877
0.590631
0.591037
0.54264
0.484264
0.578163
0.536259
0.420582
0.468619
0.439252
0.495571
0.458268
0.556243
0.439014
0.484479
0.441843
0.494816
0.554887
0.50044
0.444249
0.542938
0.40852
0.542264
0.505743
0.594426
0.580547
0.490145
0.534111
0.415022
0.457792
0.557956
0.577483
0.559345
0.543076
0.456719
0.47524
0.4803
0.59455
0.491485
0.430324
0.407506
0.533768
0.565693
0.515763
0.425135
0.418271
0.547536
0.536549
0.424784
0.585788
0.499853
0.48909
0.488946
0.401529
0.514089
0.458333
0.470053
0.584929
0.587487
0.409636
0.475007
0.459983
0.579198
0.448892
0.471707
0.51296
0.546344
0.583013
0.419471
0.548209
0.462668
0.448727
0.582726
0.51321
0.407531
0.57394
0.509762
0.463678
0.41448
0.46347
0.521653
0.422186
0.498584
0.570421
0.500193
0.435087
0.413834
0.414572
0.411936
0.579034
0.529835
0.581911
0.579912
0.53078
0.48004
0.441801
0.564384
0.434939
0.529134
0.450951
0.458442
0.488753
0.487011
0.435713
0.501668
0.450897
0.498681
0.562346
0.438326
0.414463
0.500569
0.426588
0.484005
0.465301
0.50165
0.52963
0.432035
0.440064
0.571037
0.521328
0.476948
0.589275
0.505649
0.47106
0.589411
0.514023
0.586733
0.560034
0.455932
0.586144
0.405685
0.426904
0.406669
0.47995
0.420129
0.592375
0.557129
0.417188
0.556776
0.555432
0.413898
0.577225
0.432301
0.473322
0.471262
0.480793
0.568756
0.423817
0.457338
0.512334
0.557316
0.43358
0.511524
0.461029
0.566428
0.564822
0.433416
0.545312
0.400354
0.572695
0.431663
0.422963
0.577138
0.419807
0.530118
0.426735
0.421306
0.507598
0.517148
0.517132
0.411849
0.546204
0.41579
0.553636
0.519015
0.400048
0.528462
0.478175
0.559923
0.495339
0.469747
0.463855
0.506728
0.433123
0.493781
0.583037
0.485661
0.473967
0.415516
0.511231
0.41173
0.553923
0.552243
0.561859
0.438407
0.569157
0.568023
0.449088
0.401721
0.593156
0.514553
0.468606
0.411291
0.517409
0.5271
0.572568
0.499129
0.425176
0.46711
0.579005
0.529108
0.420725
0.436388
0.582584
0.578209
0.569016
0.590127
0.594698
0.514238
0.439486
0.580813
0.413594
0.529484
0.426473
0.535577
0.453829
0.577827
0.544934
0.437776
0.507244
0.400832
0.452777
0.468589
0.423202
0.56315
0.419708
0.495914
0.513286
0.491736
0.559148
0.484211
0.5585
0.436888
0.569859
0.406826
0.440097
0.506826
0.514317
0.556312
0.492702
0.453472
0.514187
0.437468
0.423763
0.486259
0.464853
0.50549
0.509409
0.496429
0.479815
0.519371
0.496158
0.427393
0.44103
0.508451
0.449323
0.504506
0.538388
0.52924
0.462389
0.422656
0.591996
0.435501
0.591148
0.466474
0.534129
0.528416
0.455191
0.504126
0.440306
0.585205
0.528762
0.578216
0.50022
0.414806
0.577276
0.534895
0.445088
0.515224
0.458034
0.492075
0.482693
0.411408
0.415126
0.543752
0.510222
0.572544
0.53433
0.416566
0.432823
0.549451
0.45554
0.538887
0.452673
0.447581
0.476536
0.459693
0.588157
0.430875
0.444154
0.472293
0.488743
0.594798
0.434008
0.592478
0.478878
0.525073
0.496288
0.571957
0.506407
0.551518
0.451322
0.55653
0.447308
0.53295
0.45972
0.519025
0.487048
0.592645
0.45438
0.573607
0.479266
0.490618
0.43945
0.439526
0.556908
0.430375
0.505902
0.475795
0.584095
0.421704
0.511093
0.493064
0.502945
0.472369
0.449256
0.554175
0.495541
0.583786
0.514906
0.513116
0.517107
0.584041
0.477641
0.584586
0.54919
0.429137
0.41978
0.485391
0.557971
0.571712
0.51691
0.565449
0.587351
0.551269
0.434219
0.538114
0.508394
0.421367
0.515245
0.546036
0.472319
0.467014
0.531485
0.419037
0.471694
0.572695
0.507369
0.586388
0.458845
0.483196
0.47689
0.464102
0.414035
0.568908
0.503365
0.494369
0.533813
0.589934
0.597094
0.422642
0.413213
0.492616
0.51732
0.569834
0.479053
0.421619
0.421969
0.587074
0.562935
0.474746
0.450671
0.536378
0.495781
0.579707
0.517021
0.463908
0.533816
0.555211
0.509767
0.433412
0.474742
0.499526
0.544508
0.459038
0.435803
0.4557
0.544504
0.581597
0.409623
0.463379
0.447076
0.487879
0.514967
0.507392
0.436054
0.535807
0.572999
0.498714
0.401789
0.512844
0.490561
0.568244
0.447081
0.541395
0.511845
0.438819
0.42267
0.521898
0.437912
0.441069
0.477578
0.42803
0.497332
0.420142
0.463521
0.408644
0.411959
0.414496
0.541864
0.509699
0.420942
0.462564
0.577128
0.587043
0.555178
0.407409
0.564212
0.498056
0.515019
0.439333
0.585949
0.582308
0.405435
0.494479
0.505019
0.450626
0.421387
0.420512
0.578859
0.53963
0.454558
0.411894
0.427524
0.55471
0.526001
