0.203261
0.0457505
0.149767
0.217605
0.00109584
0.0193367
0.299314
0.0768399
0.076535
0.00963916
0.483488
0.437012
0.00592788
0.128932
0.259839
0.150688
0.241142
0.25346
0.149864
0.0286763
0.0194512
0.0572624
0.28453
0.0351271
0.0130789
0.301208
0.177693
0.766876
0.0498301
0.712756
0.253061
0.0151752
0.0864656
0.00953677
0.0228626
0.0938687
0.00828023
0.46227
0.0692933
0.231327
0.0423483
0.309266
0.655459
0.175036
0.0195463
0.0277641
0.316992
0.290237
0.253573
0.124639
0.145483
0.348517
0.0431972
0.157241
0.00466518
0.12348
0.0154456
0.00688589
0.223453
0.262071
0.149106
0.0123364
0.00750294
0.272097
0.156843
0.00404618
0.00573806
0.0582254
0.217311
0.119613
0.315202
0.0596096
0.00224996
0.0415076
0.241173
0.273548
0.00620334
0.105281
0.0148679
0.0133615
0.0246804
0.521628
0.0491988
0.0289438
0.0159657
0.0444479
0.0642002
0.188476
0.0655453
0.39594
0.215048
0.399021
0.15425
0.0313769
0.00420416
0.0323231
0.0876046
0.0106434
0.0966607
0.0405938