0.0173695
0.520754
0.860515
0.00180456
0.0040303
0.00795816
0.226491
0.0130965
0.794451
0.819238
0.00260537
0.0145295
0.00513699
0.0905913
0.0562669
0.0177506
0.0189517
0.0204855
0.00344906
0.858829
0.0109033
0.000912211
0.0397226
0.0230847
0.020863
0.00618911
0.457886
0.0191202
0.0134938
0.0906699
0.0433954
0.00970157
0.722126
0.763795
0.00868402
0.74699
0.0546894
0.966745
0.00545927
0.162517
0.206361
0.00979447
0.010458
0.00974031
0.00697031
0.271439
0.00778941
0.005672
0.00160571
0.0961719
0.00764241
0.0419902
0.000643722
0.0185127
0.0158106
0.707167
0.0166923
0.0525704
0.0572382
0.0128029
0.0288797
0.019774
0.0260843
0.00537031
0.00295172
0.0756475
0.0943392
0.0398122
0.00305136
0.00342651
0.222842
0.0866404
0.0573684
0.466349
0.793255
0.0188949
0.247788
0.845033
0.00199684
0.0185745
0.0305347
0.0199293
0.0292629
0.495986
0.0453012
0.0539632
0.00789724
0.0184498
0.75246
0.090157
0.0479266
0.00350657
0.0634406
0.00516017
0.0818297
0.0102159
0.0104025
0.0058737
0.0769083
0.0143939