0.0183562
0.134037
0.0182476
0.00441057
0.139479
0.0696404
0.0107152
0.00797047
0.0449839
0.410498
0.0158448
0.328686
0.461078
0.237939
0.064276
0.362122
0.0555057
0.0162347
0.635399
0.23292
0.625377
0.65519
0.235433
0.00403213
0.205406
0.0147831
0.0320752
0.00251506
0.00902802
0.007111
0.89881
0.121625
0.301384
0.00934791
0.0202681
0.0274707
0.02834
0.0954797
0.00508634
0.00337722
0.00140447
0.0140913
0.0791296
0.0434428
0.0272748
0.129005
0.15073
0.0164562
0.00726796
0.00731813
0.066231
0.0152901
0.145628
0.689626
0.122277
0.111137
0.00892381
0.797859
0.770574
0.926291
0.724228
0.0584159
0.00358696
0.00189036
0.143864
5.40444e-05
0.00450588
0.0458539
0.0244567
0.0105848
0.0248259
0.00140602
0.103864
0.0173207
0.0773345
0.0037303
0.786015
0.00603047
0.00102202
0.0002589
0.011452
0.198635
0.0230447
0.00946108
0.920402
0.311269
0.0177258
0.0198052
0.146398
0.0233675
0.0451323
0.0063735
0.327052
0.00767457
0.0115564
0.158364
0.0120889
0.00304203
0.00335021
0.00411808