0.035551
0.0462437
0.0352376
0.00426954
0.00183212
0.692396
0.00635962
0.0841105
0.55105
0.37863
0.0112905
0.00424013
0.13797
0.0833546
0.0059155
0.00927609
0.000306533
0.0256143
0.0221604
0.00155936
0.128007
0.186444
0.0907143
0.774659
0.0134371
0.846444
0.189101
0.00996784
0.139802
0.0347966
0.0207603
0.00264304
0.0497793
0.0661079
0.0445251
0.0124081
0.0581976
0.551574
0.00648293
0.0179981
0.0553908
0.00209433
0.0161856
0.0169763
0.970176
0.278017
0.470209
0.0602487
0.127725
0.557362
0.0611377
0.09945
0.00154661
0.00109497
0.0432055
0.757653
0.109727
0.328251
0.0348818
0.000873178
0.00231951
0.116663
0.114705
0.0453072
0.122154
0.00226704
0.0229246
0.00260684
0.00919993
0.000849944
0.0336927
0.00505168
0.0245595
0.00208312
0.00856911
0.0802154
0.0220012
0.00578476
0.0197089
0.0707303
0.000671644
0.0046008
0.342938
0.747334
0.102539
0.0264436
0.0782801
0.681469
0.446438
0.00106393
0.000768244
0.632376
0.0377045
0.00641967
0.870632
0.0700107
0.0046654
0.0240679
0.715229
0.121534