0.000425167
0.0458899
0.000637456
0.706759
0.000389856
0.857974
0.00144667
0.0316665
0.000876
0.124646
0.0178414
0.984432
0.00561138
0.0159201
0.0940457
0.157213
0.0118129
0.00330253
0.000466856
0.72073
0.984771
0.000510622
0.0224766
8.99444e-05
0.336524
0.00114359
0.1176
0.00152254
0.0353104
0.0637287
0.00779263
0.00399119
0.0249616
0.0545433
0.665857
0.000303356
0.020879
0.0256428
0.898942
0.0647669
0.00169642
0.00353848
0.00267107
0.00219041
0.044629
0.0115448
0.0878993
0.0905288
0.057594
0.0218453
0.378803
0.00690383
0.00608189
0.0011002
0.00491593
0.000546122
0.21109
0.0104353
0.0253907
0.0755494
0.950458
0.000279867
1.17667e-05
0.0156118
0.00150302
0.000428011
0.00229959
0.0115653
0.0893878
0.831438
0.104874
0.00225419
0.0116763
0.023709
0.026217
0.530455
0.00264851
0.777085
0.959998
0.0162984
0.073321
0.0668592
0.210241
0.00124763
0.959876
0.00752723
0.0554343
0.720292
0.00699933
0.00300289
0.0344795
0.00273846
0.00271043
0.307328
0.00575351
0.00895124
0.00214491
0.0111918
0.00294033
0.0003623