0.0344757
0.0182397
0.0921923
0.0044567
0.0403084
0.0609346
0.0326869
0.106914
0.059116
0.168548
0.248549
0.207482
0.56855
0.28866
0.0987895
0.098959
0.00242306
0.0116014
0.316591
0.0132337
0.0510039
0.112011
0.0286093
0.190551
0.518616
0.052671
0.235528
0.12728
0.422975
0.150877
0.448292
0.371144
0.335393
0.047801
0.159157
0.117613
0.163519
0.249653
0.00645018
0.0835238
0.306864
0.19651
0.357913
0.101415
0.317629
0.0107962
0.0100553
0.0961311
0.097457
0.375467
0.0553364
0.0121253
0.0929383
0.15972
0.405797
0.0469366
0.061633
0.164333
0.0779066
0.0862689
0.00108677
0.0586329
0.294492
0.00572758
0.0690631
0.0137168
0.02812
0.523346
0.0443668
0.102721
0.487937
0.172951
0.0107761
0.0424536
0.128634
0.0175527
0.00859848
0.0804549
0.18257
0.0513647
0.0703094
0.477645
0.1387
0.0145428
0.343957
0.0800659
0.249713
0.122174
0.20855
0.36119
0.0247923
0.103807
0.176373
0.204637
0.0772925
0.0312521
0.137506
0.0639489
0.167927
0.242438