0.624629
0.0132314
0.254524
0.468041
0.163192
0.412808
0.0194735
0.337575
0.0201003
0.0398171
0.00517076
0.211333
0.30366
0.0782345
0.122812
0.0215015
0.0977732
0.300963
0.495528
0.230229
0.133027
0.138475
0.106737
0.0119869
0.149294
0.0860286
0.0757941
0.0685348
0.32564
0.0383856
0.296031
0.101689
0.285698
0.178328
0.209333
0.00313393
0.0212844
0.257852
0.194456
0.449173
0.0244284
0.0288146
0.197916
0.0256704
0.00828803
0.0973989
0.0128087
0.39905
0.102603
0.0814574
0.00938829
0.137911
0.0771444
0.333793
0.222085
0.167176
0.00947447
0.0423624
0.115963
0.00632211
0.0135939
0.156326
0.179104
0.00915344
0.274019
0.320572
0.296443
0.103935
0.00565907
0.045953
0.0624002
0.163613
0.125979
0.0471202
0.0725836
0.0418012
0.265893
0.0265871
0.128295
0.0272834
0.303778
0.024239
0.0533596
0.310514
0.0935345
0.243491
0.0699563
0.231209
0.0586956
0.0836105
0.219068
0.0342749
0.0070284
0.270266
0.273164
0.282901
0.00458297
0.382142
0.0266216
0.209718