0.195676
0.265575
0.0429328
0.282408
0.0747378
0.2986
0.0181893
0.0216753
0.0114746
0.0833388
0.112566
0.0727528
0.0442572
0.305573
0.001995
0.346129
0.224964
0.0843429
0.104953
0.136407
0.0753714
0.0118831
0.135937
0.0954069
0.0458635
0.116919
0.0812331
0.00841553
0.101998
0.0700838
0.297874
0.0384936
0.367946
0.021098
0.238381
0.320631
0.190687
0.230833
0.556283
0.0376693
0.0498739
0.0605741
0.253037
0.300533
0.089498
0.0849
0.314163
0.049737
0.313054
0.39377
0.180185
0.0752346
0.0822547
0.00178857
0.0541105
0.228034
0.144473
0.115375
0.263826
0.308134
0.046469
0.00969911
0.000855556
0.184489
0.114572
0.242664
0.00377509
0.0561008
0.272407
0.031563
0.0492677
0.0822384
0.0182573
0.0238367
0.490737
0.238443
0.1596
0.0157514
0.149879
0.225802
0.37741
0.0124309
0.177113
0.331648
0.0406934
0.421372
0.0281568
0.115789
0.0481928
0.007008
0.157855
0.076532
0.298179
0.0561736
0.0769374
0.299805
0.0882865
0.253004
0.313022
0.269873