0.641831
0.0510842
0.102784
0.132705
0.717202
0.0192255
0.0106034
0.256089
0.0813074
0.108951
0.232067
0.138159
0.0278596
0.101816
0.0115088
0.454191
0.076412
0.0395636
0.0647186
0.0858797
0.0818294
0.00272338
0.126664
0.0463233
0.0936413
0.0108869
0.135407
0.0483269
0.230142
0.171918
0.46994
0.160296
0.149385
0.116115
0.0813728
0.388211
0.0880596
0.105558
0.520384
0.513827
0.146678
0.130673
0.104117
0.0291108
0.0312531
0.0540667
0.433115
0.148394
0.0246494
0.264363
0.0702858
0.0120682
0.0329455
0.0426029
0.00684444
0.192878
0.464638
0.0847501
0.00932228
0.110773
0.028095
0.164982
0.641437
0.0111924
0.29567
0.0688906
0.0265933
0.267553
0.118437
0.0120556
0.110813
0.0557707
0.712553
0.0941022
0.0810064
0.263708
0.314576
0.00748071
0.0128773
0.120682
0.0268848
0.0878711
0.0107271
0.0317378
0.161984
0.14314
0.207883
0.162824
0.0305654
0.249835
0.0876413
0.0192062
0.100444
0.0512578
0.0903413
0.0906469
0.054542
0.051327
0.272038
0.372133