0.221537
0.0403745
0.0178736
0.0187285
0.149612
0.0903806
0.0326764
0.0428304
0.0372804
0.0194247
0.023783
0.0366729
0.0088178
0.0166892
0.0133148
0.022806
0.165842
0.200128
0.125091
0.166026
0.014722
0.012264
0.600406
0.240588
0.00859961
0.0330753
0.0432457
0.811841
0.0122436
0.675408
0.373027
0.0384132
0.124906
0.0137367
0.609739
0.0294625
0.16489
0.862803
0.227877
0.0347347
0.556362
0.435704
0.00410422
0.0911701
0.0947835
0.123424
0.0645992
0.0464445
0.0159481
0.382477
0.0441606
0.262614
0.0883986
0.00539059
0.151131
0.00203264
0.0966317
0.141696
0.00296509
0.0154567
0.00811031
0.16342
0.0109307
0.22687
0.236342
0.339797
0.577744
0.359113
0.0329935
0.73531
0.0187305
0.0649972
0.0573978
0.0926144
0.0669406
0.0509729
0.0891225
0.00572941
0.258971
0.414613
0.016002
0.0908062
0.0139411
0.0431132
0.709464
0.0132644
0.0970939
0.0032336
0.0377467
0.0509265
0.0533985
0.014632
0.00156299
0.0656646
0.0378101
0.379615
0.00451504
0.0459682
0.426284
0.0768756