0.00834608
0.150822
0.397104
0.270062
0.0121894
0.242243
0.0256433
0.000701367
0.234023
0.0164872
0.309539
0.368083
0.0182425
0.0274717
0.103729
0.0319884
0.108793
0.00871459
0.769145
0.00619212
0.0293322
0.0363888
0.015983
0.525516
0.00198902
0.329322
0.383435
0.0757872
0.0884096
0.325226
0.00154828
0.553818
0.00416517
0.0497711
0.0111905
0.917877
0.110932
0.0132965
0.0165353
0.291922
0.0876376
0.0182311
0.694157
0.160733
0.00170788
0.575719
0.546633
0.154988
0.000956856
0.014219
0.00703819
0.004251
0.0114406
0.00266808
0.0838323
0.00975301
0.0436387
0.0341674
0.00354824
0.010787
0.0253576
0.0371471
0.00765093
0.297502
0.024942
0.0164743
0.057481
0.000476633
0.383175
0.18869
0.00337199
0.00334572
0.057866
0.107628
0.191702
0.0199277
0.36331
0.0737667
0.350955
0.0621015
0.136703
0.582542
0.0114511
0.125463
0.00371342
0.181229
0.148784
0.0469826
0.113784
0.0407276
0.324393
0.107711
0.0127768
0.401407
0.000261678
0.0661533
0.00541642
0.192315
0.332811
0.534432