0.00866788
0.00802049
0.0122603
0.0347094
0.00651204
0.091788
0.422214
0.766364
0.0317036
0.0122401
0.0141688
0.547697
0.0203365
0.00640003
0.0420418
0.147791
0.925423
0.695776
0.168078
0.00798963
0.182349
0.169469
0.0133405
0.00608564
0.0369878
0.0807399
0.0363514
0.788301
0.0577468
0.0213435
0.874422
0.0516337
0.0188163
0.211795
0.0114806
0.0480049
0.320681
0.299885
0.2897
0.0402668
0.0568463
0.0041752
0.542768
0.0276042
0.0147115
0.00183486
0.62409
0.00583322
0.0108475
0.0017887
0.0967518
0.164391
0.147514
0.0117173
0.12015
0.00647404
0.011027
0.110418
0.183008
0.121818
0.0353436
0.0791701
0.0473202
0.252164
0.205173
0.00322894
0.393796
0.0367422
0.0281457
0.036801
0.539815
0.22054
0.00698811
0.227672
0.0406987
0.0386655
0.0701146
0.0106442
0.0954793
0.00815291
0.00916992
0.0798178
0.138141
0.206138
0.0189671
0.0528134
0.141009
0.778428
0.00433173
0.00743766
0.011813
0.311594
0.148086
0.00336636
0.0544903
0.0002063
0.00473549
0.0337372
0.00549556
0.820214