0.0326516
0.0752385
0.00391882
0.019938
0.0531076
0.0417712
0.0760446
0.00821941
0.0127563
0.0332752
0.0524267
0.605149
0.313245
0.00816021
0.366504
0.0770173
0.0579797
0.168708
0.0367427
0.0490017
0.0179996
0.0285921
0.232963
0.0271172
0.00710129
0.0277023
0.0278696
0.0309005
0.0514016
0.23376
0.0400501
0.150527
0.327521
0.00889708
0.690558
0.152901
0.158708
0.522463
0.379423
0.795363
0.164261
0.0251418
0.205006
0.00685986
0.0854307
0.013945
0.0108004
0.058574
0.81238
0.681761
0.164452
0.239168
0.66792
0.0333743
0.231211
0.0421735
0.0523513
0.00932907
0.0614653
0.378776
0.00555714
0.223837
0.0476999
0.366272
0.201406
0.0412269
0.001892
0.0227763
0.0456022
0.184527
0.00746443
0.11889
0.0182389
0.0510631
0.0054191
0.505533
0.0363374
0.042204
0.124685
0.078826
0.175241
0.035517
0.0634617
0.0683798
0.00104939
0.390884
0.26638
0.206111
0.381345
0.0216165
0.357212
0.237956
0.0853132
0.235659
0.00719646
0.0100037
0.305441
0.0207132
0.0468688
0.00613578