0.574746
0.162094
0.0116229
0.0155371
0.187539
0.00988601
0.190162
0.104374
0.0351765
0.162529
0.267144
0.0176799
0.00288048
0.01203
0.0318452
0.00518488
0.0166678
0.00944791
0.0102838
0.247792
0.0630809
0.0261457
0.0421716
0.0225144
0.0789075
0.17552
0.0130805
0.0429482
0.592034
0.0627377
0.0501173
0.0154201
0.0423177
0.277608
0.00456797
0.336575
0.0800687
0.0530187
0.47694
0.348295
0.0914044
0.0165223
0.0137936
0.0808842
0.0380678
0.00179866
0.176935
0.618848
0.565125
0.00113769
0.0333521
0.00983009
0.056829
0.00531583
0.0374535
0.44643
0.122125
0.113466
0.535717
0.578317
0.0130621
0.123861
0.0172701
0.90677
0.0412654
0.443405
0.0212446
0.0872417
0.0452203
0.0363069
0.0103512
0.196456
0.197771
0.0512339
0.0724726
0.00490769
0.0853351
0.0388012
0.0851968
0.0167171
0.00447738
0.0761323
0.656576
0.0242422
0.0162247
0.19318
0.472155
0.000698267
0.613385
0.0675736
0.401407
0.0295247
0.00434881
0.403179
0.19816
0.0166545
0.00605453
0.138874
0.662906
0.0973132