0.00924792
0.12613
0.000254478
0.798899
0.0420105
0.279057
0.00808657
0.00128438
0.0189479
0.0043713
0.0067917
0.00490958
0.0838778
0.00280083
0.413085
0.525278
0.00679002
0.0089998
0.00529029
0.0385875
0.217347
0.181874
0.144036
0.191606
0.519073
0.145473
0.229671
0.0025337
0.0095501
0.744542
0.664534
0.169037
0.0297375
0.00424901
0.00706631
0.793882
0.181271
0.00896804
0.047449
0.000881611
0.0242911
0.29253
0.232173
0.0369638
0.0202345
0.00875689
0.0189607
0.0101578
0.066901
0.321481
0.0153789
0.0484724
0.0112149
0.0153525
0.895654
0.114768
0.0362034
0.00536156
0.0318731
0.00483148
0.0129359
0.325056
0.0013459
0.00441029
0.0712619
0.174335
0.0337044
0.00557369
0.123503
0.15126
0.221658
0.0106234
0.0175494
0.75131
0.0450787
0.0944589
0.0513718
0.24505
0.0243773
0.0615953
0.0230016
0.247031
0.00616197
0.491958
0.0201177
0.0222036
0.260441
0.756091
0.0188571
0.0730539
0.011269
0.0772829
0.0826219
0.943001
0.0249522
0.00545947
0.0375831
0.000440944
0.0103848
0.572587