0.00631838
0.38805
0.112989
0.145658
0.372178
0.0318796
0.220508
0.0512688
0.428712
0.256143
0.0529207
0.0807906
0.174683
0.0278582
0.0524691
0.0676273
0.153197
0.0515326
0.365596
0.0589744
0.292276
0.270759
0.371025
0.623638
0.0605614
0.268781
0.00129522
0.010573
0.123492
0.137288
0.000369956
0.480545
0.0616261
0.206514
0.149548
0.0271905
0.00526133
0.0361998
0.342882
0.599514
0.0115504
0.000896044
0.171087
0.0332914
0.436003
0.0295688
0.0755868
0.111068
0.00428231
0.0637893
0.082576
0.216501
0.00422867
0.0471586
0.00962234
0.121434
0.706256
0.134349
0.0241489
0.124495
0.335164
0.00441188
0.0282155
0.120279
0.123242
0.00121037
0.346522
0.0994824
0.126355
0.0201648
0.0374241
0.146115
0.0265136
0.0431722
0.0762318
0.059728
0.592525
0.0801016
0.0147847
0.261706
0.0287111
0.00815221
0.00805949
0.0272193
0.108814
0.255262
0.0298196
0.0924802
0.422168
0.0346331
0.55831
0.448069
0.00585777
0.0693084
0.00517172
0.033572
0.00445961
0.613228
0.0676313
0.0591403