0.0839488
0.0542225
0.205521
0.0402843
0.0671303
0.0732991
0.0814704
0.0109273
0.229325
0.456967
0.29479
0.197441
0.279892
0.175329
0.231225
0.0838107
0.410823
0.0371326
0.198469
0.131884
0.167914
0.0739579
0.228139
0.0469263
0.273004
0.247192
0.219857
0.0894438
0.523501
0.105519
0.0883698
0.0210636
0.00976469
0.0880161
0.0408515
0.00444672
0.00945888
0.0315452
0.452558
0.105236
0.0442716
0.00872472
0.00841771
0.00480639
0.0158883
0.082809
0.0382062
0.0627626
0.0105229
0.117592
0.101948
0.212184
0.157086
0.0376202
0.0638144
0.17672
0.845279
0.0272424
0.0201116
0.0303355
0.100073
0.238539
0.556035
0.0128588
0.00919907
0.335153
0.459191
0.366987
0.141218
0.0386211
0.0175295
0.100239
0.0047214
0.0156585
0.201202
0.17582
0.31175
0.0257722
0.149545
0.244567
0.0403064
0.0171158
0.0319351
0.0233762
0.400559
0.032935
0.437495
0.159671
0.00464541
0.0511246
0.317906
0.621774
0.0162331
0.056208
0.334181
0.468982
0.100193
0.0243287
0.0717279
0.0476236