0.00648491
0.0242466
0.0520963
0.293404
0.26726
0.00465793
0.195998
0.221247
0.00438406
0.490598
0.276728
0.298174
0.329367
0.148758
0.0930328
0.315273
0.0116588
0.0259423
0.0563549
0.334832
0.125108
0.149463
0.333516
0.380947
0.00961408
0.319746
0.008912
0.0123876
0.0282451
0.0764693
0.0560791
0.0130332
0.00510601
0.00350043
0.208263
0.0097053
0.118849
0.0184636
0.0500812
0.234128
0.276779
0.0277063
0.302411
0.0311407
0.280473
0.0897574
0.0756276
0.204519
0.00571911
0.00831244
0.00543939
0.499835
0.0238323
0.00614028
0.0537157
0.469657
0.290507
0.00594596
0.334976
0.0893189
0.209453
0.0458754
0.0236046
0.205773
0.193283
0.281748
0.0221273
0.441994
0.543221
0.0108835
0.1559
0.433376
0.300775
0.22579
0.703934
0.311779
0.194757
0.00689792
0.22409
0.286392
0.284549
0.059292
0.0430578
0.0258054
0.0117346
0.0686213
0.293197
0.0239988
0.0124809
0.00967782
0.111715
0.141255
0.133185
0.00426047
0.0434068
0.0484881
0.00813596
0.0236214
0.0810436
0.0568907