0.246529
0.0332231
0.00409871
0.0105021
0.0245062
0.0115779
0.000877089
0.027685
0.0102103
0.236423
0.00598301
0.0223557
0.0160521
0.00963526
0.499805
0.378262
0.0169062
0.0278669
0.00271464
0.870232
0.00510057
0.5495
0.541036
0.172484
0.0318963
0.0418442
0.0595765
0.635835
0.135823
0.00547327
0.0262383
0.0328812
0.418522
0.0034489
0.0283167
0.0950599
0.0673921
0.0877519
0.00877721
0.500816
0.0132003
0.176063
0.157886
0.0135723
0.00929533
0.148905
0.0795333
0.0100505
0.00813342
0.0528971
0.132343
0.0327812
0.0169099
0.15259
0.776174
0.0471388
0.0158452
0.14243
0.0459567
0.479348
0.734023
0.10245
0.045451
0.17078
0.0221258
0.0075557
0.135834
0.0788524
0.00827579
0.0827571
0.25046
0.0319776
0.0383203
0.0583183
0.870926
0.469906
0.181104
0.0406999
0.0161236
0.0385323
0.0616764
0.0336239
0.296811
0.0207396
0.000650489
0.225247
0.0164119
0.472835
0.231389
0.00127951
0.0841913
0.595542
0.0434942
0.796997
0.0100098
0.0215733
0.161662
0.0208647
0.0845299
0.0217288