0.038339
0.165509
0.0182044
0.776906
0.511571
0.227226
0.00248041
0.00779139
0.137219
0.0388126
0.030545
0.00208611
0.00175414
0.253289
0.0201495
0.149883
0.0114462
0.0978605
0.743996
0.00414898
0.00723336
0.0226302
0.00413007
0.0127115
0.00171391
0.559662
0.0272709
0.00246849
0.016015
0.0456348
0.00521828
0.0252237
0.0429406
0.834176
0.303939
0.124598
0.114448
0.48343
0.0629192
0.011285
0.00369658
0.0228409
0.0154816
0.0955903
0.0287516
0.00195549
0.492151
0.0277939
0.00190597
0.0185089
0.00209474
0.039382
0.00280328
0.0381448
0.0276429
0.019126
0.00186896
0.0345035
0.218996
0.004241
0.0487096
0.38814
0.0364507
0.612933
0.534889
0.0712651
0.0381528
0.180982
0.702296
0.073797
0.000951789
0.623237
0.140396
0.501948
0.0165296
0.247375
0.0352977
0.0148208
0.850947
0.419752
0.0233196
0.123866
0.110766
0.000906678
0.0503937
0.118587
0.0821158
0.128685
0.631853
0.038449
0.0860018
0.113812
0.00573223
0.0891602
0.397745
0.00508949
0.0598036
0.0288593
0.224909
0.0967306