0.00145501
0.0294994
0.227087
0.93227
0.838346
0.00882116
0.0915571
0.431069
0.102431
0.252283
0.00199577
0.0191046
0.00155343
0.140862
0.0770346
0.00412589
0.0179876
0.247223
0.00816427
0.0965883
0.00432258
0.21068
0.015466
0.942234
0.826356
0.0162007
0.0969703
0.0151195
0.0116154
0.00227549
0.0125329
0.0313914
0.00124768
0.0030106
0.0159057
0.000396756
0.0133336
0.535227
0.0236212
0.0665897
0.00272778
0.788272
0.0158596
0.00885543
0.0161538
0.00849943
0.00135199
0.0495885
0.0274523
0.771771
0.549388
0.0450229
0.00375624
0.167389
0.00248804
0.392338
0.784495
0.00585384
0.00999129
0.000487378
0.52915
0.0864055
0.0218273
0.235381
0.365832
0.0703105
0.0359858
0.000559111
0.22065
0.00254622
0.00206726
0.201201
0.950331
0.0157165
0.0555794
0.0308957
0.00196263
0.00273358
0.0112825
0.0599035
0.0179099
0.0370154
0.087227
0.0073964
0.139339
0.0742783
0.00244516
0.00464292
0.240331
0.0805929
0.0210508
0.136724
0.202041
0.00249247
0.945323
0.0188644
0.0365387
0.008226
0.00274052
0.00880576