0.275839
0.0325093
0.0836825
0.356481
0.0339936
0.0725848
0.0178433
0.011227
0.0692747
0.00228006
0.0159277
0.191455
0.0319533
0.0355975
0.21356
0.0286523
0.286911
0.1387
0.0191945
0.00729231
0.00367738
0.00391399
0.235296
0.263239
0.335157
0.0113511
0.171955
0.281859
0.196391
0.0764921
0.330586
0.00478582
0.113003
0.179491
0.0949555
0.0105699
0.890704
0.0655259
0.0489693
0.0206851
0.312434
0.660727
0.0377576
0.00994454
0.030693
0.57773
0.541377
0.670971
0.390519
0.105635
0.451155
0.1031
0.0927012
0.0198401
0.0285096
0.307021
0.00201874
0.0845632
0.0479646
0.0627731
0.225384
0.0629462
0.00300933
0.0168066
0.0231192
0.00379066
0.0182928
0.0100749
0.077388
0.187519
0.0390956
0.029504
0.130132
0.20627
0.0212993
0.000759989
0.0106513
0.141725
0.157034
0.553614
0.553602
0.771652
0.231377
0.018033
0.0404121
0.124879
0.578716
0.00446447
0.0948865
0.0618976
0.00520727
0.0572573
0.140318
0.027526
0.0238756
0.00342446
0.0217338
0.00335052
0.511843
0.006128