0.485609
0.00286532
0.0138262
0.0895131
0.0358112
0.100573
0.010968
0.710984
0.508351
0.00118214
0.0230443
0.0214067
0.0467786
0.0136758
0.00781361
0.0117922
0.36546
0.00102587
0.000187289
0.286175
0.013223
0.0126854
0.825326
0.366975
0.946662
0.0260993
0.0187662
0.125354
0.0881221
0.236269
0.0188904
0.608838
0.696936
0.0475649
0.0141237
0.0197273
0.00359013
0.123619
0.00180209
0.0409213
0.0324502
0.00395237
0.0332829
0.0026466
0.00264557
0.453964
0.0307194
0.00316261
0.10843
0.793741
0.0219714
0.0133145
0.799223
0.00441624
0.00478779
0.0335631
0.00134819
0.0103669
0.0928028
0.538622
0.170855
0.0600891
0.00593489
0.0148451
0.000265522
0.0168471
0.116989
0.399185
0.666486
0.118786
0.192297
0.13712
0.121513
0.0383862
0.0117398
0.0342068
0.0139775
0.00437217
0.870698
0.256416
0.00502931
0.00589688
0.000978856
0.0020877
0.00435908
0.140526
0.0176777
0.00641708
0.597297
0.00208118
0.0276551
0.0940415
0.000374211
0.0845572
0.0355432
0.0358304
0.00799383
0.0623209
0.657831
0.00254329