0.0109185
0.0646224
0.111871
0.00937133
0.0229506
0.315534
0.228099
0.0492876
0.045074
0.37454
0.244131
0.0863369
0.106148
0.148506
0.0629665
0.277994
0.103455
0.0413309
0.127265
0.101242
0.0315387
0.12482
0.078711
0.0644839
0.0542664
0.144499
0.250086
0.00993474
0.110775
0.0115644
0.173033
0.307962
0.0177266
0.272957
0.135801
0.223053
0.0675659
0.179074
0.0537507
0.0690111
0.468683
0.00582572
0.401171
0.109166
0.3224
0.0658317
0.00460668
0.0386879
0.05189
0.436581
0.0825965
0.106692
0.199178
0.0479486
0.0414298
0.230615
0.0346701
0.0220369
0.18444
0.0841534
0.0169866
0.0754032
0.046975
0.0393589
0.0537657
0.169741
0.36208
0.122784
0.155778
0.446895
0.28604
0.184095
0.0650015
0.0489214
0.0494086
0.103138
0.241306
0.0466632
0.0117719
0.165512
0.360638
0.305261
0.375949
0.0384839
0.535014
0.551416
0.1089
0.198592
0.111314
0.146182
0.0468654
0.0409709
0.0438224
0.289051
0.330635
0.0214909
0.113661
0.226565
0.582164
0.030536