0.00730014
0.272628
0.130171
0.0226291
0.356468
0.650002
0.146649
0.11661
0.132653
0.0243966
0.0294716
0.30474
0.0320497
0.284256
0.0564001
0.325096
0.155753
0.239103
0.170182
0.128556
0.0816892
0.193553
0.61393
0.0735833
0.203138
0.0446378
0.143635
0.0872116
0.0602976
0.172321
0.435417
0.127482
0.407263
0.264882
0.0362512
0.462694
0.32284
0.0365163
0.134475
0.204303
0.209889
0.0463927
0.107122
0.0212545
0.05111
0.0801257
0.00272603
0.0252397
0.164897
0.0953702
0.0736363
0.156324
0.141422
0.010381
0.299975
0.143347
0.118879
0.274758
0.141777
0.0284734
0.0433474
0.314629
0.189557
0.45552
0.0110331
0.258456
0.090916
0.0653813
0.0220302
0.178243
0.149173
0.0919719
0.0298456
0.0412142
0.0154763
0.0458552
0.0283564
0.483253
0.133778
0.0368769
0.108419
0.0309897
0.114265
0.0138197
0.185772
0.314495
0.0467458
0.133667
0.237657
0.19374
0.099058
0.0206719
0.11885
0.194201
0.0170638
0.0244479
0.0146089
0.492415
0.0608685
0.00900296