0.00250219
0.00355748
0.00445678
0.70953
0.0322191
0.879345
0.00366914
0.00455704
0.714083
0.3043
0.0592265
0.00165179
0.0005291
0.00279861
0.216471
0.617123
0.00410328
0.020137
0.000738633
0.00238147
0.00991332
0.000646044
0.859801
0.198883
0.00267001
0.00215228
0.0520831
0.508158
0.616477
0.577538
0.462388
0.174424
0.768336
0.0112226
0.00273489
0.0545439
0.00862253
0.00461484
0.0185568
0.00777282
0.00514177
0.517236
0.0219209
0.0193572
0.0433918
0.0246901
0.00676939
0.551533
0.0318466
0.0190968
0.000756133
0.130847
0.0915065
0.22953
0.0210817
0.0186218
0.00281484
0.0807386
0.00345667
0.00209901
0.028092
0.00219293
0.0570477
0.00137891
0.131573
0.219587
0.347337
0.00261763
0.0262
0.00116982
0.0168238
0.00689908
0.170253
0.0624714
0.0416483
0.14896
0.00264483
0.356485
0.129119
0.000497
0.00567546
0.0172152
0.0755957
0.943016
0.0008145
0.000272
0.0394945
0.968696
0.00853614
0.115827
0.0196912
0.252933
0.365921
0.00535982
0.0806828
0.0073346
0.00634838
0.545072
0.00556258
0.0356014