0.0164482
0.0290947
0.00150146
0.0931973
0.306127
0.385694
0.622837
0.00474453
0.0233824
0.148533
0.00781092
0.457354
0.117885
0.0669502
0.604259
0.0904788
0.0575971
0.109876
0.0102325
0.400396
0.00775612
0.0562612
0.0610344
0.0241883
0.733303
0.180897
0.0429635
0.229011
0.268314
0.0496627
0.0388647
0.00694013
0.074372
0.432154
0.694087
0.196841
0.545744
0.104608
0.00475012
0.0239697
0.0392981
0.0276761
0.0491634
0.00976018
0.0927807
0.0106271
0.00781514
0.00230501
0.0559128
0.0187767
0.0404884
0.00590466
0.0368708
0.787331
0.100396
0.127501
0.205307
0.235477
0.634639
0.00616659
0.0297518
0.00553243
0.00848384
0.269629
0.0171371
0.0513544
0.00544696
0.00542556
0.0213109
0.00507424
0.0465905
0.0839344
0.00658896
0.0137786
0.305028
0.158785
0.0224766
0.073015
0.0196249
0.146728
0.0254296
0.0238117
0.565357
0.0155253
0.338027
0.0023698
0.000821633
0.112123
0.394185
0.78303
0.00231064
0.0909208
0.187314
0.293238
0.00516031
0.351586
0.250096
0.00543748
0.371128
0.0621134