0.0350722
0.0316086
0.0239652
0.292471
0.119291
0.00509206
0.124271
0.0879111
0.00590746
0.0443921
0.904994
0.0110261
0.808885
0.004162
0.265403
0.035212
0.0259896
0.013437
0.0573537
0.198007
0.00480637
0.0113307
0.0218206
0.0710471
0.570344
0.502599
0.132746
0.299452
0.00612936
0.0167194
0.693118
0.101605
0.0598395
0.46529
0.0590965
0.307858
0.0786267
0.267029
0.102849
0.319042
0.020315
0.00302847
0.0286695
0.0203338
0.010402
0.16886
0.0376324
0.0007483
0.0697028
0.32775
0.729545
0.12157
0.0784629
0.168408
0.096334
0.0778508
0.00765242
0.0670737
0.0117128
0.66687
0.00775784
0.00509339
0.0197927
0.0973132
0.0303758
0.0838381
0.0642877
0.0586095
0.0822235
0.0171069
0.0176266
0.00210422
0.0210077
0.0551163
0.021134
0.220133
0.0600202
0.493028
0.00593554
0.302852
0.0149016
0.0609307
0.512154
0.00656638
0.0458994
0.0685249
0.00568432
0.0316864
0.00223302
0.590822
0.169255
0.00118266
0.0233313
0.0261264
0.779914
0.0660138
0.0616929
0.107542
0.854506
0.0069561