0.206975
0.148504
0.590878
0.282439
0.252703
0.481269
0.285994
0.0452114
0.0130171
0.209706
0.196562
0.029386
0.00400287
0.120435
0.222814
0.0139956
0.056905
0.11766
0.00566503
0.0207986
0.0609422
0.00367053
0.223587
0.0327766
0.0327049
0.0240232
0.548819
0.0259794
0.0595433
0.297665
0.038799
0.0243985
0.0363422
0.47111
0.246538
0.0433256
0.774908
0.0127003
0.118209
0.149092
0.0253508
0.0445183
0.0910064
0.0579783
0.010887
0.166686
0.0717032
0.137604
0.238807
0.00197948
0.0150384
0.20224
0.029586
0.424743
0.0234131
0.158528
0.0491776
0.0589315
0.193063
0.0190009
0.100277
0.516707
0.882801
0.640404
0.00527242
0.219938
0.206933
0.0660177
0.0218081
0.37395
0.049137
0.0285045
0.244171
0.00143377
0.22723
0.0133428
0.0120299
0.14102
0.034414
0.0048333
0.138273
0.0175784
0.0486198
0.00775511
0.609041
0.0623165
0.016333
0.0183536
0.474447
0.361673
0.038233
0.195045
0.0095151
0.287043
0.00463709
0.153034
0.017871
0.0521639
0.135961
0.0115907