0.10395
0.0453179
0.335368
0.00987076
0.0892413
0.0014515
0.0508946
0.120452
0.00164194
0.615276
0.00495939
0.0918129
0.225023
0.569156
0.0416886
0.154308
0.133162
0.294246
0.171299
0.0278946
0.319009
0.0685403
0.530817
0.01915
0.0231014
0.0266846
0.0610043
0.0978395
0.0162794
0.101446
0.126891
0.00453071
0.287886
0.361859
0.13753
0.0277694
0.222648
0.436773
0.0871193
0.114772
0.00352426
0.0258206
0.309161
0.0524897
0.101876
0.161833
0.179417
0.0618912
0.0632869
0.0036565
0.19359
0.0956297
0.358893
0.034926
0.402761
0.130983
0.00836863
0.29532
0.715939
0.190905
0.0288286
0.178195
0.145356
0.216189
0.0565423
0.335394
0.00630083
0.0936336
0.0558865
0.486958
0.0104693
0.014187
0.0189014
0.0444526
0.0521604
0.0151571
0.00635062
0.023162
0.0240182
0.00446777
0.230634
0.22266
0.335334
0.352271
0.713613
0.0857398
0.0342804
0.371648
0.00231557
0.0633081
0.0475891
0.271198
0.0017268
0.0812019
0.078842
0.0859604
0.23186
0.0372254
0.0881464
0.2989