0.193669
0.0542218
0.0399673
0.0161498
0.694692
0.0520383
0.012812
0.00784812
0.579915
0.0746076
0.17369
0.532028
0.864147
0.015794
0.670534
0.279302
0.59019
0.0425318
0.00363646
0.0210626
0.176404
0.0616944
0.102416
0.433587
0.022154
0.0820527
0.0040454
0.018061
0.42748
0.00379036
0.0235305
0.0181867
0.00931876
0.000796178
0.0557122
0.0593515
0.0177968
0.103235
0.347348
0.157729
0.00461587
0.772426
0.00688552
0.0344882
0.00421652
0.0405166
0.0077555
0.0313485
0.334573
0.191963
0.33725
0.0059825
0.0352533
0.0356903
0.067621
0.120981
0.0485916
0.0524828
0.464538
0.0721466
0.362382
0.0117403
0.0089397
0.362727
0.614138
0.00910681
0.0292201
0.174093
0.0501786
0.00205084
0.222568
0.00954724
0.0480186
0.0278843
0.00455098
0.00564618
0.169421
0.00604781
0.0206527
0.348438
0.0307563
0.0363508
0.0215054
0.815389
0.737308
0.0449755
0.0758847
0.0211721
0.0138799
0.126996
0.0439875
0.0778323
0.0100459
0.0439467
0.0661333
0.287237
0.00928484
0.00234948
0.305346
0.029419