0.0113724
0.00610629
0.0466526
0.133441
0.430253
0.0144993
0.000905189
0.0318411
0.106258
0.0763856
0.00345618
0.262686
0.104597
0.293095
0.0280657
0.119113
0.0578126
0.253026
0.0378461
0.0188792
0.0425013
0.0718083
0.0131099
0.229004
0.428615
0.0715217
0.69202
0.128697
0.206216
0.0549397
0.0988419
0.41728
0.395174
0.0112809
0.184521
0.234627
0.00558554
0.016551
0.121052
0.19121
0.0816238
0.00891498
0.0233403
0.10705
0.0124889
0.0267196
0.0918171
0.0378182
0.0288423
0.055168
0.0441393
0.216461
0.0715213
0.0493652
0.29095
0.628617
0.0218799
0.175067
0.0138008
0.621536
0.0967415
0.618059
0.0971461
0.0852014
0.0105595
0.766426
0.0276368
0.190415
0.0148705
0.0115796
0.365463
0.197848
0.010231
0.0607201
0.0129819
0.456418
0.131667
0.568783
0.0612631
0.198731
0.00603967
0.0769292
0.164832
0.0164332
0.0332793
0.488535
0.137647
0.528267
0.0424574
0.0750981
0.0132605
0.0322823
0.11602
0.190614
0.0900355
0.581402
0.00462712
0.0759011
0.00681012
0.0788175