0.0446532
0.0675396
0.299585
0.139242
0.0830542
0.0198045
0.0138206
0.00669701
0.163379
0.0306141
0.155182
0.00879031
0.018713
0.0763793
0.0980331
0.0215223
0.106041
0.0853295
0.0038923
0.00305293
0.089604
0.109272
0.119749
0.0159428
0.00177516
0.384816
0.0244246
0.0102475
0.0113158
0.245837
0.0184733
0.0924831
0.0221266
0.00869459
0.00207678
0.0855647
0.708772
0.00289016
0.254078
0.0404386
0.0610945
0.309354
0.02616
0.465507
0.050727
0.0543967
0.0680212
0.0722396
0.0896934
0.544146
0.00195938
0.0849446
0.0644141
0.00728021
0.722544
0.0769696
0.148963
0.0338391
0.824653
0.885464
0.613797
0.674322
0.567741
0.0359967
0.190469
0.00184946
0.117792
0.0301781
0.0490175
0.0783544
0.00560339
0.0161123
0.092533
0.00999747
0.00872036
0.111124
0.0040087
0.363336
0.0747928
0.920364
0.137442
0.0413899
0.0527307
0.153258
0.00335899
0.00366611
0.00171456
0.0299804
0.381739
0.00617936
0.0218054
0.0531687
0.12595
0.78969
0.00519579
0.00857887
0.152286
0.515162
0.00246136
0.261858