0.00434803
0.0320432
0.167685
0.389713
0.00939772
0.0160925
0.48254
0.760548
0.00508212
0.679061
0.00163951
0.0557027
0.271766
0.725667
0.722806
0.0982896
0.0256617
0.759331
0.206698
0.00149587
0.0188302
0.983884
0.571637
0.000792067
0.0697704
0.137561
0.142262
0.00386589
0.241594
0.00393759
0.190619
0.00458574
0.109676
0.016775
0.0049361
0.738436
0.000351922
0.000405878
0.00679291
0.0223927
0.00653921
0.00409437
0.000559522
0.0590183
0.000877322
0.229132
0.00365063
0.000544044
0.00209696
9.06667e-06
0.717205
0.0054369
0.0036494
0.780606
0.0162265
0.000713622
0.0349825
0.0199538
0.456673
0.00950358
0.00944912
0.979438
0.0159813
0.341692
0.00426303
0.0230263
1.79111e-05
0.047839
0.00618842
0.0530332
0.0140118
0.000802989
0.057301
0.0201403
8.18556e-05
0.0008836
0.0111243
0.0147292
0.000543789
0.132331
0.00993183
0.923384
0.000311911
4.14222e-05
0.208531
0.00755338
0.000470722
0.0048429
0.00173984
0.0015081
0.0115905
0.0506652
0.0191327
0.0198961
0.000901122
0.00528184
0.91838
0.0191422
0.0263713
0.00129996