0.150888
0.105815
0.903193
0.0113507
0.00770672
0.0385986
0.00212778
0.00321773
0.000786178
0.0835388
0.00212403
0.167418
0.773112
0.697827
0.157976
0.745206
0.880883
0.0509876
0.0109053
0.0158959
0.000409022
0.426621
0.152804
0.0775865
0.0146065
0.0423324
0.102223
0.0911055
0.0190179
0.0578082
0.00513497
0.15128
0.00140818
0.000561611
0.0380136
0.00487723
0.00164727
0.00268303
0.0140104
0.01004
0.00486842
0.0603074
0.00142817
0.0620415
0.00260921
0.0532836
0.00865438
0.293466
0.00222173
0.00304256
0.789524
0.019045
0.0101973
0.965384
0.0200752
0.00118272
0.0458022
0.142733
0.00278582
0.668805
0.0127885
0.00981722
0.00489281
0.211844
0.0108539
0.0147183
0.00699893
0.932103
0.423756
0.056426
0.0228562
0.892765
0.0072475
0.532201
0.92308
0.0933156
0.00548042
0.00213244
0.0116354
0.0232998
0.00873558
0.0152899
0.00685371
0.000464578
0.0135058
0.0230329
0.0239517
0.0067509
0.0301981
0.0045603
0.013243
0.00795173
0.000465878
0.0135838
0.00280771
0.000197233
0.73337
0.0484964
0.652718
0.0144249