0.139366
0.0297067
0.100551
0.0385465
0.0151916
0.574645
0.286122
0.50013
0.0321599
0.116046
0.0104944
0.226042
0.602652
0.00382003
0.110687
0.0968913
0.00836436
0.0512128
0.466716
0.0596327
0.500797
0.0159251
0.0335028
0.0799543
0.173973
0.00607368
0.182195
0.114352
0.0236742
0.235984
0.153757
0.0343109
0.0748133
0.0740548
0.0160156
0.118061
0.0932657
0.153617
0.120002
0.212124
0.217826
0.478905
0.417938
0.0891599
0.151687
0.19363
0.262252
0.259337
0.0310533
0.488284
0.212349
0.234674
0.632399
0.0880647
0.164656
0.114981
0.0178733
0.013637
0.116474
0.0474557
0.245511
0.126029
0.0268085
0.0298833
0.198495
0.158517
0.360579
0.107866
0.00509821
0.0113053
0.0887379
0.0496873
0.0265612
0.0831397
0.0297994
0.00983123
0.181468
0.543
0.147681
0.0720466
0.112981
0.111862
0.0621045
0.0230903
0.0345683
0.0411863
0.14354
0.425202
0.132855
0.0156584
0.232969
0.128748
0.103721
0.153806
0.0355824
0.00991799
0.313598
0.0665877
0.183588
0.0483269