0.00653416
0.0219557
0.00575131
0.700341
0.0225436
0.337832
0.00602152
0.0728642
0.0050425
0.038695
0.274088
0.00515067
0.0458465
0.000847422
0.121818
0.0115637
0.0566054
0.011362
0.0999515
0.378725
0.622876
0.446615
0.00293921
0.223974
0.0123553
0.0192349
0.00561222
0.0372616
0.146999
0.00897803
0.111664
0.0478613
0.0475122
0.0265453
0.265416
0.000940633
0.00446882
0.232758
0.209387
0.0929897
0.57699
0.430975
0.0110008
0.0197715
0.0246008
0.393291
0.0169293
0.117105
0.487892
0.0685031
0.108782
0.165474
0.0121182
0.0152939
0.0214393
0.006374
0.0110228
0.27404
0.720703
0.0115927
0.351853
0.113865
0.00157546
0.00438664
0.00553963
0.0934872
0.640999
0.712389
0.105528
0.32537
0.109368
0.100402
0.059206
0.391129
0.0597457
0.00207384
0.00524688
0.150661
0.0151645
0.00605942
0.215079
0.665432
0.262776
0.0956287
0.312991
0.439758
0.346732
0.09804
0.286124
0.240619
0.0398236
0.0710402
0.228278
0.029956
0.019968
0.0198046
0.0130957
0.0068841
0.0654804
0.00461536