0.0458228
0.112335
0.290377
0.321597
0.23424
0.00380473
0.873714
0.0081501
0.0804675
0.169315
0.0311521
0.0450088
0.032596
0.802851
0.0298779
0.508276
0.207483
0.00102476
0.548697
0.00483533
0.0188081
0.045318
0.11194
0.0549017
0.157177
0.0611153
0.0295032
0.0279971
0.195229
0.0188584
0.00210246
0.335714
0.0901416
0.0794799
0.00311704
0.00954951
0.760719
0.0886442
0.741607
0.00388876
0.0110949
0.0325109
0.0131708
0.0638635
0.00588838
0.0242241
0.0988789
0.0801094
0.209946
0.00818203
0.0661984
0.0145831
0.345385
0.0181356
0.20591
0.00869319
0.894199
0.0545812
0.10371
0.158475
0.0100087
0.0548581
0.300838
0.454224
0.0094131
0.0717807
0.0156447
0.0145418
0.00292172
0.00474187
0.00314102
0.0402913
0.0468563
0.0466507
0.0242628
0.0112045
0.00880361
0.00554262
0.0183578
0.0427746
0.0309999
0.00308204
0.00738232
0.840424
0.0632694
0.0457556
0.00744696
0.0172203
0.0224283
0.350291
0.272127
0.020797
0.00661178
0.0545223
0.67665
0.179341
0.0110838
0.0116353
0.719189
0.867709