0.100143
0.16878
0.037854
0.288423
0.0501205
0.0723135
0.313779
0.291586
0.045451
0.0402733
0.0132335
0.180329
0.034469
0.359581
0.239915
0.0751451
0.274302
0.142331
0.134481
0.293507
0.0303776
0.0252656
0.0393601
0.0769788
0.323201
0.0566802
0.0298659
0.0679875
0.358482
0.0427434
0.111579
0.396119
0.0588539
0.0358371
0.100667
0.164305
0.0236798
0.00363108
0.0946803
0.17216
0.0279275
0.0889833
0.0709644
0.0125447
0.174602
0.0822694
0.0289393
0.0254794
0.0528471
0.302178
0.0429163
0.0190517
0.423612
0.570283
0.143749
0.0531324
0.271856
0.0656967
0.277184
0.0505686
0.322905
0.0592515
0.487996
0.140536
0.0713641
0.0709879
0.22047
0.0378102
0.037177
0.17828
0.151653
0.501478
0.0460119
0.216459
0.227941
0.226901
0.0322575
0.0243851
0.00473529
0.260144
0.066089
0.087453
0.427433
0.328403
0.079851
0.00744594
0.0699351
0.048131
0.039806
0.333416
0.235878
0.464062
0.136055
0.120656
0.254716
0.0466403
0.105643
0.0778317
0.101212
0.497342