0.171484
0.494343
0.00597146
0.00708937
0.0268134
0.0792803
0.242794
0.0148036
0.481791
0.107118
0.0483591
0.0132505
0.45962
0.00867976
0.00536364
0.0335169
0.0655107
0.0343995
0.0411413
0.000570356
0.0194429
0.00277331
0.0151779
0.0435945
0.187128
0.264452
0.0473248
0.0201923
0.00112588
0.0336152
0.155572
0.00332563
0.00313042
0.0423731
0.527328
0.196389
0.059809
0.0461126
0.295485
0.0162041
0.414375
0.0113795
0.488052
0.0167159
0.00394783
0.784249
0.0485233
0.322453
0.0178003
0.311863
0.340787
0.325059
0.291857
0.200702
0.537743
0.0179357
0.0243004
0.143498
0.415543
0.00289609
0.460836
0.331494
0.010984
0.084087
0.25884
0.00343058
0.00724864
0.361045
0.164328
0.0054804
0.130999
0.0441951
0.185507
0.0354787
0.629513
0.0700292
0.0275561
0.0309285
0.0577053
0.233591
0.0341348
0.0530973
0.0316622
0.071571
0.0170668
0.0300419
0.0113121
0.130468
0.541082
0.0441803
0.065015
0.547936
0.0361927
0.00618314
0.00173621
0.0826571
0.00273688
0.955132
0.0680587
0.0943233