0.0447284
0.103282
0.118373
0.0204342
0.264244
0.214927
0.261825
0.190607
0.0390353
0.209021
0.189364
0.213028
0.310228
0.0841855
0.0441769
0.00237818
0.0941369
0.0910963
0.0535697
0.127103
0.118959
0.0162006
0.0166601
0.0212501
0.126901
0.0123609
0.259585
0.639184
0.107794
0.270544
0.40624
0.00324696
0.219231
0.00199724
0.303806
0.308622
0.0326421
0.451568
0.0518566
0.00884673
0.0316779
0.00978533
0.0386394
0.0977607
0.0308072
0.292782
0.0865392
0.00881302
0.153728
0.267337
0.130982
0.233369
0.194762
0.290014
0.187276
0.0385665
0.054757
0.110882
0.288319
0.0653438
0.285137
0.22114
0.109422
0.0403384
0.0454944
0.092713
0.485738
0.0162186
0.0999053
0.130522
0.520304
0.209257
0.0613413
0.247438
0.126556
0.0436829
0.204216
0.0219834
0.00615884
0.098836
0.517911
0.0823613
0.0161228
0.235628
0.176262
0.0236439
0.158283
0.0649359
0.169527
0.12399
0.383879
0.167061
0.00785669
0.265035
0.286687
0.0513549
0.107245
0.331993
0.0546473
0.0437927