0.108774
0.694948
0.0007738
0.0750806
0.610135
0.0810533
0.126494
0.623177
0.823656
0.609827
0.065236
0.00322884
0.0308419
0.0169147
0.0243511
0.0113797
0.0173817
0.0547453
0.00356256
0.0662934
0.378503
0.739401
0.293177
0.368909
0.0246047
0.0553462
0.100897
0.149943
0.0850133
0.405632
0.103333
0.00256614
0.035636
0.0227253
0.0334407
0.0425654
0.453996
0.663104
0.0197308
0.0496593
0.16994
0.0919629
0.0844528
0.00488419
0.0783125
0.0324024
0.0792173
0.0287544
0.194901
0.0127988
0.00906249
0.206757
0.0160549
0.00200117
0.000532456
0.0195264
0.0390696
0.00530262
0.946829
0.00533179
0.276934
0.663579
0.141425
0.0476525
0.0451905
0.0392741
0.0322376
0.143639
0.0209852
0.0068731
0.0192396
0.00586634
0.0076625
0.0159272
0.237899
0.192838
0.00117933
0.60515
0.173778
0.0965481
0.27878
0.0304817
0.0333593
0.253717
0.211217
0.00372832
0.00491743
0.00252724
0.017224
0.000789678
0.00320943
0.0877565
0.00348229
0.0388357
0.00299089
0.278573
0.447433
0.371687
0.0480277
0.00325407