0.381404
0.358377
0.37001
0.321671
0.020041
0.0413812
0.0529352
0.128763
0.282959
0.193271
0.701687
0.0121856
0.396039
0.300975
0.561059
0.00118948
0.159894
0.371405
0.00556194
0.00324592
0.00319748
0.53172
0.0356585
0.301972
0.00146911
0.104337
0.0193587
0.00112567
0.00429028
0.15472
0.0461189
0.44568
0.10147
0.0737442
0.194011
0.118294
0.0164159
0.130445
0.0137949
0.176373
0.0333852
0.664882
0.123235
0.164692
0.0130107
0.0299234
0.0221284
0.00800237
0.0166386
0.150088
0.000906811
0.318147
0.0523257
0.207259
0.0062908
0.0344792
0.132831
0.171912
0.00522151
0.0251457
0.0142114
0.00785196
0.0367906
0.422766
0.0131947
0.0339023
0.010172
0.0753062
0.00528471
0.38852
0.618727
0.62175
0.00904828
0.449349
0.609607
0.195327
0.244317
0.123646
0.270729
0.0767184
0.00676278
0.0295802
0.00865504
0.0630718
0.154599
0.040569
0.0453478
0.0311952
0.0329193
0.0565367
0.246683
0.00790288
0.0176197
0.0176874
0.0433048
0.122684
0.0271432
0.0146339
0.482028
0.00510202