9.82778e-05
0.969797
0.000671944
0.064975
0.0201976
0.0102089
0.00584978
0.00877828
0.0839351
0.00413467
0.105491
0.911849
0.0046851
0.0805628
0.000230211
0.645367
0.132258
0.00960926
0.0005638
0.00104752
0.00699843
0.00153176
0.101353
0.832483
0.144511
0.91125
0.06353
0.242321
0.0165071
0.807948
0.861176
0.0616886
0.036902
0.000517233
0.00171557
0.00108281
0.0273818
0.00840439
0.0284471
0.0147763
0.00145687
0.0264962
0.387539
0.00954497
0.501389
0.0190721
0.00579599
0.17964
0.00237062
0.00339258
0.0113986
0.0376314
0.0110112
0.061127
0.0315145
0.283062
0.0122845
0.00136179
4.84778e-05
0.0317423
0.00989206
0.0485742
0.0119136
0.103419
0.00205386
0.00440923
0.00386358
0.000509122
0.00972288
0.569011
0.659316
0.0454891
0.974425
0.0305932
0.0014264
0.0218365
0.00103581
0.00384029
0.700893
0.0039468
0.0607557
0.232155
0.00469803
0.00136201
0.555245
0.823055
0.724199
0.0269748
0.00164634
0.000133867
0.0118414
0.00268403
0.00355714
0.00205187
0.0102713
0.0438021
0.238282
0.0365274
0.0791447
0.0867288