0.0328091
0.00986539
0.0398304
0.0621676
0.0516598
0.0635804
0.0199328
0.0845804
0.640611
0.192305
0.190502
0.104484
0.22241
0.0810603
0.00765639
0.0133934
0.226705
0.0150614
0.140813
0.136284
0.029562
0.0114626
0.0891041
0.222578
0.0393627
0.208951
0.589164
0.00722683
0.0715416
0.174226
0.0199987
0.0153014
0.144254
0.361773
0.0131575
0.0301557
0.466398
0.344167
0.0701628
0.0692401
0.189096
0.0332713
0.0218941
0.102908
0.137733
0.758996
0.157822
0.00179427
0.00959573
0.140288
0.0147181
0.0891591
0.00379576
0.126049
0.21222
0.0770397
0.245812
0.0278497
0.377317
0.0175025
0.436243
0.115654
0.0057595
0.384457
0.0585825
0.118943
0.00716119
0.184342
0.281493
0.0239572
0.243757
0.154414
0.38458
0.0913578
0.0203851
0.385031
0.328891
0.0293408
0.881336
0.166008
0.00169419
0.0126277
0.197055
0.293615
0.134976
0.167623
0.0203741
0.00296368
0.599926
0.108532
0.00527661
0.015918
0.0634689
0.0479788
0.00250146
0.0468714
0.298233
0.0566919
0.560766
0.00285127