0.624837
0.0982633
0.0288604
0.0168411
0.0697937
0.0746171
0.301047
0.0113834
0.25737
0.292836
0.0186614
0.00305846
0.0011448
0.512311
0.325448
0.00528936
0.508518
0.270181
0.00932232
0.270994
0.0859799
0.0379583
0.0570733
0.0409922
0.0871488
0.00852187
0.0405443
0.0510659
0.0889741
0.0710481
0.271483
0.104542
0.039438
0.0643045
0.00428291
0.00334156
0.0355273
0.118788
0.105435
0.130652
0.277208
0.401074
0.0728787
0.542887
0.0191919
0.0368773
0.0166819
0.401513
0.174009
0.00822692
0.191785
0.010531
0.29749
0.169118
0.170899
0.138078
0.0394807
0.350667
0.22918
0.261932
0.0478759
0.286807
0.0533208
0.0421034
0.0219159
0.185674
0.0485145
0.0202963
0.00929903
0.0638787
0.0248792
0.010432
0.0628593
0.862352
0.0448269
0.834413
0.207239
0.013972
0.610545
0.0505838
0.0570367
0.0105053
0.00338114
0.120594
0.0340105
0.039158
0.00250141
0.39966
0.0555679
0.244469
0.0212737
0.0758215
0.00834826
0.0139893
0.0428727
0.652604
0.141877
0.13982
0.450057
0.0270783