0.00975787
0.0175717
0.00448479
0.243296
0.000842556
0.00252166
0.0142144
0.143092
0.109354
0.00698511
0.310188
0.0580355
0.00714803
0.490292
0.195916
0.275622
0.297991
0.00204446
0.00414147
0.15892
0.0241346
0.503754
0.315385
0.225704
0.074373
0.238544
0.00124266
0.126942
0.0290922
0.00833892
0.869005
0.0283823
0.757355
0.00162723
0.301233
0.00773458
0.591833
0.0770452
0.0598512
0.730631
0.160401
0.121178
0.00525772
0.132266
0.00691583
0.0640933
0.867825
0.00269978
0.0465297
0.00945506
0.00610731
0.0147722
0.0136472
0.0651058
0.00115938
0.276506
0.00859606
0.0631167
0.0250209
0.00860602
0.0285616
0.0142358
0.0108318
0.0323319
0.471638
0.024864
0.00470487
0.00790111
0.0567927
0.00348934
0.00543224
0.0143583
0.0381604
0.030621
0.0102515
0.243839
0.00197119
0.158617
0.279025
0.00843833
0.0684669
0.000246956
0.227587
0.0790253
0.00311656
0.0571866
0.0329622
0.0182891
0.0157202
0.57746
0.0674969
0.160351
0.953941
0.0988218
0.152109
0.862873
0.0102822
0.911801
0.00899637
0.0233182