0.416249
0.0140517
0.200408
0.0034922
0.0587762
0.0152608
0.00167428
0.0789594
0.0713172
0.0809371
0.0787471
0.0162516
0.0159424
0.0309523
0.0435483
0.0738369
0.056551
0.0437669
0.349035
0.537562
0.674267
0.402292
0.00763537
0.05229
0.447913
0.422837
0.260267
0.00276934
0.00822786
0.0171261
0.0584781
0.0636221
0.0744799
0.00211043
0.055593
0.0925879
0.0261911
0.0387525
0.418306
0.00169213
0.0171226
0.0734453
0.0282635
0.104759
0.00836369
0.0576352
0.0119861
0.00277604
0.0800454
0.221465
0.188195
0.515622
0.275016
0.118393
0.0378988
0.656837
0.0613685
0.00117408
0.0797885
0.574187
0.00504137
0.3663
0.0618528
0.319329
0.183925
0.387994
0.0148722
0.222339
0.0529517
0.602086
0.1365
0.0117722
0.0272719
0.017579
0.0260082
0.0384315
0.0068287
0.132324
0.00933427
0.125297
0.00322267
0.23877
0.0208273
0.122916
0.915489
0.0258381
0.910542
0.01458
0.0123634
0.105234
0.120388
0.0312824
0.376474
0.168034
0.035516
0.0756299
0.278028
0.00529207
0.325774
0.0366624