0.478805
0.0894444
0.00194871
0.0979797
0.268263
0.00105906
0.238938
0.0728089
0.078427
0.00439418
0.238564
0.0040727
0.0178529
0.416125
0.0196195
0.146807
0.313248
0.100214
0.809412
0.0104464
0.278168
0.0238454
0.285173
0.130872
0.0198771
0.476547
0.000406567
0.0049375
0.191382
0.0264885
0.0348073
0.0102777
0.00995104
0.057601
0.111831
0.0425983
0.594903
0.871992
0.266177
0.0289005
0.0737653
0.0463368
0.00499204
0.199578
0.00376398
0.00992277
0.0175029
0.0774581
0.329236
0.0387982
0.202383
0.061695
0.120593
0.340659
0.0205661
0.00536879
0.0141531
0.00275568
0.0914796
0.080378
0.167213
0.0515808
0.0223636
0.0319573
0.269238
0.00292534
0.211744
0.594814
0.381705
0.00428451
0.00180577
0.116474
0.0597104
0.0243521
0.0548553
0.949494
0.323241
0.160094
0.0370127
0.0501608
0.628451
0.0113569
0.887887
0.0979092
0.0128328
0.132359
0.193719
0.193219
0.109758
0.00778257
0.0218761
0.0100208
0.0159909
0.00102009
0.0180439
0.0263749
0.0957621
0.0925151
0.160636
0.150908