0.247226
0.161563
0.295539
0.47534
0.0791191
0.0681743
0.0182706
0.463678
0.00678537
0.271179
0.127388
0.234444
0.0802343
0.0626193
0.0505745
0.0336491
0.00735312
0.0470214
0.275874
0.402473
0.467262
0.456693
0.0604562
0.212722
0.0038456
0.0129373
0.183325
0.0111535
0.145071
0.0497293
0.0362505
0.00392946
0.0248456
0.00934149
0.0118715
0.0295032
0.00850351
0.0164872
0.0112046
0.211379
0.0258262
0.0728618
0.0115168
0.0639527
0.0679792
0.0217637
0.0178522
0.0805477
0.049527
0.0671138
0.0124874
0.0401616
0.783617
0.161089
0.458374
0.0267508
0.290309
0.0726426
0.00127886
0.251233
0.336269
0.0230408
0.0780082
0.662742
0.00319999
0.108004
0.0643548
0.527558
0.558391
0.0314003
0.185009
0.0400421
0.1425
0.638323
0.0110873
0.0125232
0.0861519
0.285905
0.0641037
0.137925
0.0340808
0.384907
0.10436
0.0405861
0.2845
0.177894
0.751838
0.425422
0.0268317
0.0411437
0.0492469
0.00230256
0.00702323
0.402009
0.0173541
0.0295693
0.0178609
0.138606
0.0897447
0.0262815