0.000709656
0.00843563
0.00287728
0.000470744
0.000157778
0.862174
0.008495
0.0492655
0.908575
0.434852
0.283337
0.9443
0.000448867
0.735458
0.765453
0.996088
0.0164634
0.00655288
0.00237139
0.0146576
0.00115614
0.0763552
0.000978722
0.898784
0.128784
0.0295805
0.00987931
0.102018
0.00771694
0.0014964
0.0321671
0.0190567
0.749431
0.897768
0.0141852
0.00626244
0.57404
0.374287
0.0113362
0.0917942
0.736592
0.069106
0.0013932
0.000776522
0.0561839
0.00229082
0.000687944
0.0357136
0.881613
0.0172731
0.000802622
0.0107009
0.0484322
0.00556083
0.00275622
0.000262433
0.00229192
0.0138804
0.149058
0.0316479
0.293303
0.00326401
0.00236938
0.00380762
0.165903
0.00155141
0.0388521
0.0253014
0.00192047
0.305067
0.0258174
0.0146832
0.00828621
0.0115577
0.0744312
0.371286
0.534338
0.00372816
0.026208
0.0468914
0.0682222
0.00338458
0.0219329
0.00838769
0.00185653
0.00495018
0.000941756
0.00214994
0.0579965
0.0448514
0.510482
0.00964438
0.0151349
0.00603569
0.0878896
0.0351977
0.000494944
0.00802624
0.000804033
0.017807