0.0027749
0.887192
0.00947763
0.00567913
0.010514
0.0488689
0.646204
0.14215
0.0883022
0.000884489
0.0268688
0.012548
0.0697424
0.603087
0.0114085
0.105015
0.525229
0.0102002
0.612961
0.00454074
0.0399402
0.220522
0.288846
0.0159404
0.140829
0.00603333
0.0587532
0.872204
0.00814501
0.0464697
0.716155
0.0270866
0.00882632
0.0123316
0.0583894
0.0458623
0.0109764
0.022717
0.146746
0.101805
0.019995
0.151599
0.375226
0.0193214
0.15044
0.224891
0.00829477
0.0134579
0.0971265
0.00165044
0.0447059
0.627063
0.128973
0.0121394
0.0276653
0.077795
0.116245
0.473105
0.0144793
0.00850179
0.0270923
0.0170531
0.0784183
0.159178
0.0111806
0.0132771
0.125964
0.179717
0.183444
0.596076
0.464837
0.410622
0.00639486
0.27633
0.013387
0.0265016
0.456715
0.0222151
0.0020415
0.0164462
0.0256341
0.4616
0.587465
0.0687489
0.692889
0.00983548
0.0215214
0.00327159
0.113403
0.0218716
0.0412086
0.1129
0.0120261
0.125689
0.0210421
0.0111156
0.00108318
0.12645
0.138855
0.0515974