0.205977
0.00944962
0.099881
0.0128483
0.755897
0.070616
0.924768
0.00131632
0.00411807
0.00140861
0.012432
0.00699861
0.0514966
0.0248228
0.00967499
0.00601701
0.0147311
0.170857
0.0919952
0.0020287
0.0291193
0.234547
0.0171985
0.0493968
0.0234287
0.0385059
0.939862
0.0325334
0.00378302
0.617591
0.833179
0.00129304
0.783783
0.00121842
0.470074
0.0333601
0.0207992
0.000176311
0.0549087
0.120017
0.00852936
0.916033
0.0236958
0.0104481
0.00231756
0.00365116
0.000996589
0.00703941
0.00829499
0.0138774
0.00345894
0.876984
0.0300072
0.0023495
0.00311992
0.00535857
0.0110897
0.0782963
0.0115807
0.000767356
0.00471368
0.13793
0.00185731
0.0727979
0.141124
0.034084
0.011415
0.00522342
0.0102512
0.00511312
0.00779336
0.0372245
0.00381869
0.531439
0.0431526
0.826283
0.0254464
0.000441311
0.156524
0.0147812
0.00552378
0.941583
0.0364043
0.035334
0.00884778
0.0558291
0.000366589
0.00241972
0.229644
0.00523828
0.0653713
0.959134
0.00476406
0.0139033
0.00775726
0.969009
0.768427
0.00121939
0.00692779
0.0108791