0.285756
0.108887
0.042564
0.0361323
0.0422165
0.538605
0.271541
0.242735
0.040835
0.0177227
0.01924
0.00596286
0.0644492
0.117062
0.019729
0.141394
0.210905
0.111824
0.165514
0.0128223
0.114402
0.0983986
0.00915368
0.0207075
0.0490875
0.347766
0.506088
0.211572
0.00923554
0.281998
0.138525
0.0288385
0.0394694
0.00823112
0.0543162
0.299512
0.141206
0.111054
0.218501
0.0142712
0.253167
0.248805
0.532814
0.0275388
0.0216324
0.314065
0.00588301
0.0052804
0.129899
0.0271127
0.0239349
0.112078
0.0252966
0.41552
0.0483035
0.487614
0.448859
0.274255
0.254032
0.107174
0.0543063
0.369435
0.136726
0.0441367
0.00894033
0.160158
0.0309881
0.536002
0.152253
0.423453
0.0438073
0.0102857
0.241592
0.225258
0.119724
0.128813
0.041655
0.145856
0.0177661
0.204549
0.0879604
0.162875
0.0180041
0.311729
0.0260643
0.145704
0.0209127
0.0730564
0.434711
0.130076
0.0261101
0.138994
0.0901307
0.167662
0.183122
0.149571
0.0345187
0.308025
0.0265504
0.407026