0.0193221
0.0273142
0.0110597
0.0070611
0.0146613
0.217868
0.320407
0.0333086
0.171815
0.236552
0.0863439
0.069785
0.460005
0.566963
0.0292387
0.247109
0.00636289
0.029962
0.0640933
0.0819642
0.00666006
0.0152461
0.396521
0.789361
0.172604
0.0133267
0.0270864
0.0155057
0.906671
0.0455652
0.000358878
0.190495
0.143524
0.0424411
0.0502769
0.0872152
0.0692576
0.0125895
0.0610929
0.00726488
0.0962491
0.129392
0.163645
0.0835868
0.205861
0.10765
0.24946
0.186585
0.0105213
0.0193631
0.115972
0.00447892
0.186246
0.010473
0.0088314
0.793827
0.0402095
0.0250253
0.0471233
0.734941
0.00726461
0.00173351
0.0237906
0.0669443
0.729347
0.0682039
0.130134
0.676197
0.0173699
0.181606
0.0761402
0.289468
0.535323
0.00986839
0.00279691
0.219556
0.000854533
0.139869
0.0599764
0.0228541
0.163908
0.402881
0.0750841
0.531366
0.0224991
0.0917917
0.00388862
0.0335807
0.0513444
0.324158
0.0064902
0.543072
0.000845433
0.107727
0.048937
0.131021
0.0190255
0.0106166
0.0133616
0.185408