0.00875956
0.229428
0.0787182
0.13404
0.0499253
0.422592
0.223822
0.479015
0.464599
0.0425853
0.0202436
0.519869
0.0297726
0.0121989
0.0695771
0.0613017
0.0429322
0.404221
0.0545137
0.036774
0.0460586
0.498738
0.0232147
0.425536
0.121198
0.364005
0.0870002
0.048743
0.0288018
0.466291
0.107638
0.0163696
0.0786288
0.639282
0.0866727
0.29252
0.0840857
0.0575236
0.0153548
0.0741924
0.0430603
0.218171
0.00703402
0.239761
0.0436228
0.159993
0.109886
0.0865812
0.14651
0.279805
0.044585
0.0107017
0.075228
0.56524
0.291247
0.379383
0.0268899
0.016497
0.12649
0.0221717
0.00972806
0.106787
0.417336
0.0726748
0.0788915
0.426832
0.103497
0.204927
0.0662348
0.477655
0.0343471
0.00897912
0.0323557
0.0896657
0.043974
0.00734596
0.142617
0.0624606
0.215482
0.129984
0.0392167
0.0848857
0.0601275
0.0247028
0.0285035
0.0380808
0.317659
0.012113
0.181135
0.481462
0.0188272
0.0330036
0.237853
0.0168612
0.0620795
0.528903
0.126709
0.0997342
0.00339647
0.0333713