0.0470962
0.123235
0.608741
0.223352
0.0126164
0.0399348
0.180719
0.0174706
0.843452
0.0917668
0.00639352
0.0554309
0.57654
0.612175
0.254843
0.0720127
0.358179
0.0370364
0.00893309
0.00195934
0.0328402
0.0141516
0.00409838
0.00998972
0.0111918
0.0334466
0.0619213
0.0150928
0.0512161
0.0624332
0.0602091
0.0166699
0.0105408
0.844549
0.125694
0.0277824
0.022192
0.0396895
0.78637
0.0876491
0.0174595
0.00840086
0.0309374
0.370246
0.400763
0.0753479
0.0353295
0.687316
0.901731
0.174768
0.00146473
0.272695
0.00344476
0.0801459
0.00788134
0.136277
0.00572514
0.658137
0.204881
0.0174859
0.678556
0.0226954
0.0157953
0.114617
0.127794
0.0603216
0.00339892
0.218092
0.00737227
0.00854298
0.018896
0.0583322
0.649196
0.111051
0.0961304
0.00725257
0.0145373
0.0214582
0.00287021
0.0221004
0.0559356
0.0453899
0.430707
0.0133534
0.279161
0.0431349
0.189184
0.0009492
0.199388
0.150253
0.0231577
0.0823912
0.0110884
0.226013
0.273966
0.0535327
0.00671951
0.0107056
0.0642335
0.00167664