0.201264
0.00138854
0.143151
0.0873207
0.211696
0.160044
0.0503742
0.293357
0.155326
0.0961074
0.213246
0.0472399
0.00423737
0.0792695
0.308231
0.081355
0.118553
0.534673
0.369295
0.129915
0.139521
0.186399
0.553956
0.0916317
0.0792957
0.140276
0.277228
0.0314641
0.229199
0.0370331
0.087729
0.101969
0.0917499
0.428944
0.0136639
0.380898
0.0637924
0.445368
0.217254
0.586431
0.00340033
0.288914
0.283583
0.0277745
0.251549
0.136959
0.0528743
0.0917554
0.0176685
0.0851826
0.064678
0.187514
0.0417994
0.106931
0.0282149
0.00251797
0.116955
0.0058017
0.459847
0.105692
0.106598
0.0156638
0.015394
0.397854
0.100612
0.0602767
0.0368204
0.015004
0.0305401
0.117518
0.0800379
0.00855719
0.11605
0.141386
0.0038408
0.0911694
0.202878
0.0782519
0.584043
0.0195283
0.03781
0.0692658
0.253988
0.142375
0.306077
0.0120472
0.438039
0.227413
0.168922
0.0740508
0.095611
0.0421631
0.110268
0.0164707
0.120379
0.0587163
0.00159318
0.00471758
0.641322
0.127288