0.268671
0.00132133
0.00876038
0.242206
0.106549
0.0173815
0.00603159
0.0475218
0.198485
0.0344873
0.0185112
0.0475105
0.193888
0.0755181
0.0258645
0.0767652
0.104419
0.0996753
0.0223325
0.0167942
0.0468455
0.0129255
0.436358
0.108295
0.238462
0.149785
0.323183
0.374793
0.186522
0.118383
0.105392
0.0895421
0.238181
0.227467
0.0250118
0.0359486
0.338239
0.244396
0.0334022
0.0517398
0.0240104
0.333406
0.00474907
0.0636342
0.187765
0.10287
0.0453675
0.0427595
0.102733
0.0981588
0.191326
0.0853989
0.0113639
0.00353652
0.251123
0.186574
0.440344
0.327226
0.0885555
0.0605886
0.128885
0.0329967
0.348346
0.225474
0.0384435
0.04931
0.185664
0.0250926
0.354035
0.0149196
0.117438
0.330987
0.405865
0.617515
0.338984
0.0713179
0.364902
0.0365976
0.345201
0.0977826
0.297219
0.00267643
0.134159
0.0994457
0.0710052
0.0567531
0.0223245
0.103144
0.445959
0.456474
0.21055
0.441563
0.429804
0.00284813
0.091884
0.00450782
0.201892
0.0132213
0.00674424
0.129013