0.21529
0.0042595
0.0913497
0.0575852
0.666438
0.25214
0.00289727
0.0353493
0.191755
0.00335892
0.517506
0.00100096
0.129526
0.210802
0.0146136
0.186856
0.0687177
0.0141356
0.0941487
0.174751
0.0849656
0.136001
0.135969
0.0274728
0.0618767
0.0119501
0.0233504
0.0464037
0.0163852
0.0163059
0.0187227
0.0477504
0.541353
0.00109186
0.0492184
0.172058
0.360617
0.185296
0.236321
0.0117666
0.415536
0.00362163
0.0239352
0.341693
0.532509
0.342417
0.00808221
0.059927
0.00389678
0.0356265
0.0813431
0.0349817
0.239666
0.00849353
0.203789
0.0835205
0.00327897
0.0200982
0.0152099
0.0412198
0.380259
0.00758419
0.00487147
0.353202
0.0630588
0.0405195
0.0220932
0.0140111
0.0278114
0.450068
0.00465432
0.0150636
0.664541
0.671078
0.00247101
0.374396
0.271993
0.28706
0.594119
0.801223
0.493975
0.349861
0.0238442
0.161539
0.260795
0.0358276
0.0286229
0.00635144
0.00523753
0.0591679
0.0213067
0.111539
0.199552
0.0386119
0.0730227
0.265308
0.00268223
0.0536476
0.125945
0.0168842