0.0504581
0.147756
0.1195
0.203185
0.863408
0.358511
0.402837
0.123909
0.160703
0.184785
0.00832701
0.70029
0.135828
0.300729
0.0991591
0.00857228
0.162786
0.177367
0.659831
0.045126
0.447949
0.322154
0.656254
0.235117
0.0250832
0.187064
0.0603978
0.0194231
0.00877807
0.244063
0.0328083
0.167765
0.0690488
0.224468
0.0172416
0.0544169
0.0294941
0.00588389
0.0156472
0.355391
0.0077917
0.0425834
0.0428593
0.0162995
0.058725
0.0425106
0.0945995
0.0540768
0.0311996
0.0221581
0.0256605
0.00554393
0.479023
0.563375
0.0687939
0.0283513
0.154109
0.625923
0.0410557
0.0190198
0.0935307
0.840529
0.0225559
0.0274579
0.0422773
0.691762
0.038442
0.0865265
0.172329
0.0091898
0.00636369
0.0631545
0.222
0.0424631
0.0647284
0.0699282
0.000535233
0.0200767
0.0193982
0.0158989
0.00632573
0.0209211
0.00308221
0.299871
0.00414686
0.593358
0.0101458
0.0443638
0.00267526
0.0712683
0.250615
0.062787
0.0633203
0.087144
0.0387919
0.043531
0.138946
0.0124439
0.0159077
0.166036