0.0316384
0.0406586
0.168736
0.0157578
0.0837265
0.0181503
0.00629848
0.0899391
0.0182344
0.0084976
0.0194096
0.699983
0.00460161
0.0256388
0.00470166
0.152568
0.00273466
0.0322884
0.0066679
0.00905987
0.00906564
0.00979719
0.493187
0.0193168
0.124682
0.0336317
0.0347863
0.386624
0.153426
0.0112472
0.0632312
0.00425937
0.00158796
0.0422903
0.0080315
0.400666
0.0421391
0.141394
0.281128
0.00132757
0.687821
0.589788
0.0834982
0.0026098
0.0256629
0.36389
0.480899
0.0006821
0.0842355
0.413639
0.899266
0.0113075
0.0816319
0.1361
0.213941
0.301497
0.0246999
0.765506
0.00522927
0.0182911
0.90301
0.033051
0.0022958
0.0294956
0.00107056
0.0319765
0.0149375
0.116464
0.158868
0.0917837
0.0666329
0.00675933
0.00443538
0.00697627
0.00302416
0.0117308
0.0796413
0.00665989
0.0239776
0.0641726
0.025734
0.00324143
0.622928
0.0258174
0.00269
0.0113413
0.731304
0.0245117
0.00307607
0.883519
0.355203
0.0154991
0.86986
0.0720896
0.523808
0.0169492
0.00626992
0.010033
0.133146
0.114712