0.000854222
0.00113176
0.011665
0.220615
0.716952
0.0716552
0.0782715
0.0196928
0.866931
0.00656817
0.639522
0.615457
0.023883
0.00808982
0.0431064
0.146443
0.0713906
0.0859224
0.056698
0.291787
0.00401628
0.00508931
0.766875
0.00198834
0.00702653
0.786034
0.283856
0.00984692
0.546487
0.0201004
0.423898
0.145978
0.00840156
0.0537611
0.0571946
0.0018763
0.18599
0.0958808
0.0287578
0.0029674
0.0357911
0.919385
0.111866
0.0378657
0.0112969
0.0128922
0.00147472
0.00355189
0.0281412
0.0417394
0.000907722
0.110126
0.00523493
0.0191029
0.705582
0.199734
0.00162196
0.08498
0.00276668
0.920876
0.058122
0.000298211
0.931752
0.0879472
0.281783
0.0454753
0.0891826
0.0701105
0.00173688
0.0427258
0.0794387
0.0102797
0.0283595
0.00908654
0.0757339
0.00924452
0.0213644
0.0320839
0.004252
0.0113885
0.00170953
0.00569084
0.00946946
0.00706906
0.0368201
0.0151671
0.0421287
0.886611
0.0173153
0.032753
0.750271
0.000906089
0.0109745
0.118766
0.172526
0.00924098
0.0157443
0.295661
0.00789808
0.00531432