0.75834
0.0593144
0.635374
0.0275519
0.0185549
0.0015713
0.0477804
0.839679
0.0355436
0.00864469
0.00711088
0.894194
0.00618526
0.847373
0.0136471
0.0138008
0.00584714
0.133345
0.0154735
0.0238676
0.298883
0.233683
0.0290648
0.00244214
0.793559
0.0271798
0.0173115
0.893395
0.76962
0.536957
0.114491
0.0195809
0.152395
0.0054984
0.0542647
0.101825
0.0713955
0.00567387
0.0114224
0.145363
0.0194677
0.0650792
0.0569074
0.0337703
0.190428
0.00689459
0.0310336
0.128021
0.00891299
0.00135232
0.0263683
0.199394
0.0468748
0.00977821
0.644936
0.00307783
0.645891
0.00319437
0.00859682
0.112267
0.0027094
0.590615
0.00949451
0.0264655
0.018206
0.000247589
0.224631
0.0719623
0.413138
0.0471879
0.0603234
0.915724
0.0131991
0.530381
0.0329559
0.0213218
0.0458866
0.052756
0.0367165
0.0473715
0.0354206
0.182049
0.110858
0.0323758
0.0165952
0.0220111
0.0132605
0.0284017
0.0599677
0.00850814
0.0223044
0.0768727
0.0182643
0.136462
0.0388203
0.00692319
0.0504984
0.00701858
0.00761849
0.0450275