0.161416
0.0549911
0.0562014
0.276849
0.0229346
0.250623
0.025552
0.710876
0.278742
0.0667899
0.0863051
0.0570171
0.0914334
0.172972
0.19308
0.106891
0.023687
0.838673
0.0747649
0.118249
0.572803
0.797599
0.247733
0.066719
0.00530702
0.0399654
0.260142
0.0284405
0.119255
0.069323
0.100686
0.401714
0.0329541
0.0348261
0.00744096
0.0968987
0.0241045
0.370276
0.112824
0.00900737
0.00579466
0.0134533
0.00134807
0.00525552
0.000419267
0.117201
0.0186173
0.271709
0.253168
0.0258053
0.0949796
0.163362
0.258811
0.267948
0.0690986
0.00950824
0.00664394
0.0972588
0.0427381
0.425418
0.0223395
0.151704
0.495722
0.317447
0.168623
0.00178829
0.647158
0.0617563
0.0321585
0.435617
0.0841867
0.0917152
0.256334
0.00252921
0.0267348
0.353027
0.0452961
0.165835
0.24516
0.0812005
0.354654
0.0324107
0.30403
0.00288656
0.0258077
0.274299
0.0118203
0.0877189
0.00523661
0.164977
0.0342427
0.132607
0.050042
0.00905207
0.0742245
0.0117312
0.0542205
0.023947
0.130202
0.314956