0.0305294
0.0194246
0.136772
0.00435838
0.0552756
0.0367995
0.00355478
0.0910078
0.0616746
0.0808057
0.00590581
0.173558
0.0720277
0.030284
0.0216868
0.336521
0.0104842
0.447548
0.684894
0.241447
0.113839
0.0819064
0.17192
0.0436951
0.0107002
0.270481
0.011107
0.0294691
0.061145
0.339126
0.168076
0.049285
0.00989058
0.807278
0.372102
0.00973428
0.00661499
0.230277
0.0566213
0.490718
0.0367718
0.284818
0.132232
0.00974318
0.229789
0.691397
0.263135
0.00159833
0.0446309
0.226343
0.0326528
0.0680788
0.0444159
0.0863921
0.0812633
0.117627
0.12911
0.178258
0.013011
0.0145534
0.446811
0.301964
0.0526338
0.0450092
0.00756476
0.0816397
0.170503
0.0958382
0.0446463
0.0294551
0.278577
0.0713342
0.101115
0.0166329
0.644248
0.00586764
0.831548
0.0315466
0.303584
0.149246
0.504651
0.0700887
0.0498329
0.0253213
0.172568
0.738739
0.00662677
0.0133004
0.0186525
0.041194
0.0343865
0.187499
0.0118878
0.0199616
0.295566
0.0527675
0.170227
0.101185
0.00554964
0.205866