0.0203247
0.321539
0.0674635
0.00716487
0.0159089
0.202528
0.553593
0.462513
0.0269269
0.0589842
0.543831
0.0201497
0.206995
0.0232752
0.00500988
0.718643
0.0229229
0.0064715
0.0141426
0.0309816
0.0884654
0.0300954
0.150669
0.145732
0.0824448
0.0156532
0.0524557
0.0382623
0.365765
0.00540453
0.0242543
0.424134
0.0102212
0.18796
0.0513154
0.348604
0.438199
0.05664
0.0196274
0.00255902
0.0127061
0.0173925
0.131948
0.0408704
0.00695039
0.0101363
0.111896
0.146532
0.39409
0.956106
0.00626199
0.0175111
0.413046
0.031534
0.00814161
0.0109421
0.20362
0.101826
0.00684384
0.757656
0.00172414
0.0833124
0.198774
0.15963
0.304958
0.0348637
0.0262441
0.748977
0.0524496
0.0312418
0.00696568
0.392463
0.0101108
0.00579549
0.016036
0.0187507
0.03989
0.023014
0.0259726
0.394803
0.0534222
0.013567
0.224526
0.0776097
0.338249
0.714171
0.374391
0.0624441
0.116339
0.0228049
0.0292749
0.304975
0.0236679
0.0178085
0.124719
0.0154871
0.0295483
0.406148
0.0385675
0.182462