0.0128056
0.00254587
0.0554794
0.00841893
0.0162174
0.917724
0.242695
0.7215
0.291511
0.159508
0.391056
0.0126605
0.11326
0.00718237
0.116303
0.187356
0.280215
0.669125
0.0464488
0.042228
0.00101763
0.00173313
0.00650054
0.0131527
0.0147962
0.111652
0.0923513
0.085145
0.433296
0.00175351
0.87017
0.0287366
0.0173079
0.00130898
0.252333
0.0603524
0.00916983
0.511873
0.119748
0.0703797
0.20058
0.00981401
0.729103
0.0145603
0.314301
0.0817732
0.186275
0.0101083
0.0708483
0.0245847
0.0182607
0.00654717
0.0275949
0.0101897
0.0642507
0.0165653
0.0695692
0.678185
0.0322968
0.0235359
0.0365919
0.347441
0.0224362
0.523146
0.177514
0.0559029
0.0925598
0.00589023
0.0386182
0.0350151
0.00134812
0.663203
0.00289092
0.14094
0.0152781
0.17381
0.0247043
0.0163273
0.0202613
0.0685482
0.0343051
0.0370825
0.275308
0.0368487
0.00354687
0.0975404
0.00735082
0.00317067
0.0231224
0.499775
0.00341073
0.0102308
0.394522
0.0160057
0.0320528
0.50162
0.585338
0.147648
0.149416
0.093319