0.000646644
0.332714
0.880278
0.000179044
0.00355729
0.00255941
0.0076045
0.00569749
0.00710054
0.0206831
0.0163726
0.0288695
0.292574
0.464852
0.00798127
0.0189484
0.00266828
0.0100738
0.00114576
0.0669906
0.0486509
0.0491376
0.0485928
0.00194283
0.518273
0.00721583
0.0719279
0.00851198
0.0095252
0.00482169
0.0811209
0.983076
0.916084
0.0241892
0.00183999
0.818692
0.152186
0.0133779
0.00221174
0.000889756
0.0111119
0.115087
0.0101599
0.0148369
0.968591
0.0968406
0.0114737
0.0312456
0.0090636
0.941887
0.00216621
0.0313988
0.0032562
0.0052432
0.00969229
0.208699
0.00705653
0.00134173
0.00501492
0.61028
0.589738
0.000273178
0.000418378
0.00594117
0.87626
0.0124225
0.00241462
0.162028
0.174645
0.0213738
0.0125044
0.0126886
0.183878
0.0058197
0.0105707
0.0202857
0.00816864
0.657362
0.864022
0.00229288
0.0256339
0.0120031
0.212289
0.0210652
0.0140189
0.0357411
0.0115916
0.00297831
0.00626886
0.00161398
0.000210322
0.00661691
0.0055801
0.010379
0.828938
0.00905688
0.00959821
0.855567
0.182506
0.0970266