0.359417
0.015532
0.0983314
0.00442931
0.252456
0.0676355
0.293931
0.0404988
0.574703
0.0042788
0.529445
0.0130801
0.277692
0.00262019
0.283011
0.121553
0.0236257
0.516692
0.323278
0.0927483
0.175306
0.0220646
0.0198627
0.0973952
0.171564
0.00802707
0.0212648
0.721572
0.00525516
0.0996828
0.0463185
0.0138713
0.532047
0.474764
0.257052
0.160688
0.299712
0.0593426
0.00492743
0.0883217
0.258619
0.0566418
0.34243
0.161318
0.135469
0.325288
0.047569
0.0203426
0.0434115
0.324274
0.00719944
0.041765
0.225577
0.0564784
0.0333423
0.0332924
0.0390919
0.018001
0.0240717
0.0412661
0.0628456
0.0219196
0.0177645
0.23883
0.330618
0.6603
0.0440604
0.103611
0.115637
0.420076
0.00986888
0.260906
0.419844
0.165961
0.0504207
0.221938
0.077041
0.00294531
0.210329
0.0190128
0.0316472
0.0252607
0.121987
0.0170439
0.491845
0.0666048
0.0126221
0.0541723
0.0685279
0.150187
0.359112
0.00796728
0.00180657
0.0862413
0.0211999
0.158741
0.0336946
0.15916
0.255231
0.013575