0.00183632
0.000745233
0.00210179
0.760244
0.965196
0.0250064
0.806371
0.0016294
0.35821
0.209004
0.641217
0.0533349
0.0338423
0.000365633
0.000356056
0.000281656
0.343712
0.0229186
0.0293924
0.020548
0.0116872
0.0209766
0.0144094
0.0162969
0.00117619
0.0886748
0.0253148
0.0142926
0.792361
0.0875654
0.00521399
0.454907
0.000973944
0.00326691
0.00877176
0.0104657
0.538494
0.0225226
0.000961656
0.000494189
0.00341533
0.00176458
0.000835067
0.0205376
0.00884888
0.0857002
0.054712
0.0897068
0.0709729
0.0112842
0.00884679
0.000222967
0.00471227
0.00315479
0.0002429
0.00794888
0.0295217
0.00338647
0.000848722
0.000765144
0.760947
0.00120856
0.283813
0.013252
0.890048
0.026213
0.284641
0.957904
0.740677
0.0007716
0.0943288
0.00177023
0.00636591
0.571847
0.00882307
0.0129307
0.0360328
0.358429
0.0777854
0.0344895
0.119411
0.97351
0.00576738
0.885923
0.00822119
0.0029377
0.773356
0.00739347
0.00682856
0.113885
0.0193056
0.00194707
0.00126602
0.00844157
0.00542534
0.00585387
0.00965073
0.0592817
0.0188034
0.00794607