0.00243076
0.117967
0.0107093
0.583572
0.14216
0.013053
0.00755329
0.389103
0.0622126
0.224503
0.0631481
0.0154977
0.0637365
0.249262
0.594879
0.0107112
0.649925
0.130656
0.169865
0.0340034
0.0126017
0.394908
0.0455521
0.0859423
0.40926
0.271469
0.0395359
0.152172
0.0611661
0.00788069
0.464572
0.239382
0.296417
0.0537015
0.104346
0.158117
0.132471
0.409887
0.185844
0.00487561
0.231915
0.543306
0.152116
0.120013
0.0168282
0.194446
0.0488797
0.580763
0.585061
0.320414
0.209717
0.0172657
0.0382484
0.0020641
0.039783
0.0554959
0.0072033
0.0155733
0.13939
0.238619
0.0666766
0.0212478
0.492912
0.00729006
0.0683449
0.222083
0.240212
0.208799
0.0967673
0.461609
0.00251066
0.088322
0.0138229
0.0219095
0.130611
0.00308328
0.451674
0.00738733
0.0815704
0.00763907
0.0729113
0.00972714
0.0816685
0.00584744
0.0763485
0.208705
0.0110689
0.0816785
0.0112514
0.212596
0.11909
0.0607076
0.189625
0.1832
0.062053
0.00816876
0.115016
0.0452852
0.0860219
0.0424099