0.301958
0.21296
0.0293119
0.517052
0.0471456
0.306951
0.0210033
0.00897406
0.0205894
0.0938977
0.00812786
0.00372508
0.023805
0.373443
0.150096
0.0112372
0.196598
0.010666
0.166277
0.00310479
0.214719
0.00894062
0.0296579
0.0020123
0.0338509
0.0305163
0.376785
0.0233045
0.00387061
0.0113552
0.0451119
0.0188535
0.915063
0.078165
0.0250689
0.136914
0.752011
0.748101
0.00237808
0.158621
0.931119
0.401111
0.0144116
0.000887144
0.307063
0.395392
0.0423256
0.0162224
0.00627301
0.295391
0.219229
0.00445171
0.00858997
0.0219394
0.0187492
0.279097
0.0293523
0.00766568
0.0530387
0.178576
0.592735
0.648392
0.128686
0.0664994
0.0494665
0.472541
0.0368457
0.045215
0.0280059
0.0350106
0.0629102
0.070791
0.481841
0.00837901
0.0395815
0.00132222
0.046795
0.026281
0.0599253
0.944743
0.246587
0.214371
0.0282134
0.0410606
0.07228
0.00456153
0.177229
0.0189941
0.13905
0.00290471
0.00487637
0.323573
0.0129629
0.00395026
0.00175929
0.0540676
0.0135866
0.0917985
0.00511603
0.343983