0.0357078
0.0957195
0.0213866
0.32975
0.157537
0.769371
0.36887
0.00225051
0.076025
0.0137174
0.566481
0.002458
0.0154755
0.435587
0.195131
0.252775
0.634441
0.151359
0.0625509
0.827922
0.00430186
0.124248
0.00114789
0.0842015
0.0379032
0.048676
0.599678
0.00149332
0.0249508
0.124378
0.0502708
0.0107643
0.0375057
0.0274518
0.015809
0.0853957
0.370556
0.208692
0.0160053
0.17524
0.0179991
0.00670257
0.14363
0.010723
0.502236
0.00667221
0.039254
0.77629
0.524231
0.164701
0.11512
0.0491706
0.0375039
0.0723047
0.0218332
0.0760012
0.425249
0.356825
0.104035
0.00444648
0.277497
0.127502
0.0251559
0.244274
0.0496408
0.337365
0.0126706
0.0414492
0.359972
0.0455291
0.528967
0.00970753
0.335201
0.131747
0.0279913
0.00426779
0.293451
0.053631
0.00425892
0.00241431
0.141113
0.0812905
0.0280535
0.0469946
0.000817622
0.0284778
0.128599
0.0375615
0.0106743
0.0148176
0.0267659
0.00174526
0.0408977
0.213744
0.214222
0.157857
0.0373371
0.341591
0.00732922
0.00930569