0.000564644
0.698994
0.0350302
0.10278
0.000535422
0.00999871
0.113245
0.834282
0.194533
0.0407055
0.00223892
0.310577
0.0476993
0.0396397
0.0475727
0.0338844
0.0820669
0.0371895
0.010263
0.80884
0.0247825
0.026531
0.00691696
0.535215
0.0407508
0.539989
0.0230285
0.0771963
0.0458876
0.68596
0.729214
0.05878
0.024393
0.0472683
0.142488
0.178042
0.00304448
0.0804102
0.753598
0.69398
0.0838205
0.0289897
0.113565
0.120241
0.0684646
0.0163242
0.874668
0.00379248
0.606113
0.0117814
0.16556
0.0981456
0.0700764
0.0239381
0.0743687
0.0223696
0.131585
0.00270243
0.0283744
0.675249
0.010278
0.0105194
0.120472
0.114536
0.700219
0.12501
0.0221928
0.000784833
0.770748
0.082551
0.00360943
0.12079
0.00603063
0.00554443
0.0530193
0.206675
0.0536001
0.110092
0.0303822
0.00314618
0.102495
0.0144362
0.0711778
0.131457
0.000393889
0.00240852
0.014787
0.00142258
0.0228234
0.0412247
0.0469879
0.0436488
0.00313081
0.083907
0.0398078
0.0671431
0.234991
0.00759296
0.0321609
0.0995603