0.00418812
0.0656557
0.288559
0.00578289
0.149202
0.00740238
0.00207584
0.195245
0.0068351
0.014315
0.0363842
0.254632
0.0341116
0.0806777
0.0374444
0.124715
0.74676
0.659375
0.784662
0.0231873
0.220587
0.437483
0.0860238
0.0239154
0.418737
0.227848
0.00202904
0.636431
0.0741106
0.0403494
0.000961633
0.0369485
0.0154091
0.160367
0.716674
0.0203374
0.0394524
0.148607
0.0231907
0.348113
0.00842149
0.0497828
0.37229
0.0297406
0.162654
0.0235107
0.128354
0.420025
0.00814939
0.00168596
0.0194525
0.0186764
0.368934
0.118059
0.0851305
0.109114
0.0646533
0.152176
0.0100467
0.204049
0.02261
0.197451
0.0900103
0.17178
0.603248
0.0275694
0.0604231
0.0445239
0.0757265
0.0162835
0.0162827
0.00432211
0.0587685
0.042533
0.0746685
0.015524
0.0176549
0.163042
0.00302606
0.0109102
0.0419592
0.169819
0.00456981
0.00831183
0.0092266
0.772478
0.290466
0.0151015
0.0191772
0.496631
0.578273
0.00724138
0.496023
0.363883
0.0820825
0.177028
0.00809913
0.0112656
0.148193
0.030126