0.205846
0.256095
0.608229
0.535286
0.231104
0.241163
0.208247
0.35507
0.189655
0.409244
0.219019
0.245018
0.0319686
0.0803523
0.0639565
0.0048453
0.156721
0.103276
0.0869931
0.0129729
0.0570727
0.0342871
0.0582249
0.0793486
0.0243031
0.108654
0.0467468
0.082248
0.175258
0.0865401
0.186639
0.0540204
0.0883778
0.0982515
0.467035
0.0176523
0.347755
0.0685107
0.158214
0.0366396
0.115423
0.148188
0.0637914
0.230011
0.097216
0.0348063
0.00873311
0.0518304
0.0834966
0.00910214
0.0584848
0.319326
0.0433929
0.0383251
0.0586859
0.0597131
0.0947754
0.156425
0.0458891
0.346336
0.0895461
0.421714
0.0377248
0.0812754
0.26848
0.12915
0.00703332
0.350321
0.0677387
0.455712
0.380844
0.0233107
0.536919
0.553166
0.27724
0.0903837
0.406877
0.146221
0.105786
0.0491653
0.0149888
0.0190527
0.0669319
0.00712188
0.0368532
0.0203777
0.0314097
0.582404
0.096023
0.220902
0.0331845
0.0506495
0.0187914
0.0617215
0.0373897
0.266101
0.155892
0.0279909
0.0121122
0.176703