0.00318304
0.0317898
0.107694
0.124124
0.0104647
0.0247263
0.0820372
0.0134226
0.0221035
0.558791
0.0814386
0.0814442
0.068139
0.0773358
0.547943
0.215137
0.19551
0.0633317
0.680303
0.0421362
0.0547688
0.00410709
0.0903711
0.112159
0.265982
0.0494893
0.756446
0.501057
0.368338
0.0657674
0.211222
0.0148869
0.0185718
0.191761
0.0725178
0.172847
0.0716128
0.139311
0.0968109
0.0906899
0.460256
0.220561
0.456483
0.0200292
0.869916
0.258434
0.0622684
0.114985
0.0863738
0.0494442
0.260154
0.0242137
0.0486446
0.0114223
0.0408567
0.081202
0.0300832
0.0290453
0.0399554
0.427053
0.437442
0.209039
0.0119187
0.11213
0.0244571
0.276584
0.158741
0.142019
0.0824399
0.048751
0.221203
0.0527963
0.0106012
0.426797
0.0167171
0.0369231
0.00671608
0.112576
0.134681
0.180804
0.018735
0.0581999
0.0225669
0.0592826
0.234385
0.023953
0.126511
0.527617
0.165691
0.00842583
0.01335
0.0595761
0.101143
0.149733
0.00782289
0.106605
0.0172219
0.327912
0.0181147
0.278664