0.00987202
0.140184
0.0132345
0.00674421
0.032371
0.0876431
0.312694
0.0430103
0.0388081
0.0426054
0.0727096
0.100042
0.0359817
0.0171981
0.0541407
0.0796284
0.0128103
0.709098
0.200581
0.65477
0.236946
0.668885
0.00967102
0.186903
0.0421927
0.0867108
0.191245
0.052891
0.074158
0.252109
0.24964
0.105163
0.384667
0.0251876
0.173648
0.304923
0.0573899
0.345856
0.203389
0.119036
0.0643421
0.0218482
0.115378
0.00412789
0.027492
0.095875
0.00965084
0.147355
0.344203
0.398812
0.0619322
0.150889
0.0457396
0.0370983
0.0841103
0.0231273
0.390033
0.0095431
0.110576
0.0463012
0.397283
0.234691
0.827701
0.0103152
0.169848
0.0181212
0.040599
0.0455489
0.489299
0.0216442
0.22242
0.0834026
0.238436
0.0272481
0.0578283
0.244435
0.124458
0.155625
0.0393228
0.101263
0.0433172
0.134119
0.522478
0.025028
0.408936
0.00897501
0.264953
0.0291805
0.187768
0.107537
0.353221
0.0186196
0.278062
0.00535529
0.0242931
0.103096
0.0258497
0.0386752
0.0242534
0.223625