0.00644889
0.52154
0.0491964
0.0947049
0.0187268
0.0335791
0.838534
0.0252158
0.0202232
0.206695
0.269243
0.159869
0.843898
0.23687
0.00288917
0.00358363
0.0444901
0.0271988
0.0360961
0.0560202
0.148624
0.00711146
0.0268718
0.0174625
0.0013861
0.0183597
0.0245751
0.0442196
0.889058
0.458296
0.0252556
0.764573
0.104769
0.0914191
0.00191416
0.027356
0.746425
0.405423
0.231513
0.00290391
0.892369
0.0347578
0.0236422
0.0339689
0.0791771
0.0107276
0.0529539
0.00851822
0.0467656
0.00307267
0.0723035
0.0179744
0.177981
0.0145027
0.00546559
0.0205376
0.0815354
0.0108901
0.0101915
0.00579927
0.00243401
0.0115005
0.746944
0.0024686
0.0164339
0.0736725
0.00532359
0.0320563
0.0326413
0.809413
0.0312902
0.215234
0.692465
0.136445
0.0704122
0.183521
0.00534746
0.0161678
0.00742717
0.0678294
0.00987809
0.0073031
0.00501537
0.398908
0.599015
0.0328958
0.718537
0.0775853
0.0291523
0.036061
0.077215
0.289062
0.153657
0.0725153
0.0321622
0.00564187
0.0227345
0.0676548
0.0340843
0.0362206