0.679399
0.837143
0.0372432
0.236757
0.223386
0.558184
0.506954
0.198023
0.233554
0.328114
0.0317234
0.104813
0.0852427
0.177051
0.0786205
0.0394748
0.0798823
0.264839
0.0283173
0.0846463
0.0469922
0.0619612
0.0525988
0.00905583
0.704091
0.445606
0.0644426
0.392903
0.166277
0.192681
0.1194
0.205458
0.014152
0.0319246
0.138374
0.00692584
0.00752546
0.0947643
0.00441393
0.022489
0.649827
0.00857232
0.257218
0.00126934
0.0500666
0.437912
0.0218678
0.174122
0.280801
0.0206199
0.0117886
0.218831
0.129712
0.00481572
0.0191432
0.0106211
0.00492333
0.0652418
0.05264
0.00606238
0.150996
0.0622243
0.0949902
0.0480824
0.134411
0.0127232
0.0487425
0.027757
0.0743814
0.0103254
0.116551
0.0400727
0.0120314
0.261963
0.156374
0.857346
0.00244498
0.0252906
0.100277
0.0489817
0.00693488
0.0194193
0.0800068
0.0671332
0.25009
0.114171
0.105269
0.00205906
0.00591733
0.586527
0.183616
0.075313
0.0162783
0.0950598
0.0340313
0.0767974
0.314521
0.64934
0.00845889
0.00163078