0.0778093
0.0752771
0.810335
0.128862
0.163279
0.0174262
0.160029
0.0960212
0.218399
0.107693
0.0426824
0.37311
0.149707
0.280745
0.0204413
0.0572806
0.0201655
0.0462808
0.0600731
0.0818891
0.121287
0.20614
0.0546236
0.260505
0.00758964
0.158637
0.0840842
0.0588823
0.210475
0.0869606
0.0386396
0.13274
0.209472
0.263684
0.237161
0.0713427
0.0683339
0.217654
0.0193558
0.0530612
0.11653
0.0320293
0.0227934
0.0582545
0.105233
0.289043
0.117829
0.117817
0.0449541
0.30775
0.0447146
0.0234272
0.0408963
0.51474
0.315648
0.027872
0.0964885
0.462675
0.0374354
0.328933
0.218286
0.0591749
0.32047
0.035291
0.0252889
0.150787
0.140978
0.442639
0.0436005
0.369376
0.418762
0.0575491
0.0675086
0.377652
0.176047
0.070123
0.201773
0.0360822
0.011572
0.0176257
0.0827761
0.0263947
0.0641686
0.235431
0.0477373
0.12869
0.04859
0.27498
0.0612562
0.559412
0.138243
0.0192114
0.0276361
0.0534863
0.256611
0.30414
0.209142
0.404317
0.0808874
0.0831062