563909800
1266171906
1066784104
248523525
2404113633
3870496412
3471626723
4223751790
463190860
2654568155
2602754145
2577958057
1209959384
4002161185
2472233765
1346052942
2387244919
3222577595
2105646127
2441744910
3428439517
3530123545
303491169
1309390103
2454320080
2272701273
944985862
1168353384
3110673089
3158728673
1052670865
817399871
2940018053
3040336718
2768785310
1996005195
2863648451
1842318364
2509543848
2690229216
347110881
379027557
2887467551
2592921780
1502031782
2077960552
277310200
4195003913
3421981141
616438541
724104244
408616281
3909867704
3288731447
1040496786
2222857014
4092379090
2782071775
2746861923
3307101671
3209437859
2683756230
2127269918
3360888478
3665570059
405214811
2206008577
1645559155
3103311866
3697258976
3412545138
404177292
737662806
526723397
2872974825
2158694271
4255425995
4215846875
383701137
3939759492
2457469262
3075210927
2048930761
3657676825
1774514690
3967021720
2032421350
2056176229
612026158
637020566
3816652044
2749213273
871908416
2938199135
943007488
2423093503
1795065363
1931262760
4021253544
1578520025
