0.0580106
0.145706
0.0139069
0.00800763
0.0143416
0.0501875
0.753719
0.71975
0.0125236
0.217114
0.0294114
0.060176
0.0141798
0.0204303
0.00363386
0.029003
0.406383
0.00583048
0.00386603
0.091516
0.00130036
0.551455
0.783343
0.795773
0.0122214
0.014978
0.0410429
0.0130908
0.00524977
0.0355836
0.081519
0.0295959
0.707357
0.000554311
0.0461808
0.000284333
0.0441461
0.891668
0.00262914
0.0145224
0.0011937
0.00422552
0.0697709
0.0774997
0.79066
0.00505246
0.0546064
0.00966567
0.00437196
0.341852
0.00274381
0.000397167
0.0011367
0.000348089
0.00510072
0.0107046
0.291423
0.00197116
0.0541563
0.0473352
0.0340656
0.472245
0.00678441
0.00158119
0.138883
0.651328
0.045832
0.147215
0.022099
0.0180145
0.0448162
0.00109801
0.0760275
0.0005487
0.00393138
0.0582704
0.10684
0.140344
0.607285
0.0343879
0.518269
0.488859
0.0104842
0.336347
0.00715333
0.330752
0.045227
0.121701
0.00172639
0.00674628
0.0014646
0.363639
0.00238381
0.00599019
0.902587
0.0425634
0.0269144
0.00265256
0.667578
0.0009605