0.0179725
0.0497579
0.001142
0.00471247
0.000822456
0.00284503
0.338288
8.44444e-05
0.000213078
0.0206242
0.0277102
0.00315321
0.0240334
0.00937261
0.336893
0.00199794
0.00272683
0.136824
0.019496
0.465834
0.848631
0.00824529
0.000582211
0.637136
0.439537
0.197244
0.0972554
0.0854858
0.369992
0.00233337
0.746863
0.149194
0.0172942
0.00614179
0.105528
0.00551503
0.0001047
0.00579013
0.00467924
0.00669371
0.00124669
0.000841622
0.231521
0.00858962
0.000431733
0.0208099
0.00620713
0.176962
0.000205844
0.000732878
0.0128853
0.00769961
0.00979578
0.000139456
0.00265751
0.605323
0.00263116
0.00904203
0.000566389
0.028653
0.482587
0.0891996
0.410853
0.0393344
0.00108013
0.16837
0.0583767
0.637188
0.00666883
0.179213
0.0541064
0.00188007
0.169519
0.00411969
0.0147572
0.586015
0.00117368
0.0585682
0.938386
0.158926
0.015995
0.618187
0.246124
0.0222054
0.304386
0.094038
0.592252
0.201579
0.566365
0.488019
0.286623
0.302869
0.000352011
0.301728
0.00127457
0.023343
0.543246
0.00267992
0.00174238
0.00098