0.0355575
0.00741278
0.012841
0.0681563
0.160607
0.124678
0.00648257
0.121604
0.558159
0.0938669
0.031907
0.435646
0.00469769
0.055945
0.124089
0.1426
0.0769815
0.0742895
0.0223302
0.022872
0.00165091
0.0526003
0.00383119
0.0120415
0.177758
0.0118681
0.00114531
0.0860856
0.00906418
0.0136315
0.000126378
0.182222
0.00826573
0.00608792
0.0261911
0.167855
0.0190029
0.241004
0.00563959
0.071135
0.222367
0.00909504
0.205919
0.0823705
0.0539447
0.32087
0.0622396
0.0402218
0.130892
0.307314
0.20552
0.310689
0.0100418
0.836701
0.193435
0.00325069
4.94778e-05
0.120114
0.0147213
0.0245385
0.0143025
0.37034
0.0055932
0.412501
0.0100638
0.0589604
0.225352
0.000585178
0.319504
0.0101481
0.0690582
0.0223592
0.145637
0.0844107
0.118734
0.226449
0.820645
0.0660186
0.199937
0.111002
0.000650133
0.264298
0.351818
0.175345
0.0856042
0.466725
0.223628
0.0036632
0.000850567
0.00926578
0.00108202
0.144772
0.000664733
0.0921678
0.378293
0.372141
0.624893
0.925128
0.868693
0.286495