0.439199
0.00629317
0.0199342
0.0167334
0.0369047
0.0482582
0.00292316
0.932562
0.109479
0.173747
0.149416
0.401695
0.214527
0.664665
0.465024
0.0675646
0.0157954
0.640402
0.0107773
0.663002
0.16533
0.0427992
0.206918
0.329111
0.579017
0.0994479
0.0325105
0.061204
0.0024096
0.00147671
0.259141
0.015569
0.0606601
0.00948222
0.0834952
0.746718
0.0785303
0.00828381
0.117404
0.000846933
0.0945641
0.219682
0.827394
0.169341
0.495626
0.380429
0.00415197
0.00993318
0.145785
0.182349
0.00319254
0.0204416
0.00886036
0.00742703
0.208841
0.0774752
0.554652
0.00173957
0.0121051
0.00160301
0.330793
0.0120019
0.0364039
0.00580024
0.0287843
0.0737817
0.0265282
0.036268
0.00370248
0.134935
0.318424
0.00261924
0.117133
0.0103912
0.0147818
0.131172
0.0207219
0.380349
0.0279248
0.0813277
0.258783
0.0353444
0.483187
0.0182058
0.475804
0.0161059
0.103462
0.0278031
0.00514318
0.0385368
0.010273
0.0471142
0.0714938
0.00154986
0.00287948
0.0443903
0.0277794
0.0279441
0.0583334
0.0471737