0.132024
0.0145853
0.000963811
0.189599
0.0104106
0.0004719
0.252873
0.000192511
0.00402777
0.0896363
0.520843
0.0309408
0.117445
0.839444
0.0113197
0.19302
0.0529065
0.0208868
0.724496
0.293748
0.570849
0.00430547
0.285143
0.00266749
0.0256279
0.213202
0.151327
0.0804495
0.000139344
0.249603
0.0182855
0.000699489
0.0012172
0.218706
0.321198
0.7291
0.011042
0.0135156
0.446531
0.165223
0.567374
0.000604433
0.83822
0.0847123
0.342043
0.114981
0.0285764
0.431584
0.48759
0.0257064
0.356504
0.00304753
0.00246878
0.523818
0.0230693
0.00980579
0.0100079
0.122196
0.0110699
0.0364733
0.00143984
0.0749043
0.272185
0.128137
0.000575511
0.0431227
0.029375
0.566838
0.0354122
0.0126782
0.539228
0.221546
0.00187564
0.00930633
0.666148
0.00206262
0.112561
0.0216793
0.00614437
0.000487644
0.000207889
0.419417
0.100568
0.0612726
0.0136797
0.00876371
0.0163333
0.157449
0.000528822
0.202554
0.0341206
0.0613715
0.00227048
0.0935454
0.00661092
0.0173096
0.000287278
0.00271994
0.0166451
0.0101211