0.622624
0.00459936
0.0433449
0.00304502
0.182539
0.0512059
0.00678778
0.00799761
0.0787413
0.0193104
0.0135284
0.00940884
0.0272351
0.293473
0.176624
0.166863
0.164807
0.04355
0.249732
0.00390291
0.069169
0.0726837
0.633885
0.0518897
0.233781
0.0293377
0.00575256
0.01229
0.190817
0.102788
0.0905099
0.128706
0.849222
0.00276768
0.0008082
0.0478882
0.03609
0.23242
0.0156596
0.0955182
0.0525871
0.637625
0.17516
0.0731226
0.0472095
0.152207
0.302871
0.141252
0.582659
0.451345
0.492311
0.0416634
0.0174358
0.0174946
0.0166264
0.0464025
0.016024
0.205238
0.289877
0.13897
0.00515963
0.00589656
0.0573699
0.0596315
0.548165
0.304791
0.270706
0.165824
0.122879
0.020816
0.0190351
0.132213
0.000319889
0.0284135
0.0186992
0.0586557
0.0922035
0.081744
0.0628691
0.0168511
0.14613
0.0330027
0.177535
0.0172235
0.00249419
0.0176331
0.169114
0.0450869
0.148569
0.0422859
0.560376
0.670755
0.0289996
0.1464
0.45087
0.108265
0.00456551
0.50822
0.0642445
0.616605