0.637055
0.209982
0.00771638
0.678993
0.027475
0.000964944
0.0144905
0.00256542
0.0005169
0.397258
0.0003954
0.317434
0.177243
0.265485
0.488212
0.336158
0.00260584
0.507267
0.00756643
0.0116973
0.137549
0.0429471
0.00648147
0.731669
0.117447
0.00318384
0.0235055
0.00499327
0.504295
0.0015094
0.0119287
3.91333e-05
0.0321862
0.0112389
0.00150881
0.145457
0.237981
0.00162663
0.00150768
0.201661
0.00444051
0.190835
0.0128058
0.0044176
0.0142463
0.04145
0.00313048
0.00488453
0.0137204
0.0164028
0.110413
0.00781404
0.0974744
0.00104316
0.00184296
0.0007348
0.00335833
0.219085
0.0114654
0.312
9.40222e-05
0.0013907
0.0285027
0.0223525
0.00345291
0.0560935
0.0157995
0.00521841
0.194783
0.0825148
0.000200967
0.0144413
0.000624922
0.705569
0.559932
0.756339
0.0473813
0.00175758
0.265981
0.0266637
0.66059
0.210969
0.00803334
0.949639
0.00972821
0.000490556
0.241398
0.0291662
0.701741
0.179274
0.402785
0.50418
0.00163359
0.518187
0.0709672
0.000113578
0.000834244
0.0512144
0.067175
0.221426