0.450925
0.073308
0.0475101
0.00669681
0.0585804
0.00294103
0.0190549
0.0300229
0.0170889
0.000894889
0.00128431
0.0396568
0.833284
0.00595128
0.814182
0.12976
0.103399
0.0153031
0.113203
0.00229128
1.57778e-06
0.01022
0.0005775
0.000476178
0.949696
0.00282271
0.975841
0.0548183
0.00624336
0.77282
0.410541
0.0336236
0.00827891
0.00438497
7.06222e-05
0.000439133
0.0808622
0.0125629
0.0146841
0.00782533
0.342015
0.0940444
0.208947
0.00919941
0.000889956
0.0177661
0.113318
0.914364
5.85889e-05
0.864648
0.00835276
0.0159678
0.0131734
8.80111e-05
0.00680889
0.83185
0.0004198
1.29444e-05
0.423815
0.00479126
0.45462
0.000818922
0.00703551
0.000858111
0.010499
0.000919056
0.0134561
0.531874
0.131559
0.00296166
0.04607
0.0510714
0.0482111
0.109118
0.143915
0.129941
0.546721
0.00210164
0.150592
3.52333e-05
0.297818
9.7e-05
0.743527
0.0185758
0.00905204
0.00188312
0.081918
0.0114459
0.0009033
0.738483
0.589101
0.0020247
0.058603
0.0502935
0.000176867
0.0156568
0.00327709
0.00902183
0.00270051
0.000404956