0.00304318
0.000166044
0.00131598
0.142068
0.0556591
0.000842322
0.916462
0.175591
0.0665731
0.00210083
0.00179484
0.0610681
0.0157994
0.000960689
0.00349642
0.0115415
0.0003122
0.603948
1.63556e-05
0.00117464
0.0227872
0.0240944
0.00104367
0.000131533
0.000368467
0.982245
0.00810776
0.664661
0.0115429
0.0143668
0.0885796
0.00111662
0.00158387
0.000176933
0.0498909
0.981006
0.0271592
0.702258
0.317242
0.119959
0.000856467
0.000209733
0.00742571
0.993291
6.80222e-05
0.516247
0.00665894
0.000678289
0.00103296
0.00661228
0.00148714
0.105928
0.0261741
0.102589
4.76889e-05
0.101367
0.000413733
0.00179041
0.037728
0.847138
0.000303933
0.278366
0.000508544
0.000320411
0.000746178
0.0267976
0.000464133
0.000479556
0.0116957
0.00507014
0.371253
0.969406
0.000211978
0.0733055
0.177995
0.465147
0.651347
0.00204721
0.169533
0.0001894
2.41667e-05
0.166395
0.178281
0.0136401
0.00888833
0.0579056
0.000587522
0.0628214
0.00463068
6.06444e-05
0.730544
0.111407
0.0387617
0.000125078
0.108231
0.796851
0.00180504
0.653046
2.76333e-05
0.0207818