0.0213914
0.367371
0.526371
0.00107051
0.00434993
0.576946
0.000364622
0.79755
0.486866
0.00992544
0.000427133
0.00113746
5.65222e-05
0.000714111
0.359913
0.0449289
0.227788
0.426548
0.00154979
0.000106278
0.128227
0.0128474
0.000185378
0.0403055
0.300567
0.000103244
0.00846632
0.00139389
0.0803903
0.870879
0.232464
0.00371432
0.0212059
0.117493
0.000835933
0.000771444
0.00831182
0.00980066
0.00853967
0.0032004
0.000159833
0.00836092
0.2823
0.758523
0.892201
0.000486667
0.0482469
0.0152348
0.124748
0.537904
0.00386368
0.874295
0.0365862
0.652132
0.00389441
0.00263903
0.957335
0.0002129
0.0734245
0.297277
0.00712507
0.0914037
0.256809
0.0923532
0.0109003
0.000517622
0.00112908
7.92556e-05
0.360732
0.0184259
0.14139
0.0286418
0.0364727
0.000988356
0.117204
0.0870115
0.570184
0.239801
0.00456063
0.00229043
0.717845
0.0446406
0.00915097
0.00102374
0.0204084
0.124055
0.00110907
0.253204
1.78333e-05
0.0127961
0.000667633
0.00121403
0.000626889
0.00156023
0.000289644
0.0005952
0.455364
0.0121866
4.92556e-05
0.000275089