0.00835378
0.0204049
0.234088
0.0282805
0.921599
0.0398044
0.00121992
0.00703211
0.244774
0.0100467
0.0271275
0.0227535
0.622267
0.00284108
0.1547
0.00629271
0.863325
0.0291225
0.0993819
0.0683934
0.00168756
0.0342626
0.466689
0.00106212
0.00131801
0.000291067
0.133855
0.0310595
0.174886
0.0472829
0.000161322
0.118063
0.0125645
0.0375662
0.489036
0.189827
0.000225867
0.855282
5.08444e-05
0.0044162
0.00331611
0.012848
0.924413
0.0352501
0.695365
0.00336072
0.0303606
0.0674418
0.0487341
0.00183946
0.0101298
0.0181225
0.00106421
0.0051223
0.0151224
0.00218273
0.00149106
0.117322
0.00223754
0.000175278
0.0406108
0.144373
0.000497556
0.00198239
0.000544022
0.00304049
0.94652
0.000422322
0.00977741
0.015958
0.011328
8.33333e-05
0.000105889
0.00989911
0.00445018
0.0193414
0.534643
0.0246843
0.0322558
0.847896
0.00296714
0.011072
0.524458
0.0296279
0.802237
0.907384
0.000280911
0.410048
0.0106561
0.0103358
0.10203
0.0296712
0.929296
0.00531264
0.560581
9.73333e-05
0.00142986
0.000179311
0.000222022
0.00640769