0.137943
0.165203
0.0182816
0.43903
0.420386
0.379169
0.00586264
0.110294
0.314045
0.000792778
0.0128327
0.0885676
0.0452335
0.450805
0.0899172
0.00658534
0.0144954
0.422004
0.272003
0.409992
0.033827
0.0388244
0.018928
0.00998001
0.543584
0.438756
0.222313
0.575951
0.0299103
0.351137
0.414545
0.00654913
0.111947
0.685806
0.524029
0.00217634
0.0151429
0.0108876
0.0568949
0.408633
0.0453168
0.302685
0.000289289
0.035731
0.329398
0.2194
0.0134451
0.00187863
0.349916
0.00240186
0.426844
0.183371
0.00699773
0.00660503
0.0491769
0.10224
0.000469367
0.00997504
0.00414031
0.271392
0.396505
0.141009
0.0042711
0.431734
0.0173477
0.0012346
0.381207
0.0249045
0.223529
0.00957337
0.0404173
0.0014218
0.254556
0.187663
0.489603
0.000549633
0.000195922
0.00601036
0.0141564
0.209099
0.012929
0.00854486
0.00617283
0.316187
0.108182
0.00548481
0.0645636
0.165141
0.218378
0.0013309
0.00253747
0.00705722
0.022119
0.485122
0.0183061
0.00235818
0.000585611
0.00490278
0.0452691
0.00490099