0.0185196
0.214262
0.127801
0.573639
0.00864522
0.0405254
0.0356573
0.315199
0.0727736
0.000170089
0.000921089
0.584462
0.00781681
0.00538026
0.40032
0.072693
0.10737
0.00918392
0.0001781
0.0653887
0.00520289
0.0740744
0.0146358
0.0693621
0.0138704
0.00108036
0.0589312
0.564234
0.0131526
0.0538119
0.000682311
0.230149
0.000239922
0.415412
0.193443
0.152328
0.151644
0.00168029
0.00131522
0.0827342
0.0430165
0.0429078
0.0126336
0.000569389
0.0344056
0.0738111
0.549899
0.0295149
0.171501
0.0298335
0.807524
0.213571
0.241
0.117587
0.0443818
0.161387
0.0597441
0.0358118
0.481516
0.186252
0.00168713
0.719965
0.261646
0.0792964
0.0658433
0.0823326
0.0311563
0.00500862
0.00538049
0.13239
0.0531572
0.0802644
0.546004
0.00765493
0.000126267
0.400138
0.581554
0.294949
0.374454
0.00191727
0.162904
0.00697721
0.0363594
0.635357
0.0014614
0.937204
0.156958
0.0817906
0.293744
0.0183881
0.00476953
0.0883682
0.00345224
0.0235815
0.0422268
0.104126
0.034752
0.456048
0.00841073
0.0824375