0.000544889
0.106046
0.00983899
0.0127627
0.0531506
0.0356118
0.307156
0.0106965
0.0191924
0.296068
0.916642
0.418714
0.174106
0.774817
0.796543
0.851262
0.0815704
0.262359
0.00246341
0.566371
0.144893
0.0138608
0.00569397
0.0075039
0.169685
0.00290117
0.128862
0.00104212
0.000560856
0.932688
0.116934
0.0114313
0.00190012
0.00456567
0.0268419
0.014952
0.000306922
0.000328867
0.228412
0.00294664
0.0457912
0.934726
0.771978
0.0454834
0.0159856
0.0195865
0.0565444
0.0179405
0.0369445
0.0101309
0.0257994
0.390053
0.00233107
0.00253543
0.0106826
0.000113067
0.0580204
0.587028
0.00358113
0.0663955
0.00140027
0.0239436
0.102862
0.0732346
0.00305867
0.00766796
0.36849
0.000584633
0.0703556
0.00307477
0.0622937
0.000534211
0.0139625
0.0158331
0.128617
0.449157
0.000757433
0.710001
2.78667e-05
0.217028
0.121102
0.00137444
0.0051822
0.00170152
0.00479312
0.0512131
0.208527
0.000201756
0.470481
0.00958152
0.510433
0.00135682
0.238743
0.085337
0.00426781
0.00556763
0.343672
0.000337356
0.0069789
0.0623883