0.0308678
0.0105636
0.00544561
0.559085
0.000394767
0.0253779
0.0591468
0.913705
0.0457251
0.00102468
0.964136
0.071731
1.22889e-05
0.000188433
0.0016454
0.048198
0.00158404
0.00110849
0.0473804
0.000127178
0.003122
0.002395
0.000196478
0.000181933
0.000587667
0.00526423
0.000716067
0.0001864
0.87496
0.0142765
0.00183253
0.0966464
0.00937066
0.0081953
0.0051238
0.000368022
9.26e-05
0.0039274
0.0325923
4.62889e-05
0.010414
0.000375256
0.012295
0.819335
0.00841696
0.000773578
0.114827
0.949647
0.00111691
0.0976793
0.0373658
0.100136
0.0133771
0.0363599
0.735909
0.000300333
0.000426978
0.0367879
2.02e-05
0.000704256
0.000388644
0.00102558
0.92823
8.10667e-05
0.116003
0.053709
0.222587
0.00172106
8.19111e-05
0.315735
0.000612744
0.000165044
5.21778e-05
0.000919633
2.30444e-05
0.00498738
0.0279146
0.00448409
0.0221554
0.0350888
1.77111e-05
0.00120686
0.0325727
5.31889e-05
0.0891918
0.00113128
0.123307
0.920303
0.00641799
0.000221122
0.911206
0.825001
0.931795
0.910535
0.753591
3.89556e-05
0.0137093
0.000992811
0.000346244
0.9186