0.000822633
0.0185388
0.00630807
0.341676
0.0259229
0.0493854
0.260519
0.00230332
0.199566
0.611341
0.688735
0.0760013
0.477651
0.304838
0.0103138
0.236032
0.0176441
0.586186
0.0022698
0.699884
0.638855
0.284782
0.00545261
0.00479597
0.0170856
0.159762
0.0807989
0.00737676
0.0635856
0.0225639
0.643171
0.0245257
0.22915
0.312112
0.00260549
2.36222e-05
0.23976
0.0221497
0.00294046
0.0297822
0.0199641
0.110973
0.00386479
0.00246527
0.000952133
0.255075
0.0600233
0.585966
0.0298454
0.00117697
0.064789
0.027239
0.0109969
0.0495571
0.67709
0.18036
0.0137644
0.0497177
0.0933412
0.104245
0.041445
0.0114336
0.268086
0.011911
0.00682931
0.000739311
0.0100967
0.0454096
0.264934
0.294869
0.238455
0.0254713
0.010257
0.202738
0.0267965
0.0339431
0.0133358
0.00878219
0.0808061
0.119024
0.116373
0.271952
0.43104
0.643584
0.197684
0.443997
0.344006
0.651258
0.0380968
0.177793
0.00929044
0.00743034
0.0159216
0.00199226
0.0649409
0.00418997
0.0012947
0.00105477
0.107703
0.00641503