0.729853
0.975368
0.0960356
0.00430252
0.0121645
0.000610678
0.733062
0.00190696
0.758489
0.00494252
0.001947
0.00567303
8.2e-05
0.126254
0.010483
1.03222e-05
0.000700789
0.250039
0.396351
0.0154788
0.0014877
0.00286507
0.0132213
0.00125898
0.00373521
0.000123611
0.0007658
0.967836
0.0069232
0.0780775
0.0243227
0.156914
0.123345
0.00495224
0.000361
0.94477
0.000366844
0.00426169
0.0020565
0.113888
0.0688054
0.429599
0.00525718
0.106532
0.000289511
0.618856
0.00350744
0.000142478
0.000104833
0.348144
0.000226233
0.936156
0.0188116
0.00416353
0.0137921
0.0977089
0.0154574
0.00295433
0.000296522
0.00115443
0.196662
0.00159979
0.0144423
0.00132027
0.00119784
0.0131532
0.000729844
0.945459
0.00207453
0.0358558
7.98333e-05
8.51111e-05
0.000583256
0.199141
0.00132714
2.06333e-05
0.972016
0.00303476
0.0154858
0.107816
0.00194202
9.78333e-05
0.000925111
0.318848
0.000292
0.000190478
0.855283
0.00853689
0.0547062
6.58556e-05
1.99444e-05
0.979082
1.50111e-05
0.0855488
0.00400782
0.921915
5.00444e-05
0.00404057
3.21e-05
0.00507144