0.0366382
0.0378506
0.00437168
0.02309
0.000878556
0.0033122
0.000545044
0.15907
0.00415144
0.0295634
0.00281143
0.267479
0.738103
0.250572
0.804095
0.338924
0.429503
0.00752263
0.116134
0.14617
0.69377
0.233065
0.869806
0.178095
0.000561067
0.00599514
0.00890438
0.0111924
0.358776
0.0139527
0.0006772
0.661748
0.0334246
0.00834327
0.281695
0.0886719
0.000807511
0.00461162
0.0319045
0.0793084
0.00700543
0.422853
0.00189706
0.160973
0.00535178
0.5359
0.288753
0.0108831
0.00829293
0.000718022
0.000811344
6.90111e-05
0.307777
0.00740086
0.0102422
0.00192393
0.00417468
0.00561653
0.00471814
0.136493
0.00678023
0.00508946
0.00141743
0.000316744
0.0004778
0.0005028
0.330144
0.0336956
0.212222
0.00364548
0.00151211
0.000938133
0.197014
0.0327759
0.0254177
0.0152198
0.016637
0.002723
0.389692
0.162178
0.10265
0.0559535
0.713019
0.25408
0.685602
0.0239649
0.890043
0.00384999
0.34372
0.00212449
0.0310972
0.0164107
0.150984
0.0111902
0.537424
0.0512752
0.0287121
0.6808
0.00143376
0.0893213