0.00103051
0.0116251
0.000143756
0.538166
0.000661744
0.000222633
0.0299293
0.830074
0.00169567
0.220872
0.000426078
0.0142716
0.0102839
0.140019
0.00660072
0.00984296
0.15567
0.00436087
0.0473652
0.00602482
0.0617693
0.00644153
0.435227
0.044542
0.000142889
0.147145
0.0104582
0.234142
0.000566778
0.107778
0.00273077
0.0331584
0.00782083
0.00103586
0.00766077
0.00481094
0.00572418
0.00130651
0.640705
0.0569815
0.00899389
0.0648803
0.00103426
0.226772
0.781144
0.0249027
0.138516
0.00300462
0.297733
0.808625
0.131744
0.829387
0.00285738
0.0153815
0.11912
0.00899686
0.442685
0.00929727
0.00323364
0.0203825
0.915607
9.66556e-05
0.132529
0.396899
0.00499968
0.111984
0.00446003
0.828211
0.0223655
0.0250669
0.0201113
0.0986314
0.000454756
0.0065059
0.605468
0.000233633
0.0266007
0.0488029
0.516574
0.0231201
0.144484
0.0407191
0.0262907
0.403043
0.000288711
0.529859
0.0113734
0.107788
0.0107126
0.0303155
0.0515446
0.0121319
0.000886322
0.502346
0.731285
0.535255
0.0186292
0.0186235
0.240621
0.0169578