0.128219
0.0035026
0.04106
0.0772161
0.00246253
0.0582281
0.131389
0.000373756
0.0117966
0.502622
0.00562309
0.00267267
0.00133692
0.511931
0.440492
0.0487283
0.540984
0.0240895
0.515697
0.233918
0.361562
0.00328038
0.221644
0.158679
0.051783
0.154517
0.00153154
0.357952
0.00575538
0.830668
0.605815
0.0177891
0.000399767
0.0120679
0.0732579
0.277143
0.00498716
0.0464258
0.0919446
0.192074
0.206411
0.00527206
0.276376
0.283286
0.602239
0.132005
0.28273
0.24244
0.0239766
0.441471
0.0290752
0.00390742
0.000854522
0.000602144
0.238847
0.0516173
0.0669182
0.0155469
0.00283318
0.153381
0.0284438
0.171562
0.0196575
0.00341287
0.0987591
0.261887
0.156809
0.0049791
0.00430187
0.00100078
0.0397775
0.0294252
0.0398371
0.301577
0.00309946
0.0111764
0.0915662
0.095762
0.0132839
0.580971
0.00900076
0.0206162
0.730442
0.0806664
0.0206049
0.0284367
0.525345
0.529567
0.214398
0.201675
0.0672623
0.442158
0.0121322
0.00641296
0.0152425
0.0006553
0.00913492
0.0320268
0.00774661
0.277778