0.00393699
0.00746956
0.00187372
0.0227874
5.38667e-05
0.0103826
0.410258
0.0050181
0.159767
0.10958
0.000121789
0.00522139
0.00341092
0.000653667
0.000885211
0.0470321
0.914324
0.240514
0.15018
0.710792
2.06111e-05
0.178006
0.161856
0.768649
0.0233043
0.000221167
0.175205
0.100644
0.000908811
0.0618936
0.514042
0.00312452
0.0438635
0.00110282
0.844651
0.0105345
0.0192496
0.0148157
0.0002142
0.00370131
0.951241
0.572821
0.000134578
0.0678589
0.267167
0.443254
0.35985
0.00344312
0.291458
0.506266
0.00619849
0.0105348
0.0279429
0.028406
0.00203158
0.0183308
0.114891
0.882053
0.00293056
0.00426041
0.000225233
0.0832423
0.0145088
0.0661606
0.0209485
0.0985458
0.0132727
0.260554
0.0149897
0.191984
0.283207
0.000112311
0.0473888
0.0058092
0.643926
0.00619443
0.00144601
0.00843792
0.0123505
0.0783823
0.0142813
0.0530748
0.0283026
0.174029
0.0160456
0.017518
0.00156526
0.0229786
0.151497
0.00361647
0.00168243
0.110809
0.00612781
0.0618761
0.0377757
0.655804
0.0006091
0.921639
0.153908
0.423829