9.19667e-05
0.0575519
0.00298306
0.0732121
0.0016662
0.446841
0.0556014
0.901007
0.000706089
0.0529876
0.0157161
0.00171898
0.029391
0.0617484
0.00560963
0.00867051
0.0139512
0.828687
0.0127183
0.00462286
0.0859121
0.915749
0.00703606
0.00313139
0.015738
0.408402
0.0330456
0.000379689
0.000421456
0.90501
0.0450182
0.128819
0.023859
0.0164858
0.0489164
0.00682588
0.765239
0.0326256
0.0300032
0.873956
0.0545124
0.0448752
0.00228046
0.0955283
0.0013104
0.00114142
0.0471615
0.12215
0.0205327
0.927574
0.795999
0.0141759
0.0013078
0.127565
0.0443937
0.0017244
0.00186774
0.000899044
2.20333e-05
0.00439037
0.852749
0.0535576
0.0175554
0.0608953
0.250633
0.00429034
0.0293226
0.0117357
0.0384413
0.00140487
0.0158311
0.0348273
0.0206917
0.384304
0.365506
0.000978778
0.0486866
0.12162
0.703886
0.0146629
0.186957
0.00578583
0.000952
0.0492438
0.0167776
0.8534
0.0217759
0.0167689
0.00860963
0.00564471
0.619359
0.00342774
0.0027098
0.00671649
0.0396763
0.00359822
0.885579
0.000290967
0.0049626
0.00471721