0.000876011
0.315494
0.448009
0.00972341
0.0741887
0.559431
0.0364778
0.116778
0.0237592
0.180593
0.0397331
0.0598001
0.0641916
0.0435217
0.0754281
0.110437
0.00186842
0.00244127
0.00500609
0.0603804
0.294925
0.0166938
0.0289955
0.102293
0.0963738
0.657693
0.164395
0.0656658
0.497969
0.565635
0.0547641
0.66369
0.720733
0.00221122
0.445959
0.0167347
0.147841
0.741821
0.0280863
0.0882769
0.00520002
0.0727881
0.0729642
0.077072
0.00420212
0.0747632
0.0259343
0.793998
0.00361143
0.116181
0.0002317
0.000230022
6.73222e-05
0.121647
0.446592
0.0585782
0.100993
0.0654584
0.00367057
0.00205028
0.0223461
0.102666
0.0133063
0.0397011
0.0862685
0.203098
0.0053366
0.0771201
0.0235522
0.154364
0.0108898
0.0155381
0.00466637
0.0020661
0.138297
0.0904637
0.0632542
0.570457
0.772081
0.00162684
0.510844
0.123102
0.544897
0.16468
0.2293
0.00591796
0.201301
0.0072107
0.0429683
0.573756
0.0106059
0.0138862
0.0618448
0.150179
0.0179764
0.041416
0.143938
0.0464912
0.0325576
0.00490646