0.0734964
0.000597
0.0185877
0.00672236
0.201379
0.0049321
0.000805578
0.00192247
0.0012596
0.00666183
0.0050164
0.340308
0.268774
0.0113272
0.598615
0.0280655
0.00335658
0.0428124
0.00161034
0.0113127
0.00636497
0.0515594
0.399109
0.103786
0.00173544
0.00607244
0.552548
0.00130646
0.139127
0.579737
0.482948
0.1055
0.0469021
0.00348491
0.0011614
0.821785
0.00754328
0.00207592
0.279728
0.638999
0.0588202
0.0113549
0.0140368
0.114015
0.0293228
0.0165852
0.837014
0.291142
0.00214068
0.0802154
0.0016403
0.0402628
0.00911711
0.0504195
0.0110113
0.052692
0.0299338
0.0439908
0.00299456
0.0024995
0.836129
0.224847
0.0378326
0.00188217
0.0021417
0.742599
0.0014113
0.0300865
0.00105513
0.00544858
0.508311
0.00226309
0.784383
0.0030364
0.134439
0.00440872
0.143863
0.0322609
0.000610444
0.00599692
0.0190237
0.00844149
0.030357
0.00156748
0.000277611
0.25288
0.0336581
0.008796
0.0280932
0.133626
0.120395
0.00224533
0.956717
0.000794778
0.79151
0.00134237
0.896515
0.0652188
0.166037
0.421256