0.0111765
0.00326188
0.0150069
0.00374734
0.00415839
0.259329
0.00104143
0.733846
0.0369082
0.102828
0.107784
0.0035791
0.00648734
0.0989517
0.00885477
0.0041104
0.00225337
0.00668482
0.0157094
0.152973
0.0157767
0.00579066
0.00316086
0.0460622
0.0337042
0.00184782
0.444378
0.249485
0.572235
0.825459
0.231921
0.224304
0.0311097
0.00158212
0.934615
0.0596223
0.738444
0.0831049
0.421574
0.00491398
0.0001666
1.40667e-05
0.753351
0.00678196
0.694683
0.00761084
0.0361193
0.0553656
0.00698868
0.168365
0.00586248
0.000114656
0.0176757
0.0170505
0.00154302
0.160017
0.00111459
0.000976767
0.00157631
0.60417
0.0163468
0.0153511
0.00231533
0.00326019
0.000638356
0.614956
0.334266
0.000199122
0.00219421
0.0148521
0.0341053
0.404149
0.00791707
0.269919
0.448937
0.0282796
0.735003
0.000578689
0.0297522
0.0179159
0.00161997
0.0175931
0.00431403
0.920603
0.00120563
0.000788856
0.0167634
0.000587344
0.00455131
0.49636
0.218633
0.0256514
0.207489
0.638901
0.00241194
0.000613122
0.0138134
0.00272666
0.0143044
0.3828