0.350106
0.0168942
0.00225464
0.0109835
0.000989933
0.0177653
0.33512
0.0330948
0.133
0.261991
0.0287629
0.0568662
0.0899753
0.0100635
0.640034
0.00612393
0.00224842
0.00909412
0.0638962
0.0279353
0.020749
0.0105899
0.24023
0.0253399
0.00884007
0.0225966
0.225005
0.00467528
0.00766391
0.222085
0.207021
0.514815
0.00915948
0.662603
0.0418775
0.0467932
0.207202
0.0225315
0.211119
0.0208791
0.0169982
0.0313876
0.0309834
0.0349793
0.0671875
0.0903891
0.0376776
0.0543772
0.0129166
0.604753
0.00332986
0.0023646
0.512577
0.0784206
0.270536
0.393451
0.00218809
0.286717
0.00378426
0.00704977
0.112803
0.00171091
0.361368
0.000468856
0.00155141
0.0508504
0.00189147
0.0334997
0.0493511
0.0181563
0.310198
0.954184
0.31256
0.134038
0.380248
0.193843
0.0212335
0.00415541
0.0244667
0.00155842
0.000405189
0.232572
0.298896
0.125448
0.0148745
0.348686
0.419756
0.0421754
0.592114
0.140157
0.594313
0.0594248
0.00658167
0.337911
0.540446
0.0366566
0.24114
0.338875
0.0029957
0.287396