0.00394639
0.231014
0.00147959
0.000407356
0.00154142
0.808289
0.00133911
0.00399258
0.00101342
0.0811216
0.000791344
5.33e-05
0.00116837
0.971472
4.25444e-05
8.87333e-05
0.0602237
0.000248111
0.0012294
0.967308
0.0283613
0.0499873
0.00213907
0.00529598
0.00737873
0.375024
0.000236978
0.460054
0.0044645
0.000464033
8.67778e-06
0.000506733
0.0704684
0.0144171
0.80112
0.0066747
0.192402
0.00183767
0.0014571
0.99681
0.00194864
0.337341
0.986913
0.0215346
0.000361044
0.0862826
9.98556e-05
0.0234947
0.0851761
0.010145
0.00115089
0.09219
0.0393824
0.000230244
0.000131
0.00646501
0.00401478
0.00912813
0.0054862
0.036455
0.745735
3.42222e-06
5.30111e-05
5.18778e-05
0.000339111
0.115833
0.0130354
0.141256
0.965787
0.00392377
0.000962
0.0001195
0.145001
0.000499611
8.36111e-05
0.0213411
0.00236388
0.733224
0.0964114
0.00365863
0.10749
0.00839011
0.00280628
0.260497
0.000432889
0.00219533
6.31111e-06
0.99186
0.026144
0.988284
0.00576399
0.616822
0.0003249
0.00833182
0.00201176
0.0821008
0.0601296
0.00768833
2.42667e-05
0.935205