0.00426744
0.00209773
0.240401
0.334697
0.00195862
0.072092
0.0128678
0.105606
0.00809941
0.104636
0.251842
0.206825
0.140325
0.0948616
0.0037365
0.00679526
0.136093
0.538218
0.00314522
0.0104748
0.127525
0.0275657
0.00510909
0.145378
0.00360812
0.00124474
0.0016742
0.00981224
0.31729
0.113249
0.0177546
0.685145
0.0317688
0.0624213
0.342577
0.0645273
0.00782652
0.0395769
0.0193569
0.0112195
0.00344042
0.0367428
0.00821622
0.0565007
0.477075
0.336023
0.467155
0.0294897
0.385839
0.0469793
0.0201045
0.0250488
0.50451
0.00979803
0.384152
0.0108484
0.454194
0.696275
0.674676
0.682217
0.0816179
0.074112
0.00387773
0.0306299
0.144911
0.00914502
0.0879857
0.0814796
0.579713
0.0248096
0.137358
0.126956
0.393365
0.0463367
0.446228
0.0831984
0.125229
0.0298306
0.0278315
0.0107579
0.242386
0.233256
0.557942
0.0150125
0.0466926
0.321663
9.76556e-05
0.0183164
0.0474304
0.170012
0.0452264
0.0935855
0.353511
0.00282234
0.0472502
0.161287
0.285696
0.0507291
0.000754778
0.138004