0.0230252
0.000407211
0.00184534
0.0091769
0.428868
0.11935
0.756017
0.792578
0.00513621
0.713076
0.0003281
0.150634
0.164618
0.0175279
0.499874
0.113556
0.00201419
0.0729183
0.059184
0.79919
0.000388978
0.000146144
0.802997
0.00181514
0.00564003
0.0436512
0.0117621
0.000746756
0.0136229
0.192233
0.00292653
0.00960556
0.0114587
0.066553
0.206748
0.0412389
0.0158301
0.00525606
0.0802961
0.0224714
0.0408121
0.963927
0.787087
0.0115687
0.118228
0.00400441
0.0237711
0.797045
0.000903044
0.00148867
0.36115
0.00103067
0.0234493
0.00817239
0.00469148
0.165377
0.00539871
0.0325498
0.000620278
0.0532118
0.0991911
0.00478494
0.000429144
0.000214
0.0302449
0.000169889
0.1117
0.00343243
8.49667e-05
0.304282
0.00188977
0.00352206
0.0101654
0.207438
0.0006367
0.798111
0.0003011
0.0375747
0.00297548
0.0276338
0.789947
0.289715
0.35677
0.176362
0.671957
0.00377259
0.100859
0.00955603
0.00139936
0.191036
0.0469206
0.147403
0.155274
0.00716604
0.085432
0.20329
0.181607
0.178039
0.0834295
0.00608577