0.000570867
0.0218904
0.873589
0.0049842
0.992937
0.00536004
0.000128522
0.0645726
0.879367
0.0120535
0.0358389
0.00409624
0.00117644
0.00268936
0.00470326
0.000103878
0.0017773
0.006294
6.74778e-05
0.000418033
0.060769
0.00486347
0.00243598
0.961979
0.000813644
0.000966956
0.0175264
0.0178266
0.00589756
0.80659
0.00105942
0.954152
8.04e-05
0.984308
0.00618469
0.0608084
0.0398512
0.00592723
0.00911194
0.000410244
0.00162574
0.000439567
3.17889e-05
0.00178172
0.977084
0.00411332
0.00332713
0.0172168
0.000563678
0.00449918
0.00389682
0.316094
0.948847
0.00906689
0.000290067
0.0385256
0.00278552
0.000620578
0.00886672
0.0179455
7.84667e-05
0.00116002
0.0120777
0.00121034
0.00759872
0.00930322
0.0231765
0.960943
0.0114916
0.0149247
0.000143867
0.868632
0.00335933
0.0272168
0.657702
0.0140541
0.00889374
0.0003639
0.00711422
0.0102824
0.000512144
0.00379396
0.00138537
0.00145949
0.0002992
0.00437981
0.0110633
0.0339452
0.0448182
0.967008
0.000243978
0.0556876
0.00293764
0.054992
0.000324144
0.970138
0.984246
0.000242967
0.00716603
0.00382903