0.0180943
0.0883402
0.156935
0.0124667
0.0173726
0.00139149
0.312352
0.748882
0.0152252
0.00174256
0.534797
0.421279
0.760221
0.00871333
0.00160796
0.0164854
0.18704
0.0460067
0.0848686
0.162852
0.0248092
0.647104
0.0906644
0.153317
0.00148169
0.17691
0.216552
0.0134366
0.00716941
0.175467
0.447533
0.0466948
0.748087
0.172053
0.873295
0.00416043
0.00448344
0.0817772
0.00394886
0.198915
0.24812
0.0914238
0.0112616
0.00842006
0.195387
0.0132272
0.0444599
0.163516
0.000919578
0.0171674
0.0821689
0.0124343
0.108843
0.000216456
0.137997
0.0324442
0.0823667
0.312977
0.248587
0.253365
0.234002
0.0844234
0.120142
0.379674
0.0596176
0.205
0.0109364
0.0429915
0.645144
0.368337
0.00246299
0.000505767
0.0472465
0.0924216
0.100836
0.000214267
0.00421312
0.416269
0.00887879
0.696725
0.0107194
0.00321186
0.00639522
0.0544559
0.129747
0.00311773
0.429904
0.000436056
0.0811379
0.000826833
0.174497
0.00697717
0.0565299
0.0295093
0.0002902
0.361165
0.00506418
0.0970109
0.128953
0.150178