0.000241411
0.0318492
0.0565682
0.00336192
0.000318333
0.0195681
0.0212958
0.000482422
0.878641
0.0124206
3.56667e-05
0.000117
0.0103281
0.806542
0.00208422
0.0280936
0.0116194
0.0760547
0.0002335
0.00185827
0.152617
0.987224
0.00346546
0.0269489
0.00312667
0.0234392
0.000509411
0.000672822
1.07889e-05
0.00233999
0.992316
3.72222e-05
0.00938521
0.0821069
0.00314097
0.00157608
3.56667e-05
0.994863
0.00814473
0.00219092
0.930761
0.0267539
0.0158935
0.0067767
0.904047
6.78556e-05
0.000154611
0.00661584
0.000436844
0.0877909
7.74444e-05
4.56e-05
0.722931
0.00114993
0.00138204
0.773623
0.00590023
0.00124944
0.195483
0.340727
0.684914
0.0001956
0.000639111
0.0148817
0.000170833
0.371236
0.991341
0.454795
0.362005
0.00715479
0.00932738
0.0106054
0.17154
0.0524456
2.22222e-06
0.0154196
1.25444e-05
7.90444e-05
0.815351
0.000112089
0.0103275
0.000909767
0.000107711
0.000187822
0.00106777
0.0929906
5.21333e-05
0.00937247
0.0236446
4.63556e-05
0.000792478
2.60889e-05
0.454412
0.0151726
0.103952
0.00401283
0.00340678
0.0568366
0.982718
5.77778e-06