0.0511108
0.00206941
0.00916478
0.00546329
0.00572976
0.0170097
0.00272651
0.558003
0.000872322
0.012611
0.0771309
0.0012945
0.00892448
0.438916
0.00103227
0.0124636
0.0705159
0.040394
0.00126904
0.00582147
0.0269971
0.00255794
0.0348079
0.0045978
0.00347927
0.101896
0.970116
0.0027271
0.0640556
0.0925001
0.0427185
0.319996
0.0372929
0.00324172
0.0159703
0.00340518
0.397385
0.558571
0.452069
0.768096
0.0490056
0.407353
0.436062
0.839252
0.010142
0.000524467
0.00537859
0.00470556
0.00807776
0.967308
0.447263
0.678975
0.0188083
0.113217
0.00966559
0.00741279
0.945053
0.000915878
0.0003033
0.000514444
0.546359
0.0048992
0.281347
0.312778
0.00654702
0.0266438
0.203849
0.719128
0.00163847
0.114384
0.000509489
0.000334511
0.00675973
0.0136276
0.00407958
0.0256411
0.00453681
0.00128943
0.317697
0.00475953
0.000377478
0.000800144
0.0734837
0.00444682
0.0874952
4.24e-05
0.564779
0.00962423
0.00488517
0.000638422
0.0104925
0.0288156
0.0627701
0.00102599
0.000172711
0.475222
0.02487
0.0305439
0.462144
0.385622