0.728864
6.37778e-05
0.0113075
0.669529
0.761905
0.00607302
0.00313634
0.00443379
0.0402062
0.000686622
0.00511887
0.162788
0.0010456
0.00231268
0.000496144
0.01225
0.0896934
0.895797
0.0188564
0.00704923
0.0141019
0.167992
0.00198922
0.0524815
0.000162122
0.00381111
0.000486967
0.246722
0.579549
0.751429
0.153767
0.0466051
0.000128789
0.000847078
0.00595704
0.977028
0.0518089
0.890193
0.285129
3.66667e-06
0.000171256
0.938701
0.847996
5.15333e-05
0.0310938
0.0159122
0.843755
0.000796256
0.000265989
0.0582068
0.00341418
0.385145
0.0201389
0.000810311
0.0325848
0.173333
0.731896
0.000790456
0.0059334
0.00191171
0.00407503
0.000429278
0.629883
0.000361444
0.00568021
0.0208554
0.0191179
0.00277857
0.0589553
0.013644
0.00799391
0.000579822
0.00426364
0.00718343
0.000533344
0.935806
0.00352732
0.152707
0.0433544
0.00107172
0.000391889
0.000573722
0.976046
0.0243545
0.0141366
0.0181235
0.000315489
0.00369251
0.0959527
0.00651648
0.0044267
0.00361072
0.0176687
0.000203967
0.00138554
0.111751
0.00110267
0.0080663
0.0421394
0.012028