0.000519711
0.00204793
0.0766942
0.413055
0.000463789
0.0470531
0.00390403
0.380898
0.00179126
0.646736
0.161688
0.636376
0.0046841
0.164457
0.163215
0.152786
0.520224
0.0186496
0.337487
0.215535
0.00453287
0.583222
0.0174732
0.026715
0.0371163
0.802483
0.00433136
0.00967223
0.695623
0.00346378
0.126512
0.583741
0.0350374
0.822851
1.66667e-05
0.0459386
0.507293
0.0030496
0.0104103
0.000757144
0.00298114
0.0645897
0.352181
0.0154639
0.00370669
0.0302769
0.0524181
0.0109315
0.00397806
0.0790887
0.301867
0.00717852
0.227549
0.272237
0.0814663
0.391344
0.583612
0.138616
0.000750022
0.0215201
0.0065138
0.00934638
0.00352526
0.0884625
0.0908313
0.678309
0.0860149
0.0286156
0.191048
0.0872811
0.000236322
0.0681873
0.0538665
0.00570926
0.161539
0.00839532
0.0901266
0.0723692
0.0200108
0.0810961
0.00722842
0.145838
0.00308548
0.00606794
0.0685854
0.00336246
0.111232
0.372996
0.000189244
0.0321674
0.00147274
0.104395
0.244536
0.007608
0.0745738
0.25334
0.100619
0.687669
0.0331185
0.000173444