0.000913211
0.0101908
0.0805877
0.15678
0.129734
0.00829483
0.384834
0.142179
0.321444
0.0356362
0.0862915
0.0258356
0.0710696
0.000964678
0.638262
0.0505236
0.147879
0.0213058
0.0642461
0.40129
0.175588
0.0437006
0.0110037
0.00589157
0.875799
0.00283862
0.164519
0.267756
0.00100986
0.0383843
0.59721
0.0228141
0.000261433
0.130253
0.0194421
0.0968424
0.00968383
0.593722
0.00471463
0.273636
0.0207279
0.00916173
0.22859
0.00637469
0.00569226
0.248232
0.700885
0.0728198
0.675477
0.109598
0.15951
0.91125
0.0247379
0.0112263
0.0498717
0.372291
0.0481337
0.376227
0.0201642
0.00935589
0.000548967
0.895601
0.0927139
0.0490573
0.02031
0.0314912
0.00361239
0.00285557
0.211786
0.227513
0.323382
0.00146976
0.36177
0.3995
0.00557539
0.0146431
0.0102623
0.0541822
0.0207569
0.0617808
0.0170771
0.0358483
0.0798836
0.0714285
0.20544
0.0417488
0.273989
0.0044211
0.25673
0.0675433
0.197552
0.00637976
0.00177833
0.00493371
0.0403581
0.0130792
0.300811
0.00570931
0.295383
0.117436