0.0989592
0.000404067
0.012609
0.0193297
0.00346141
0.0218825
0.00968488
0.716981
0.414739
0.0034343
0.00984787
0.898932
0.00940179
0.22656
0.0215151
0.313344
0.000270044
0.000361356
0.0594784
0.126661
0.871218
0.558185
0.846115
0.0160728
0.34639
0.000582633
0.0605002
0.00525759
0.894541
0.0206716
0.0788049
0.0380012
0.00290299
0.025531
0.000845433
0.0047103
0.0207793
0.00704944
0.0186461
0.0234591
0.00101892
0.0265245
0.63668
0.131507
0.72303
0.012274
0.0358828
0.00389081
0.0732078
0.0205891
0.000848589
5.22889e-05
0.0113062
0.00730048
0.00462581
0.00242084
0.016423
0.855548
0.0321986
0.00480518
0.667761
0.931857
0.00570313
0.00253581
0.00171801
0.00327526
0.0131886
0.625743
0.00439233
0.000283989
0.00132592
0.00559229
0.645305
0.0450106
0.412438
0.0003674
0.000530778
0.00189017
0.00324109
0.56369
0.0090615
0.813872
0.00646786
0.0115794
0.0732455
0.0178271
0.0535965
0.0072403
0.0112958
0.019723
0.081951
0.0234089
0.126855
0.00464902
0.00929173
0.00104244
0.204699
0.177733
0.00170177
0.000656256