0.120424
0.196557
0.418186
0.119487
0.0122962
0.000233189
0.0669583
0.385265
0.0169372
0.382391
0.608848
0.00310781
0.695907
0.032782
0.467679
0.028895
0.577879
0.588782
0.00294343
0.00107306
0.0051696
0.208395
0.0146821
0.126537
0.208251
0.0146584
0.456029
0.00822948
0.00963909
0.0796076
0.729058
0.0202571
0.0783588
0.0196491
0.443095
0.0662221
0.0430399
0.0139891
0.588324
0.206344
0.891735
0.017172
0.000964644
0.110347
0.828307
0.00631569
0.0753472
0.0522822
0.0462071
0.0133834
0.000619656
0.0676805
0.14316
0.0322911
0.0893624
0.239114
0.00533456
0.0239957
0.0313062
0.00180492
0.00606388
0.110104
0.0252377
0.0863129
0.0542339
0.0441597
0.00389434
0.439715
0.63254
0.00605693
0.0218095
0.136274
0.0224338
0.00417604
0.00160833
0.000112011
0.304722
0.0119724
0.100805
0.150934
0.013141
0.123304
0.0462059
0.00457272
0.469667
0.129933
0.000860056
0.0914504
0.192266
0.425001
0.0256853
0.00858726
0.00361871
0.00787552
0.0163211
0.0349007
0.368444
0.00739287
0.0082726
0.116436