7.88889e-07
0.109332
2.06111e-05
0.00134146
0.000108767
0.0218436
5.45556e-06
0.0182381
0.0307219
0.0674753
1.12778e-05
0.00943431
0.000379533
0.965445
0.0123372
0.920609
0.908687
0.970473
0.0463085
0.992733
0.00153176
0.00249548
0.000982
0.000376044
0.0009599
0.000299411
0.000501267
0.00163268
6.23889e-05
4.01778e-05
3.64444e-06
2.96889e-05
1.65444e-05
0.985821
0.00613903
0.000186878
0.323007
0.307469
0.512727
0.785542
0.603886
0.99847
0.00405427
0.000826822
0.0214348
0.00546213
0.0133766
8.77778e-05
4.02222e-05
0.330163
0.00158223
0.0295937
0.000151378
0.0002374
0.977405
0.0014141
0.000206311
0.285176
0.00493007
1.88889e-07
0.683581
0.000438167
0.00844232
0.000161611
7.30444e-05
0.0416748
8.63444e-05
1.26889e-05
0.0706916
0.0001177
0.0136956
0.0357502
0.00275474
0.14233
2.25556e-05
0.000959267
0.00947244
0.0488523
0.00210297
1.27333e-05
2.12222e-06
0.00235874
0.00131446
0.000178667
0.000339267
2.34889e-05
0.00294996
0.0480557
1.81111e-05
0.0305343
0.621512
0.000494267
0.469149
0.00227321
0.483421
8.11222e-05
0.00175573
0.867448
0.122505
0.000528278