0.0119205
0.0720311
0.00161177
0.000776989
0.000159211
0.000477556
0.89492
0.00967709
0.00542109
0.0222367
0.153698
0.866818
0.117977
0.00141047
0.000436478
0.0794227
0.00184714
0.00166577
0.00451199
0.687259
0.000418956
0.810562
0.0448755
0.000138
0.000206278
0.00888356
0.724317
0.000146222
0.000136622
0.740467
0.840219
0.00816857
0.0794254
0.00609084
0.000402522
0.0260319
0.0605094
0.0649277
0.795114
0.0191731
0.00181129
0.0358101
0.908205
0.00380274
0.0556259
0.00284271
0.000170633
0.0128006
0.000441467
0.0173229
0.913162
0.000129489
0.0675195
0.0168595
0.000277956
0.000706267
0.0786458
0.0026415
0.0507734
0.0553568
0.00720368
0.91105
0.322646
0.0764696
0.000344633
0.000151856
0.00136513
0.0207136
0.0204919
0.0774456
6.55667e-05
0.0823702
0.000462967
0.031637
0.0306117
3.45556e-05
0.663296
0.00974514
0.00749366
0.914299
0.00673944
0.0676265
0.00294751
0.186632
0.0018932
0.000564656
6.76667e-05
0.00735099
0.0768
0.00551849
0.000113256
5.38889e-06
0.86707
0.0149492
0.923538
0.000189467
0.00242901
0.17027
0.0287362
0.0692645