0.00863402
0.242188
0.00645816
0.000788467
0.00477307
0.0651582
0.110854
0.00992453
0.113799
0.044265
0.88551
0.0009664
0.107362
0.421567
0.192896
0.067522
0.00843007
0.203829
0.00393398
0.00679101
0.0536793
0.764266
0.0218687
0.000380144
0.953637
0.69871
0.00164857
0.242505
0.00666094
0.00202292
0.184436
0.0244256
0.00680652
0.638496
0.0788204
0.000846622
0.000520733
0.00590569
0.00453363
0.0794275
0.275322
0.271707
0.0140997
0.00651183
0.00750422
0.00135382
0.974207
0.142516
0.0121256
0.34466
0.00551271
0.0552346
0.376485
0.0014229
0.0021253
0.00565801
0.174088
0.25295
0.0516138
0.591486
0.016013
0.000238544
0.567255
0.357371
0.00110231
0.120462
0.201841
0.0232541
0.336238
0.185406
0.0470704
0.233009
0.0072149
0.00482514
0.00196178
0.00734268
0.498745
0.00231266
0.00949096
0.0133925
0.654416
0.0035172
0.00472256
0.420724
0.00888357
0.0736378
0.000129333
0.0805837
0.000605122
0.102297
0.000122489
0.740991
0.193922
0.0866581
0.0119706
0.0152549
0.0693351
0.00358982
0.00633669
0.0459276