0.0566054
0.0204117
0.0203881
0.0051657
0.884878
0.80137
0.00259008
0.000159722
0.0364361
0.110874
0.155679
0.0729873
0.00307164
0.0399629
0.722525
0.024681
0.210149
0.0144882
0.687376
0.00860271
0.0150204
0.000843411
0.650743
0.0018393
0.0320025
0.00672752
0.00674332
0.0192898
0.110761
0.00394901
0.106791
0.966781
0.000588
0.116923
0.00106284
0.0469241
0.551581
0.0251431
0.0196801
0.775038
0.209142
0.212154
0.087578
0.012448
0.0621603
0.00974134
0.261143
0.0208589
0.00255297
0.00211011
0.0496932
0.105059
0.000922067
0.0213438
0.000370989
0.00118968
0.0330735
0.0266999
0.729008
0.172433
0.00318863
0.233298
0.522454
0.205494
0.351648
0.367117
0.0438249
0.0112285
0.0128394
0.0193932
0.00657202
0.150338
0.00888637
0.000281978
0.757173
0.00902906
0.0273467
0.0342322
0.0348022
0.00610683
0.00237593
0.34488
0.00742978
0.344386
0.00206338
0.223652
0.0689281
0.000820844
0.0116928
0.0227036
0.757833
0.0349247
0.000332111
0.000545089
0.098172
0.0349189
0.789107
0.0108918
0.0620597
0.0205156