0.0300753
0.793705
0.13518
0.183159
0.0202731
0.358399
0.592169
0.0516147
0.0512769
0.223603
0.0212005
0.388673
0.514083
0.0435233
0.0503593
0.0672395
0.00390237
0.00858246
0.0274646
0.00663322
0.0153304
0.00740676
0.0426917
0.00862137
0.00766086
0.300334
0.0154833
0.0213613
0.0202756
0.0806258
0.724325
0.00408754
0.0584269
0.0242951
0.224714
0.152963
0.0241883
0.456864
0.00631969
0.00359083
0.0239411
0.0673266
0.11277
0.104038
0.0185685
0.0466665
0.0101773
0.148121
0.0216513
0.470396
0.122249
0.0300435
0.00363468
0.00112178
0.0496858
0.000417256
0.381906
0.232463
0.0214534
0.00500367
0.00501138
0.0353857
3.40111e-05
0.00869889
0.040146
0.000330589
0.0071701
0.00501394
0.00161226
0.00365027
0.0486865
0.0895601
0.511207
0.348393
0.0651337
0.502944
0.760359
0.0195941
0.000655456
0.103735
0.0193987
0.0119461
0.0151514
0.833176
0.617316
0.139196
0.0654127
0.090604
0.837769
0.682077
0.0063501
0.00378924
0.194609
0.054863
0.00499624
0.753127
0.0863866
0.0286794
0.0112018
0.344314