0.402605
0.0880855
0.327292
0.760693
0.0624755
0.00840928
0.0347927
0.0032249
0.0019293
0.0105694
0.189093
0.0281685
0.00765446
0.0642184
0.0444958
0.0346447
0.0037114
0.81968
0.000739089
0.0559963
0.0450278
0.00262884
0.00136171
0.0332054
0.569869
0.658854
0.0107377
0.0360815
0.199596
0.053564
0.548108
0.521968
0.0634894
0.00145963
0.000765633
0.723356
0.00238371
0.00276056
0.000231122
0.0406447
0.71652
0.00134202
0.0119133
0.000857544
0.0370229
0.0847286
0.0184754
0.00315613
0.944138
0.00448
0.0319516
0.0186518
0.0719901
0.00694576
0.0052288
0.0169652
0.0329729
0.170106
0.200765
0.0280285
0.00883953
0.000360956
0.948723
0.855174
0.689277
0.0295457
0.729882
0.0174035
0.00357907
0.00281737
0.137925
0.00426639
0.00191924
0.184186
0.433475
0.0645329
0.0198155
0.0126389
0.0409592
0.0194697
0.0258456
0.000772567
0.0154329
0.681331
0.00484584
0.0120935
0.00851546
0.000490156
0.242154
0.000321844
0.169235
0.00278234
0.030323
0.0427855
0.0366702
0.047184
0.368134
0.181572
0.0496708
0.00424117