0.000664544
0.00131246
0.0465346
0.00184446
0.225599
0.0404184
0.0213133
0.028109
0.00322876
0.0353513
0.000686789
0.27828
0.00499966
0.000445733
0.281124
0.648861
0.0451896
0.123044
0.00821878
0.021424
0.0228621
0.441194
0.0139227
0.000365156
0.593291
0.00593569
0.765171
3.53e-05
0.0015099
0.000135233
0.257618
0.00180559
0.0160792
0.227851
0.0978919
0.0121578
0.0776632
0.0217178
0.637039
0.00101491
0.00794868
0.00196578
0.212915
0.000285267
0.0052887
0.678069
0.459894
0.00496033
0.355235
0.0215597
0.0176063
0.0132433
0.000203467
0.0149077
0.000353133
0.193836
0.104215
0.00648413
0.0753511
0.000518289
0.127869
0.0709919
0.249395
0.886933
0.00245806
0.000221878
0.715322
0.000973211
0.000135211
0.10157
0.0107049
0.851301
0.00354267
0.4116
0.00314606
0.0213332
0.00604812
0.648495
0.029864
0.586618
0.00759782
0.0548843
0.00434963
0.00534494
0.903281
0.594262
0.00511923
0.121917
0.108475
0.0062014
0.0417852
0.000276344
0.0682172
0.000115756
0.0236983
0.300645
0.735783
0.0865722
0.0154363
0.000768