0.879246
0.0584974
0.00542808
0.501959
0.0105146
0.0115403
0.176219
0.635186
0.0874028
0.0017087
0.651442
0.0890229
0.513462
0.10892
0.904258
0.0287291
0.00466962
0.00908453
0.0284468
0.0299152
0.000380422
0.00688764
0.0665733
0.0208814
0.00845858
0.0336246
0.0595278
0.0583636
0.0166946
0.0259853
0.233711
0.117332
0.434514
0.0294176
0.0597214
0.0387852
0.0637258
0.0358378
0.00328334
0.00282983
0.0432402
0.0852774
0.00146319
0.0141299
0.0538254
0.00523913
0.0153255
0.223238
0.131988
0.897559
0.160053
0.896406
0.054768
0.57547
0.00374159
0.631548
0.0249579
0.0142445
0.00159711
0.0221233
0.407203
0.0124687
0.103709
0.154057
0.00368447
0.00187498
0.0104528
0.0268223
0.0304044
0.143014
0.00429568
0.507277
0.721189
0.0861331
0.0337464
0.0123117
0.00627822
0.0282053
0.7959
0.0064717
0.351561
0.0662836
0.0067697
0.0361286
0.00669159
0.000593889
0.0193284
0.00644921
0.0223856
0.058348
0.879498
0.0198654
0.013936
0.253965
0.0109866
0.0366556
0.0439663
0.0944733
0.0628099
0.0054221