0.000675867
0.0227351
0.00551629
0.00766383
0.0222895
0.211566
0.00318113
0.957336
0.000169956
0.0292789
0.00234554
0.965523
0.0800827
0.960771
0.0199401
0.00296646
0.0311957
0.012236
0.0209982
0.938484
0.931222
0.150154
0.0325563
0.333632
0.00593724
0.0342998
0.340538
0.00126887
0.163437
0.00305131
0.0609299
0.0119907
0.909449
0.850158
0.935195
0.0226401
0.00126912
0.000172044
0.0111067
0.0230206
0.00540164
0.00698276
0.00172479
0.0001538
0.32349
0.926179
0.0005802
0.0124081
0.0337791
0.053132
0.00199786
0.000434678
0.471064
0.000875167
0.024988
0.0861187
0.00271089
0.0069369
0.0234073
0.0461547
0.00506446
0.146037
0.0107586
0.0164915
0.041955
0.00437061
0.00248887
0.966897
0.00305923
0.446333
0.00368684
0.019737
0.00525092
0.0941652
0.0100669
0.0822496
0.731912
0.0421186
0.503579
0.00323473
0.0817469
0.0311156
0.00676983
0.00544977
0.0191663
0.0133318
0.0859528
0.00215191
0.00237354
0.039699
0.0152204
0.0387861
0.0254318
0.0127797
0.162837
0.125507
0.0206922
0.0250667
0.000306122
0.000657156