0.00510253
0.000211233
0.0133256
0.000816844
0.464989
0.00234354
0.0154299
0.265179
0.451972
0.00824684
0.296138
0.0821111
0.00485681
0.0181252
0.867534
0.892859
0.00734838
0.369748
0.359952
0.622309
9.30444e-05
0.0648088
0.43523
0.232898
0.00693454
0.00144408
0.0475381
0.016664
0.00770156
0.00193877
0.0264987
0.0836369
0.145754
0.639132
0.0328328
0.265502
0.00917711
0.0030428
0.000776467
0.00261749
0.00607927
0.0296071
0.00609513
0.0153815
0.0596268
0.0315464
0.000749567
0.000308178
0.0386145
0.219121
0.0282601
0.0525071
0.290641
0.0184694
0.00274647
0.227676
0.044394
0.0350214
0.0985438
0.0609093
0.553132
0.0135305
0.179937
0.0567717
0.0118432
0.0115517
0.0715597
0.667582
0.00966033
0.244533
0.00250612
0.0120281
0.0353641
0.0497785
0.0014023
0.00571488
0.013037
0.00627766
0.00353098
0.892735
0.0178896
0.129173
0.162655
0.177153
0.612647
0.29004
0.885739
0.128905
0.672551
0.324399
0.0135706
0.000480544
0.0423038
0.0122299
0.0176303
0.00176768
0.00384276
0.0112176
0.00719968
0.607013