0.000396067
0.00162074
0.00152183
0.0344542
0.0808578
0.00338673
0.00114924
0.0245061
0.23289
0.00345603
0.0006412
0.048169
0.0200385
0.000951922
0.156828
0.034601
0.00263514
0.000326044
0.00109511
0.00426946
0.0881787
0.0336791
0.0807477
0.000283244
0.00321514
0.00238553
0.000742967
0.0334472
0.00476964
0.00176616
0.0184235
0.151583
0.836773
0.53009
0.758013
0.00727932
0.20608
0.00566543
0.517897
0.794674
0.0168966
0.0149048
0.109809
0.0148282
0.0391962
0.89109
0.996469
0.00660169
0.000152
0.023106
3.13667e-05
0.00714459
0.00278954
0.00587724
0.150221
0.000229844
0.00193189
0.123972
0.990518
0.0296055
0.0720395
0.000754422
0.000333333
0.0397531
0.626823
0.000933544
9.60444e-05
0.00144251
0.0164383
0.950297
0.82811
0.448928
0.0209961
0.000602322
0.0558593
0.0772343
0.000159133
0.000684056
0.00152342
0.00726339
0.0137165
0.0695636
0.00677048
0.00192347
0.481868
0.228072
0.989994
0.192413
0.0022097
7.05e-05
0.0521335
0.648643
0.948233
0.00529898
0.00448807
0.00167474
0.0188531
0.00613048
0.0206
0.00220888