0.00415363
0.142251
0.000124667
0.000303
0.00336396
0.114038
0.0824252
0.801552
0.756624
0.019066
0.121866
0.129058
0.00649416
0.0434535
0.00258802
0.00804379
0.00611779
0.00154889
0.0240753
0.0106595
0.012899
0.113937
0.946294
0.143406
0.597037
0.792451
0.00167146
0.0915219
0.00150861
0.152259
0.237823
0.0259339
0.848305
0.79177
0.836132
0.00620953
0.0447178
0.158624
7.41333e-05
0.206489
0.0242194
0.175062
0.0298586
0.00263864
0.000815678
0.80786
0.00415119
0.00539803
0.0137994
0.00217223
0.0605244
0.040613
0.000885756
0.0477524
0.00211278
0.0212619
0.195734
0.00675069
0.00621909
0.00992106
0.0045243
0.0618167
0.0559303
0.00109967
0.0005059
0.000661589
0.855254
0.00226076
0.024431
0.0769887
0.0608692
0.0123015
0.0764899
0.209908
0.41869
0.0239522
0.00101573
0.00661878
0.18768
0.711377
0.0201894
0.0623027
0.000132911
0.775326
0.0327415
0.0333886
0.00299851
0.00650114
0.0341786
0.0409627
0.0237211
0.0782078
0.393007
0.0348235
0.832393
0.00191
0.0729925
0.00514811
0.00994531
0.00213068