0.377418
0.0174592
0.0104981
0.00993604
0.00274972
0.0835439
0.279069
0.0104836
0.0676157
0.00931688
0.00340949
0.382526
0.0148932
2.85444e-05
0.763018
0.138348
0.00734393
0.235277
0.242778
0.0667618
0.00116411
0.00189858
0.496237
0.000364078
0.0284923
0.000188344
0.413319
0.462814
0.0174286
0.00914609
0.00449688
0.757876
0.0624165
0.150259
0.00798964
0.783792
0.0964563
0.452649
0.00136823
0.668779
0.0150315
0.180516
0.33237
0.00663674
0.234554
0.00785451
0.159855
0.375911
0.0157375
0.00138986
0.709421
0.170211
0.0033722
0.799474
0.0981052
0.0798698
0.0272976
0.00311764
0.514468
0.000890333
0.0051807
0.0985967
0.0557423
0.0162384
0.00635446
0.00392262
0.00246469
0.00196164
0.011551
0.637732
0.0450613
0.1737
0.00999603
0.000103956
0.0264879
0.0356527
0.3213
0.00725916
0.0126328
0.0294409
0.226268
0.459142
0.0363827
0.00600184
0.191737
0.104748
0.052083
0.0002878
0.0115472
0.0102593
0.0684717
0.315137
0.00553496
0.0145922
0.00852374
0.0231595
0.0601019
0.0103911
0.0528736
0.965686