0.00152436
0.00137279
0.000145611
0.120626
0.00969323
0.145316
0.151787
0.120691
0.0962101
0.000885711
0.00428644
0.0691496
0.783534
0.146324
0.00995821
0.0173541
0.00996746
0.120189
0.03566
0.00997564
0.0222577
0.00250252
0.1127
0.746907
0.00333504
0.165748
0.844671
0.0482942
0.00614737
0.11502
0.0974677
0.091878
0.00222486
0.47999
0.0882179
0.000442689
0.0216142
0.722551
0.127653
0.0610313
0.674817
0.0887608
0.000127933
0.0913645
0.00737246
0.0268745
0.003916
0.462641
0.0210582
0.001844
0.00528812
0.0338598
0.0004994
0.722547
0.0115866
0.10442
0.0195045
0.106704
0.0138502
0.0734645
0.734462
0.0233191
0.022413
0.671429
0.761086
0.343613
0.667625
0.0371425
0.0879057
0.106301
0.000828422
0.0247795
0.00216588
0.00845447
0.0107973
0.000897567
0.0217433
0.0766584
0.00714844
0.0517964
0.000181289
0.00179844
0.00534091
0.00519151
0.128269
0.00702079
0.0193894
0.0911286
0.0827976
0.00299277
0.711939
0.000818189
0.0175653
0.740806
0.00265246
0.672308
0.000692878
0.00665197
0.7461
0.00998342