0.00204457
0.0316229
0.00962181
0.0214527
0.000692411
0.00808042
0.84463
0.0150999
0.354722
0.388458
0.106747
0.0327312
0.738378
0.0148786
0.00243643
0.580974
0.155559
0.00198806
0.35098
0.0183415
0.00504107
0.0171426
0.00403654
0.0345514
0.007956
0.0138573
0.366087
0.0033378
0.0805125
0.00379379
0.376197
0.0718956
0.520311
0.00992646
0.0189742
0.164244
0.839711
0.0690619
0.445683
0.172655
0.0138277
0.104207
0.568059
0.0133286
0.000524844
0.033019
0.0728291
0.816151
0.0285812
0.00143412
0.0410299
0.000479411
0.0340262
0.319317
0.555292
0.0457429
0.0072009
0.340832
0.594961
0.186737
0.358778
0.0219453
0.571221
0.0661286
0.0165586
0.0203018
0.1137
0.0185137
0.135447
0.000257433
0.0107864
0.000839189
0.0577421
0.0249152
0.363604
0.00773889
0.548701
0.0218517
0.0128082
0.00159608
0.0671982
0.274932
0.0256318
0.0103687
0.00491568
0.0646602
0.0120105
0.373239
0.0207168
0.0104594
0.354655
0.0269179
0.00124622
0.011865
0.560126
0.00146829
0.00855082
0.0142732
0.0841586
0.0171773