0.012031
0.250045
0.00726629
0.0245787
0.00187979
0.00631749
0.19754
0.00354416
0.0151863
0.00730522
0.00130709
0.00218518
0.0394658
0.0931353
0.0825575
0.0259193
0.0968535
0.174126
0.00437489
0.0149067
0.0211105
0.0920606
0.00368289
0.559388
0.190052
0.0177925
0.400032
0.106575
0.474588
0.16047
0.00175907
0.00572998
0.007803
0.0119047
0.0305207
0.00346108
0.00314724
0.62581
0.599481
0.00182509
0.0228076
0.0140082
0.0277166
0.00103982
0.00319362
8.70667e-05
0.0135396
0.0947271
0.00182336
0.622604
0.0127582
0.0225518
0.0298695
0.813864
0.00220116
0.959778
0.82647
0.00290992
0.0240716
0.00254593
0.00295732
0.0111913
0.0067092
0.881638
0.0046175
0.0311996
0.0130413
0.00294207
0.00108993
0.901405
0.00200361
0.00763002
0.139615
0.0222133
0.948619
0.00565328
0.000105422
0.0442732
0.00129843
0.0168035
0.00245386
0.0412235
0.00464329
0.897949
0.00303959
0.0351092
0.11167
6.93e-05
0.0123163
0.21438
0.0311499
0.0207744
0.00390941
2.70778e-05
0.92754
0.946996
0.00249321
6.77778e-06
0.787854
0.0351021