0.00529983
0.000381989
0.000424989
0.0004703
0
5.7e-06
0.000227556
0.000522611
3.88889e-07
0.998426
0.00503749
4.26556e-05
4.44444e-07
5.20778e-05
0.0121299
1.21889e-05
0.000383922
0.000290811
0.000947311
4.66667e-07
0.0392491
0.000105367
0.113231
0.000738667
0.955782
0.998028
5.44444e-07
0.99386
2.01778e-05
0.000603633
8.09889e-05
0.0539311
7.68667e-05
9.16667e-06
2.49667e-05
0.849837
0.320253
0.000537256
0.0295905
5.55556e-07
0.0675249
0.000745389
0.0104297
4.61111e-06
0.000900089
0.000451522
2.5e-06
0.994675
1.78667e-05
1.04667e-05
0.00389574
1.37778e-06
0.00526261
7.14667e-05
0.036447
4.80778e-05
0
8.68778e-05
0.000100533
0.00122809
0.00396714
2.22222e-07
1.98889e-06
0.998014
0.000174011
1.77444e-05
0.997981
8.16556e-05
0
0.155303
6.6e-05
0.000242311
0.990476
0.0097585
0.000212578
1.66667e-06
3.3e-06
2.41111e-05
0.00554912
0.999985
3.11111e-06
0.999273
0.000359378
0.119686
0.0061795
0.998328
0.95608
7.08333e-05
0.00117753
1.48889e-05
2.88889e-07
0.000676344
0.25397
0.000227778
0.994677
0.00444356
4.12222e-06
1.45444e-05
4.01111e-06
0.000432989