0.000121756
0.000536233
0.00109206
0.00195664
0.00282407
0.164002
0.00131063
0.130784
0.296774
0.00149498
0.027675
0.440676
0.00983201
0.00436719
0.0388444
0.262034
0.0328434
0.0137968
0.0173833
0.143221
0.568387
0.00726027
0.141787
0.0684815
0.0015373
0.010978
0.00360798
0.0230123
0.86723
0.103131
0.0339471
0.545845
0.069633
0.0013308
0.113228
0.0595557
0.0110543
0.310281
0.0757872
0.00582627
0.20057
0.0241833
0.281244
0.0277036
0.00593471
0.022066
0.442921
0.0152563
0.554325
0.0181517
0.000904489
0.00378506
0.893201
0.0244855
0.0941704
0.0290231
0.394743
1.56778e-05
0.11856
0.0255652
0.562576
0.187932
0.00416807
0.24337
0.347173
0.00386179
0.00201797
0.00161653
0.00765627
0.627204
0.355083
0.0010062
0.00135022
0.00152506
0.0361126
0.00598763
0.574754
0.226181
0.281587
0.147596
0.0277879
0.39936
0.00801668
0.10369
0.16706
0.939465
0.346879
0.0345322
0.430557
0.000973578
0.000317433
0.180724
0.145497
0.145686
0.0404285
0.559826
0.000360056
0.0473009
0.0114785
0.00101978