0.399564
0.0685125
0.374217
0.442761
0.0440252
0.00764577
0.0442638
0.333587
0.20047
0.00806638
0.438948
0.403804
0.0147795
0.120687
0.125551
0.0485549
0.133146
0.0854934
0.00289328
0.012829
0.548785
0.110939
0.0495579
0.0317502
0.0132076
0.0185416
0.287764
0.0014206
0.019723
0.0422646
0.0052782
0.129245
0.0013607
0.00507722
0.118113
0.00531736
0.417973
0.391852
0.00644099
0.480622
0.00465091
0.00150906
0.0908631
0.0739462
0.363526
0.000973256
0.163381
0.0007739
0.258548
0.323957
0.0218618
0.0683859
0.0102149
0.273053
0.106389
0.0559903
0.181579
0.337488
0.216067
0.0582526
0.229515
0.000726467
0.0085547
0.318149
0.0517879
0.117677
0.0298464
0.518872
0.0194545
0.268641
0.318774
0.542895
0.117918
0.0755413
0.331145
0.101105
0.00707967
0.014463
0.282181
0.000154367
0.00116316
0.0682766
0.502947
0.751293
0.0189474
0.00588653
0.168491
0.126026
0.0244056
0.189863
0.0474226
0.0156725
0.00850044
0.00910994
0.140701
0.354145
0.215666
0.00138934
0.00147936
0.387692