0.514312
0.0403055
0.239141
0.0028945
0.462821
0.0552758
0.357762
0.261226
0.0244882
0.679779
0.0248404
0.555473
0.0505932
0.0130173
0.571851
0.0125246
0.272873
0.112939
0.541607
0.06304
0.00212048
0.220177
0.0567334
0.0496932
0.352389
0.00504637
0.00919641
0.37809
0.756688
0.118697
0.201389
0.0896781
0.616154
0.0612644
0.00959322
0.152215
0.00159266
0.0013122
0.124322
0.0167932
0.0580203
0.00327462
0.334191
0.0631933
0.0867856
0.0620458
0.0850703
0.00271128
0.131881
0.024249
0.00181844
0.00789662
0.276739
0.000787989
0.0328666
0.0278441
0.0274007
0.417153
0.000792878
0.066999
0.462478
0.017091
0.0457157
0.190477
0.034765
0.00128859
0.0188126
0.148632
0.0835773
0.0227041
0.0792492
0.250806
0.000759067
0.106925
0.00639462
0.0162905
0.00324754
0.0249399
0.110896
0.00120074
0.100711
0.0255887
0.0032628
0.00359067
0.0315606
0.465747
0.00161203
0.0778895
0.00605188
0.070572
0.412618
0.450252
0.705327
0.000132133
0.122525
0.0073312
0.00841153
0.288189
0.0928091
0.707941