0.153253
0.988281
0.00202847
0.959072
0.0708274
0.814084
0.35003
0.831355
0.0154539
0.00527999
0.272411
0.642031
0.0262571
0.0205073
0.0169299
0.156684
0.471654
0.00296252
0.0509095
0.00180301
0.586091
6.04889e-05
0.00918789
0.0127038
0.0133972
0.00566629
0.000611811
0.0661809
0.048937
0.00298072
0.00883392
0.00490491
4.88667e-05
0.605303
0.069079
0.37484
0.0333085
0.0145598
8.55556e-06
0.00457538
0.445282
0.769017
0.00137088
0.0508631
0.0605445
0.101876
0.133488
0.00605228
0.0813858
0.00435833
0.0133274
0.0277009
0.165697
0.00164761
0.00541377
0.000340767
0.174883
2.44778e-05
0.167444
0.0013946
0.0029142
0.433434
0.00966369
0.13308
0.00809746
0.0146126
0.708571
0.00279774
0.000546322
0.143966
0.395793
0.00705491
0.00118986
5.20444e-05
0.00694957
0.00291568
0.0247646
0.00692881
0.646391
0.0106784
0.0157633
0.00137608
0.00807288
0.0117914
0.00122571
0.000161889
0.419886
0.0586013
0.0433867
0.00439796
0.460737
0.000312367
0.100557
0.00750184
0.00174673
0.733222
0.00253117
0.0711306
0.000182356
0.57181