0.0927546
0.835304
0.431161
0.15125
0.350741
0.0257478
0.162157
0.60718
0.121893
0.105209
0.0298068
0.00339206
0.0826353
0.146902
0.0342949
0.0234466
0.00135138
0.0217261
0.17445
0.0218344
5.71667e-05
0.00137494
0.0911849
0.0851596
0.0167373
0.254094
0.000115456
0.0337172
0.0647219
0.0597134
0.0183073
0.0240594
0.762574
0.555633
0.460482
0.155508
0.0192713
0.145405
0.644029
0.0669092
0.00273913
0.0530458
0.141082
0.166585
0.159241
0.160478
0.0461659
0.00745779
0.172292
0.00870343
0.00104606
0.00444934
0.0168685
0.00295853
0.107011
0.676805
0.552396
0.000117256
0.00630043
0.00794477
0.00784062
0.00476813
0.00448741
0.163371
0.0714817
0.0218016
0.295698
0.0238441
0.0490277
0.766615
0.178802
0.571936
0.710463
0.157504
0.627869
0.0396438
0.0293206
0.593722
0.0374434
0.0653
0.0514902
0.315049
0.0701705
0.177563
0.155918
0.0026924
0.0066193
0.00392403
0.00973872
0.00458372
0.0429537
0.00599761
0.0439905
0.0459098
0.000876989
0.00597008
0.162293
0.0708286
0.176662
0.0498533