0.00152344
0.0116883
0.0475811
0.320823
0.0127477
0.358357
0.0736501
0.0211382
0.737003
0.00220904
0.214211
0.0266173
0.0197851
0.00113283
0.00445697
0.0238675
0.676311
0.486158
0.296461
0.0133056
0.10439
0.0100349
0.0739268
0.0745433
0.00308159
0.056052
0.594807
0.0048294
0.561876
0.00715898
0.613314
0.00875049
0.00207556
0.107219
0.000158389
0.158497
0.475538
0.0303475
0.262843
0.0820398
0.000857189
0.287961
0.000888556
0.341227
0.00392684
0.755181
0.00368621
0.0933362
0.0186559
0.00349121
0.902288
0.0169186
0.7309
0.000970556
0.124147
0.0265462
0.0109831
0.0178567
0.0190296
0.00566292
0.0350217
0.00134777
0.0203657
0.00102511
0.0316578
0.00484934
0.116203
0.0440248
0.00324572
0.55168
0.0565361
0.000202089
0.086125
0.420061
0.267786
0.20967
0.352378
0.0211436
0.000502711
0.0126694
0.575046
0.0597399
0.00382703
0.0046371
0.00197199
0.00150959
0.0977045
0.00315632
0.0245186
0.0618799
0.924461
0.000317978
0.00314271
0.000611289
0.0167802
0.855077
0.0354204
0.00221381
0.0408648
0.105602