0.00633022
0.0446255
0.358238
0.877097
6.50667e-05
0.000682367
0.54702
0.00121784
0.000377611
0.00800586
0.557361
0.98
0.144216
0.000319911
0.00500929
0.0114193
0.00800142
0.00579214
0.028804
0.154244
0.285199
0.00114841
0.00134003
0.361387
0.0021509
0.000337567
0.436665
0.588774
0.0248028
0.0162814
0.000113344
0.0873058
0.000458311
0.00142213
0.00150219
0.463216
0.0043477
0.000336944
0.0105284
0.0407145
0.0504217
0.00133304
0.0171783
0.0220948
0.0091373
0.0228278
0.227247
0.035628
0.0050267
0.00573754
0.67631
0.092724
0.646594
0.0675405
0.00549352
0.296088
0.00309658
0.00483058
9.22222e-07
9.47778e-05
0.0181982
0.00172227
0.019209
0.117038
0.0630643
0.970909
0.535296
0.0359562
0.0261434
0.712517
0.0766532
0.00128152
0.000339244
0.00745239
0.233019
0.0243872
0.0109297
0.0309455
0.00266319
0.00136119
0.00461059
0.276334
0.0341543
0.0133088
0.000725144
0.000648878
0.283497
0.0547406
0.897717
0.0405352
0.0988457
0.023817
0.930686
0.505293
0.226172
0.000106567
0.454032
7.65556e-06
0.00232393
0.00709452