0.0391782
0.0384878
0.00656109
0.384481
0.083565
0.0244887
0.18496
0.0491753
0.137415
0.338827
0.306613
0.0143317
0.112066
0.018175
0.0223771
0.0578849
0.0372372
0.292286
0.00867713
0.2612
0.573632
0.429426
0.0153174
0.0029373
0.229558
0.12133
0.347144
0.082718
0.0311149
0.0130741
0.378262
0.54209
0.0348181
0.0347933
0.000334622
0.0143112
0.00550244
0.151208
0.112075
0.222835
0.0880589
0.173304
0.429297
0.0104432
0.38582
0.00626562
0.0103714
0.150497
0.0751703
0.0244739
0.0988494
0.127394
0.142284
0.651005
0.214972
0.151922
0.0619581
0.0869565
0.183213
0.204473
0.0916957
0.237363
0.146259
0.162717
0.251288
0.606089
0.0854946
0.195087
0.00962538
0.00319391
0.108213
9.10556e-05
0.0186806
0.266833
0.0214581
0.135995
0.0138353
0.113045
0.148088
0.0121652
0.613315
0.0700896
0.0388951
0.326886
0.0241398
0.209946
0.179118
0.252429
0.0356338
0.0286914
0.14857
0.184131
0.166951
0.336354
0.00248614
0.182936
0.0123884
0.4174
0.0110601
0.0941637