0.0338704
0.425895
0.0828342
4.35e-05
0.42787
0.725694
0.026392
0.262638
0.000276
0.00153019
0.0762369
0.342339
0.000479533
0.000856789
0.0301547
0.0739202
0.0216798
0.114551
0.0318942
0.0812709
0.138756
0.00928022
0.00495982
0.463059
0.876876
0.0317913
0.0410388
0.00172887
0.100227
0.0170913
0.573524
0.258538
0.0199231
0.0798302
0.0680414
0.0173548
0.591027
0.266038
0.4014
0.00396047
0.486569
0.619362
0.0418742
0.328192
0.00124676
0.0783157
0.107781
0.00396216
0.00273602
0.0375284
0.0213389
0.0056488
0.191492
0.00917501
0.866229
0.0159624
0.0762656
0.0100229
0.0208405
0.000176333
0.0100549
0.178356
0.000835078
0.0341023
0.00195253
0.0285136
0.0825885
0.0248302
0.0515642
0.00687119
6.87444e-05
0.14271
0.260389
0.606287
0.107455
0.405669
0.192979
0.0443134
0.00407218
0.0660552
0.0061382
0.000473722
0.202117
0.858312
0.0360624
0.0362996
0.000554378
0.893926
0.000462211
0.0249631
0.808761
0.0086571
0.00462991
0.00172373
0.0010684
0.13748
0.00495858
0.00770598
0.00698219
0.0594699