0.0934576
0.153705
0.0175462
0.00323263
0.0200887
0.028381
0.172472
0.0824469
0.00140068
0.58801
0.000792956
0.106588
0.00520144
0.174818
7.30111e-05
0.00720943
0.0368899
0.10469
0.0235066
0.538088
0.00169596
0.0367332
0.0485599
0.0237051
0.117656
0.0187639
0.0199148
0.195519
0.586363
0.00243488
0.0339279
0.487585
0.000238711
0.0053801
0.00829102
0.52386
0.304671
0.0245408
0.64365
0.497398
0.00140981
0.573146
0.0319035
0.00196682
0.000506256
0.000310733
0.456865
0.0122505
0.0311294
0.0548577
0.107368
0.000374944
0.441707
0.0489122
0.418712
0.0158344
0.0100939
0.671278
0.195175
0.0275914
0.0686114
0.139699
0.0860214
0.000823567
0.0111224
0.000610756
0.0177565
0.0977615
0.00512784
0.395285
0.536476
0.111987
0.0237477
0.00119759
0.0159284
0.104547
0.290299
0.298904
0.117817
0.00757516
0.233461
0.30348
0.00132598
0.0001265
0.645381
0.040358
0.104548
0.0133066
0.00948862
0.0425625
0.0839762
0.413139
0.461897
0.481582
0.00412572
0.400477
0.390956
0.0706043
0.0240714
0.102955