0.483327
0.342486
0.111794
0.00972123
0.599021
0.00122732
0.713481
0.078684
0.0918271
0.23198
0.00937463
0.000217867
0.00763467
0.0459419
0.00284279
0.000790267
0.563794
0.393867
0.00397381
0.00370736
0.000202589
0.0453642
0.00700849
0.828011
0.425697
0.00190532
0.000457489
0.37811
0.0537183
0.0120893
0.00937587
0.493083
0.00161544
0.147852
0.0179733
0.506201
0.0455932
0.106891
0.00732598
0.0134566
0.072215
0.000724578
0.010032
0.155182
0.09286
0.0440342
0.0360223
0.000512444
0.00717098
0.0425901
0.00627041
0.0705733
0.374573
0.398712
0.179698
0.00114098
0.374278
0.149998
0.259781
0.00528218
0.00788211
0.0705363
0.122686
0.0225695
0.0754683
0.000946644
0.00616848
0.399634
0.602792
9.09111e-05
0.178549
0.00336227
0.0673779
0.0633995
0.0255564
0.384314
0.00375562
0.0739024
0.509296
0.879623
0.00794026
0.416277
0.0335082
0.156621
0.0420731
0.167727
0.535211
0.240405
0.00133554
0.0548116
0.0354592
0.0167762
0.0135693
0.043816
0.0058251
0.00742569
0.231023
0.0194413
0.363467
0.0301029