0.00725179
0.0169867
0.010612
0.260634
0.0231888
0.029813
0.00566344
0.00508904
0.532831
0.0726329
0.242063
0.099766
0.0341904
0.0355821
0.0467248
0.00269202
0.089543
0.00127553
0.0380728
0.0037062
0.130681
0.0007595
0.289411
0.0758229
0.0193958
0.400542
0.00997274
0.59725
0.62236
0.0135217
0.271112
0.720835
0.10609
0.0709159
0.233073
0.0045779
0.529242
0.0738389
0.436208
0.0226112
0.095072
0.0105791
0.00729194
0.0149553
0.0035002
0.041131
0.0409394
0.0128975
0.176631
0.0961054
0.331618
0.107327
0.274228
0.611271
0.16336
0.117622
0.00867576
0.0376676
0.0303473
0.0235201
0.0043475
0.0364776
0.189326
0.00361146
0.294511
0.431203
0.0748659
0.358068
0.636465
0.278669
0.765201
0.051887
0.141972
0.000849378
0.0110812
0.213866
0.128077
0.00129439
0.0193089
0.00388294
0.338067
0.0177704
0.0195985
0.100506
0.0674486
0.0432693
0.00425214
0.121193
0.0100591
0.730947
0.166488
0.207781
0.0273142
0.341792
0.051837
0.0331105
0.00272582
0.269024
0.0715765
0.338995