0.0287299
0.0968731
0.347935
0.00176801
0.0183974
0.729562
0.0555965
0.140142
0.0437154
0.0221559
0.225765
0.201006
0.194261
0.000268778
0.231562
0.158647
0.183396
0.127195
0.007605
0.0446842
0.743876
0.0147631
0.170068
0.686471
0.189363
0.0709656
0.00618752
0.0757726
0.0308793
0.517854
0.160366
0.151654
0.0900554
0.285331
0.164449
0.00443356
0.0112286
0.0396446
0.022362
0.316585
0.0117139
0.0194592
0.134203
0.0120053
0.0259334
0.0597266
0.212992
0.0579141
0.0500706
0.271176
0.0820074
0.158544
0.00365574
0.000212967
0.00370023
0.234553
0.0126274
0.228244
0.00167898
0.0039404
0.00499444
0.34483
0.0208946
0.030928
0.121806
0.000870156
0.566095
0.000789933
0.299798
0.231262
0.0705362
0.00383938
0.294174
0.0321153
0.157442
0.163347
0.0188422
0.374013
0.00760361
0.0279274
0.0163328
0.0245514
0.199413
0.414893
0.126669
0.00889154
0.0147134
0.930797
0.0020439
0.00633389
0.209991
0.655515
0.276276
0.193795
0.169817
0.00191113
0.589011
0.00811916
0.136886
0.0459974