3.43556e-05
0.000670344
0.000427667
0.777323
0.462627
0.00191931
0.00712336
0.004172
0.226576
0.000266256
0.78709
0.0367287
0.00252901
0.0031812
0.904464
0.0102182
0.642418
0.0073664
0.016666
0.00554807
0.00159862
0.0317736
0.143925
0.00314142
0.000789311
0.00607173
0.00444314
0.252203
0.0025153
0.0414027
0.000767967
0.0159464
0.0172589
0.215704
0.200898
0.017127
0.97927
0.023877
0.141832
0.853757
0.00654859
0.00326178
0.434673
0.000587789
0.00346782
0.0132317
0.00276169
0.0695306
0.44147
0.909921
0.953064
0.732179
0.00215039
0.0308659
0.0770244
0.559999
0.000704067
0.030852
0.0220959
0.00412107
0.00257868
0.00232734
0.00868007
0.00798793
0.00456524
0.108491
0.920893
0.00104632
0.0196558
0.0653934
0.0296461
0.0834397
0.0439398
0.0147825
0.178111
0.0236291
0.00353518
3.28111e-05
0.307125
0.90471
0.0116819
0.0029845
0.0352733
0.0270883
0.0503104
0.00354799
0.655648
0.000152344
0.0118357
0.0867889
0.000690778
0.0644063
0.000268611
0.0292413
0.0551957
0.00579097
0.00185583
0.0263847
0.00451123
0.0456124