0.0262067
0.130799
0.106291
0.00234303
0.702209
0.0885845
0.0026215
0.0498758
0.00100433
0.357385
0.0827716
0.0583436
0.00327363
0.019906
0.173735
0.0085121
0.657073
0.00156703
0.00499781
0.686557
0.000201611
0.00173571
0.018194
0.0249572
0.000321411
0.152706
0.0150335
0.0056453
0.000389167
0.473817
0.00433986
0.000142378
0.029099
0.585839
0.00506128
0.000865556
0.000275933
0.00886373
0.870301
0.16571
0.0083915
0.701912
0.0466383
0.0164478
0.0983316
0.239889
0.76124
0.419952
0.312998
0.0646927
0.0235182
0.744667
0.00257436
0.296082
0.000984844
0.233389
0.189465
0.420262
0.0771272
0.00335939
0.020957
0.00158702
0.0427087
0.0162525
0.0148748
0.000132389
0.696066
0.186815
0.00278473
0.0841478
0.0101553
0.00454249
0.0001798
0.0813546
0.259616
0.0481017
0.0437166
0.503302
0.00482588
0.268639
0.00152439
0.0082816
0.0558898
0.000179222
0.108559
0.195403
4.26889e-05
0.0578295
0.00320058
0.683203
0.0202971
0.0144439
0.0121154
0.31158
0.336572
0.549332
0.050133
0.0920431
0.0184954
0.000639911