0.264301
0.0169519
0.00229102
0.0287583
0.0264564
0.677603
0.0118797
0.0397574
0.655257
0.0207585
0.00796464
0.611021
0.00162878
0.00367944
0.167296
0.0590017
0.0108131
0.00387426
0.287665
0.308396
0.0167571
0.0022775
0.0465484
0.650604
0.0357252
0.0886332
0.0795557
0.0102963
0.0127698
0.0241488
0.00222772
0.717798
0.00161303
0.384022
0.0111369
0.349034
0.651432
0.00197786
0.52391
0.321786
0.0822101
0.0229192
0.295982
0.0486454
0.00393277
0.0377595
0.00625308
0.0162989
4.88667e-05
0.0256228
0.00666761
0.347922
0.00613638
0.0623507
0.31209
0.0003814
0.222944
0.191273
0.327221
0.000178711
0.0337117
0.0050587
0.0235031
0.00377551
0.199199
0.0101844
0.0404489
0.0380078
0.181999
0.00104652
0.310406
0.128144
0.0219814
0.0203491
0.201958
0.0109009
0.259709
0.184913
0.00639601
0.0122005
0.0161855
0.0123241
0.000931944
0.229771
0.0726625
0.00499099
0.595722
0.578385
0.00938733
4.41667e-05
0.707558
0.522709
0.17689
0.0025634
0.00796357
0.826745
0.00150738
0.301146
0.0661617
0.0180136