0.00537651
0.000281544
0.906746
0.0019769
0.00836346
0.00285683
0.00204422
0.000855667
0.000205922
0.718716
0.215763
0.520719
0.700237
0.682557
0.965334
0.970011
0.0515493
0.00191376
0.340677
0.0314546
0.00600937
0.0005928
0.191121
0.00174086
0.000260444
0.605014
0.000145589
0.00368022
0.0610666
0.0603063
0.348403
0.535656
0.000909411
0.00322504
0.112835
0.00109408
0.000990656
0.00949394
0.80317
0.0718474
0.00952909
0.00840332
1.99667e-05
0.0827958
0.00523258
0.00416899
0.17743
0.0288454
0.00426548
0.00534929
0.29749
0.0001321
0.132699
0.000484567
0.752888
0.593611
0.000471389
0.00276307
0.0145458
0.0008797
8.86667e-06
0.00554389
0.000494922
0.280368
5.31111e-05
0.00462401
0.00504726
0.0016626
0.655058
0.0572121
0.0983061
0.0942363
0.0347035
0.365729
0.000885311
0.0157766
0.00468671
0.000365111
8.27333e-05
0.0628266
0.000404211
0.228169
0.00167909
0.0485924
0.00116903
0.698146
0.0702994
0.00193597
0.0031696
0.000115522
0.0005662
0.172278
0.00998809
0.000990856
0.000763789
0.981664
0.000211544
0.000403989
0.0212318
0.00334753