0.129834
0.408437
0.021545
0.000653144
0.00267218
0.100928
0.000536011
0.210979
0.00694336
0.0830333
0.0269357
0.0170515
0.0242198
0.0161774
0.0257238
0.183889
0.0928791
0.681422
0.465043
0.248219
0.0104759
0.420328
0.140412
0.270562
0.199427
0.00366161
0.0648106
0.239289
0.192239
0.335965
0.47074
0.229763
0.0798742
0.0275199
0.539146
0.388782
0.00299271
0.0570946
0.296014
0.0180453
0.348204
0.0290472
0.0172907
0.0129306
0.0598268
0.0890538
0.0253959
0.00685413
0.52189
0.558974
0.00730741
0.421139
0.00723619
0.0177145
0.0501723
0.486014
0.280181
0.000615956
0.0741096
0.0154432
0.242151
0.000447511
0.0598788
0.126102
0.357748
0.203145
0.479016
0.000684511
0.0778602
0.0731797
0.00965571
0.397568
0.0696977
0.00805663
0.0264554
0.313829
0.111886
0.000128478
0.142724
0.0198741
0.319878
0.000746578
0.275604
0.00267443
0.214161
0.00131873
0.0431765
0.495725
0.0290914
0.00943842
0.0329899
0.0918597
0.00236609
0.0120089
0.220764
0.00360861
0.242703
0.119473
0.262553
0.136109