4.08222e-05
0.00515547
0.744786
0.0110077
0.0003021
0.00228653
0.852986
0.00198263
0.000868956
0.0001471
0.000166244
4.47667e-05
0.000378189
0.00349379
0.00215362
0.69928
0.0687789
0.000167767
0.00154104
0.00469028
0.0004305
0.36171
0.000478322
8.63222e-05
0.00396628
0.000117511
0.945806
0.991411
0.00315738
0.133258
0.105468
0.0118711
0.000456267
0.0297229
0.000539611
0.991613
0.105301
0.000371389
0.00126597
0.00468614
5.25222e-05
0.000457
0.0445738
0.0797761
0.00844963
0.000596889
0.0455754
0.362143
6.06333e-05
0.0631101
5.29889e-05
0.00867743
0.020448
0.0207204
0.00725243
0.000285711
0.000232344
5.33444e-05
6.74333e-05
0.000593122
0.988008
0.13121
2.24222e-05
0.00427552
0.0106289
0.140231
0.000147189
0.0389651
0.000128333
0.1516
0.0459072
0.000824633
0.000765078
0.00696323
0.000224489
0.00251304
0.000969689
0.0389005
0.0108332
0.99879
0.0197836
0.00650617
3.12889e-05
0.000149389
0.00457467
0.9426
0.737573
0.00338673
1.32778e-05
0.00759584
0.979925
0.000199467
0.0055745
0.997585
0.999387
0.00833664
0.000237411
0.0129827
0.0424935
0.904006