0.323882
0.0953652
0.0245818
0.0449666
0.0688989
0.00688592
0.06943
0.601756
0.861133
0.136971
0.026463
0.0314696
0.118993
0.152581
0.0674701
0.00301357
0.0898216
0.00229734
0.596488
0.144811
0.00711412
0.912888
0.433392
0.707788
0.792637
0.0370214
0.0767989
0.0778872
0.245433
0.010394
0.00151518
0.10299
0.00270517
0.0513899
0.019198
0.00414558
0.00181177
0.0205212
0.0792658
0.099223
0.0455236
0.230887
0.151745
0.0838239
0.0499746
0.303814
0.123213
0.708847
0.0273099
0.552265
0.0179147
0.0844503
0.00761376
0.113614
0.0348696
0.033165
0.0190927
0.496795
0.423608
0.00609296
0.0924024
0.576282
0.149263
0.0373464
0.0376716
0.0333273
0.0496267
0.0796801
0.103563
0.0765936
0.0544098
0.263811
0.0584799
0.00159593
0.0416828
0.295328
0.0371644
0.0119018
0.0330797
0.01217
0.0419376
0.719397
0.0160555
0.00760219
0.757044
0.0169147
0.100219
0.0259669
0.00353447
0.029701
0.00353003
0.100081
0.0514189
0.0975495
0.0424135
0.0257103
0.0457098
0.0486966
0.142274
0.0128463