0.0202242
0.115631
0.000273122
0.00367424
0.000235989
0.615171
0.000363911
0.000877056
0.120553
0.173058
0.000526211
0.00224823
0.0212635
0.0153991
0.137669
0.00296541
0.00487652
0.000112956
0.0238682
0.78037
0.0145062
1.04333e-05
0.0572281
0.000218022
0.75303
0.000527011
0.000420244
0.0123011
0.00104153
0.00576737
0.00392428
0.00351417
0.11113
0.162367
0.0383642
0.271365
0.164942
0.000248467
0.0163873
0.0180057
0.891867
0.0008752
0.0560402
0.197681
0.188706
0.984691
0.0208571
0.944468
0.293989
0.874256
0.909506
0.130621
0.00541377
0.0197416
0.000106967
0.000980844
0.00241464
0.000104911
0.000409511
0.00117013
0.0265843
0.00427422
0.000375
4.88889e-06
0.00208501
0.0761185
0.01075
0.00202903
2.5e-06
0.0474882
0.00847327
0.983757
0.0573353
0.000283822
0.000183856
0.0140483
0.0625073
0.00704032
0.441537
0.0928599
0.912762
0.0004961
0.0094427
0.219705
0.000182722
0.0312872
0.198825
0.00221841
0.000575244
0.717074
0.000187633
0.000283867
0.354523
0.00632976
0.000811056
0.000440456
0.0636988
0.855589
0.586447
0.00282627