0.0444769
0.132962
0.0320143
0.205377
0.0137341
0.00434319
0.388815
0.0182429
0.0335328
0.200984
0.118989
0.474414
0.138102
0.231239
0.137594
0.179717
0.539098
0.205606
0.225815
0.397535
0.0295389
0.0268765
0.00896913
0.0119968
0.0472266
0.00555908
0.174053
0.0480347
0.237286
0.151282
0.0178535
0.0176562
0.0528602
0.463118
0.167566
0.153916
0.0140816
0.0725205
0.0152449
0.255541
0.0335881
0.0837849
0.360184
0.163679
0.168424
0.423645
0.0231063
0.0701549
0.00724957
0.1504
0.0642387
0.31631
0.0045911
0.585368
0.0634988
0.0599876
0.506667
0.272071
0.0216334
0.40398
0.350718
0.244824
0.00737308
0.238429
0.262043
0.00206363
0.0112085
0.38294
0.175913
0.173972
0.00486001
0.149663
0.00194813
0.340253
0.102285
0.036899
0.284502
0.0115132
0.13268
0.317413
0.000615589
0.167907
0.149198
0.233782
0.0302607
0.0689739
0.0999274
0.386
0.0115431
0.0149411
0.0496677
0.0032388
0.0174018
0.070792
0.00335419
0.157287
0.72293
0.0286974
0.0456518
0.0299959