3931259718
877980265
34297026
1810420248
1167963986
3640938928
3780580344
1999760157
3842611642
2281084037
735907814
163698547
2437689600
3452699630
890223004
190139046
2779447625
119937411
681845052
1585584310
1344588489
3493281845
3027184383
840339554
2418782421
3218486146
2959760193
2587494699
2293366371
2978449830
2033290744
2364605922
15389897
692525809
4163641278
3484933857
2900778554
1487385966
3601030203
3187976576
2730072711
567423983
2160673507
751316401
3500444948
3898534433
590750724
483374040
3385243503
2191603134
973971769
3532414659
2915011243
3932013232
3932915092
4264080902
4108667569
1115664385
3178205161
3440061686
2040138045
2365097918
3123462384
1255112765
3679954428
2649138224
4217371794
3227023108
2938515431
1406998347
3746180343
2742538897
937663441
4204392368
8808659
4086880317
763339051
3667803967
3518596701
2106776548
3889184360
3015668170
721948528
893744662
1342205493
263775241
2304283951
1902476279
1097830419
519237978
1964380792
2737212385
3274825569
3119961404
1889029189
3520074503
3929311089
890632177
1665617043
591844406
