0.147899
0.0555938
0.0430824
0.243031
0.184611
0.0171017
0.488822
0.25849
0.280738
0.160969
0.0748044
0.196644
0.49412
0.0822061
0.22234
0.172824
0.053084
0.107024
0.209809
0.260068
0.0729823
0.0892944
0.0973519
0.189992
0.192855
0.112822
0.229588
0.0280928
0.11263
0.028804
0.151198
0.17609
0.147152
0.330747
0.129619
0.498577
0.0427447
0.171924
0.0422753
0.124804
0.104338
0.140845
0.379834
0.161906
0.32584
0.100088
0.0338125
0.0948583
0.148313
0.0252981
0.0615703
0.0282829
0.155689
0.263452
0.0654031
0.176936
0.227548
0.186627
0.106002
0.263313
0.112488
0.13183
0.407542
0.306933
0.0903084
0.152036
0.0102134
0.117647
0.105371
0.0367878
0.0321977
0.102984
0.126741
0.0550186
0.0601596
0.0525939
0.0773427
0.120193
0.239709
0.179756
0.0295742
0.0982413
0.0739268
0.111051
0.425261
0.052476
0.261527
0.0682448
0.267836
0.172039
0.0212117
0.0324112
0.114579
0.134162
0.103224
0.223111
0.283195
0.0967554
0.0922911
0.0482691