0.0322473
0.193524
0.0306506
0.0406886
0.0171465
0.142907
0.66509
0.122691
0.0486559
0.245148
0.302478
0.100231
0.271694
0.170164
0.287071
0.148798
0.146404
0.486455
0.167557
0.289326
0.04435
0.117545
0.119802
0.0390776
0.0444813
0.115089
0.282139
0.0586592
0.0311943
0.101944
0.0505548
0.188109
0.0485814
0.0104946
0.0388312
0.0337694
0.0404145
0.276785
0.332385
0.147041
0.395547
0.294801
0.196898
0.223722
0.222324
0.570569
0.0295045
0.40987
0.0312754
0.0376184
0.0884206
0.0413294
0.165317
0.0971736
0.0324874
0.172611
0.0258083
0.0472378
0.113567
0.0787238
0.0179792
0.157217
0.0138331
0.0219468
0.168302
0.0502595
0.130711
0.161689
0.0387519
0.0662221
0.128286
0.0569744
0.231718
0.0173313
0.101822
0.245289
0.258585
0.0696726
0.0840132
0.210025
0.457244
0.135802
0.499629
0.034951
0.272308
0.314222
0.0734506
0.0744613
0.211745
0.0365719
0.403344
0.112959
0.0933799
0.0947921
0.231439
0.0938475
0.0471374
0.0357071
0.190617
0.0507838