0.0826395
0.0381674
0.0261923
0.252837
0.340587
0.0852693
0.106808
0.0421542
0.171886
0.092288
0.208035
0.0774465
0.0649846
0.124933
0.207635
0.0948862
0.0421214
0.345658
0.117561
0.0424128
0.108504
0.114691
0.0364197
0.0633805
0.276417
0.41692
0.314246
0.0377547
0.143842
0.207201
0.0866008
0.0856386
0.0271128
0.427674
0.522605
0.0714776
0.0663782
0.0672746
0.0971229
0.12026
0.0281256
0.202551
0.0958948
0.0480624
0.0642482
0.0710784
0.050267
0.0387824
0.358361
0.20325
0.0780759
0.344302
0.109072
0.121984
0.0970317
0.0812527
0.31387
0.324889
0.0444869
0.422882
0.0555503
0.252158
0.0140256
0.389981
0.0571205
0.0377163
0.194307
0.306091
0.0470744
0.0790648
0.10091
0.230439
0.441699
0.0377111
0.0179828
0.151932
0.4773
0.208123
0.120956
0.338735
0.140725
0.190075
0.217091
0.113503
0.253615
0.0360143
0.213055
0.0509307
0.173893
0.116473
0.0373912
0.0365982
0.161283
0.21156
0.0333738
0.0399312
0.13049
0.0637532
0.10284
0.164037