0.162377
0.0852067
0.2717
0.111981
0.173289
0.194039
0.177225
0.0793567
0.18002
0.245432
0.275565
0.0721609
0.0793052
0.0386784
0.190329
0.112343
0.312147
0.0885304
0.142852
0.0545495
0.0528917
0.171731
0.340291
0.118001
0.0649488
0.140304
0.13396
0.0482554
0.247195
0.282483
0.276977
0.176955
0.0330352
0.235089
0.117651
0.0349014
0.167077
0.225313
0.193872
0.12389
0.011503
0.0342238
0.119156
0.1911
0.0599217
0.133203
0.0736617
0.0377902
0.158901
0.0910411
0.0514585
0.329825
0.0647668
0.168094
0.07171
0.42668
0.0591838
0.216682
0.0629046
0.0791545
0.12
0.0522077
0.0992491
0.405027
0.170923
0.154043
0.25266
0.274713
0.17863
0.101553
0.161563
0.25725
0.304682
0.037702
0.138455
0.130941
0.088977
0.0609837
0.241628
0.254001
0.0595583
0.429892
0.199481
0.0532831
0.332304
0.105029
0.0580874
0.14908
0.0371268
0.100858
0.213891
0.240873
0.109037
0.0950807
0.0991082
0.0609044
0.154175
0.0773893
0.167006
0.0997805