0.20422
0.169213
0.132566
0.0269584
0.0767076
0.131609
0.107383
0.0342358
0.170345
0.0870324
0.166222
0.323631
0.0809564
0.115945
0.176374
0.2847
0.1827
0.196781
0.180855
0.0643543
0.138789
0.147345
0.173526
0.107362
0.128799
0.0465825
0.127372
0.0552807
0.0229207
0.203451
0.0910887
0.240968
0.308445
0.139641
0.034332
0.0855671
0.121601
0.155221
0.125001
0.231865
0.0630657
0.156979
0.0559371
0.0820035
0.0113958
0.350346
0.191267
0.101072
0.123214
0.0303731
0.0672459
0.174905
0.0879673
0.0845825
0.204973
0.0776216
0.124306
0.125646
0.206429
0.0224518
0.307861
0.223018
0.139835
0.0862591
0.141574
0.0245783
0.104815
0.294102
0.293446
0.0926089
0.129833
0.114371
0.0911993
0.267506
0.180607
0.170733
0.0655788
0.0352279
0.332533
0.0785987
0.0283381
0.294159
0.280881
0.129356
0.395318
0.0397891
0.266155
0.0942688
0.092492
0.171711
0.0561743
0.144066
0.0756979
0.483951
0.129174
0.29646
0.191759
0.0875127
0.177812
0.45091