0.323117
0.0570426
0.0627036
0.0253395
0.0810814
0.326001
0.653552
0.123901
0.135659
0.0945237
0.119793
0.112973
0.0784667
0.150952
0.0327745
0.207239
0.339636
0.0604615
0.307146
0.157184
0.427225
0.0946702
0.407631
0.233092
0.0982782
0.125098
0.377678
0.127677
0.102239
0.00902614
0.0231845
0.0245585
0.0683187
0.109669
0.0265114
0.0871251
0.288584
0.0715971
0.0504818
0.166414
0.380971
0.185093
0.243105
0.154083
0.0456399
0.28027
0.0405019
0.212426
0.139542
0.0966301
0.284782
0.084798
0.278788
0.495401
0.182952
0.105055
0.329422
0.0816722
0.222146
0.0461884
0.0860733
0.376701
0.0549855
0.0863701
0.0744561
0.095838
0.0177441
0.0546272
0.111517
0.00789928
0.468557
0.0309121
0.0849532
0.166152
0.0258998
0.0754823
0.0422562
0.00654811
0.0273561
0.0522358
0.104963
0.0954994
0.0336571
0.147379
0.033412
0.114423
0.338223
0.635397
0.437461
0.33222
0.0247227
0.0595616
0.0138476
0.0416947
0.0121746
0.0478819
0.0285357
0.0430593
0.0773166
0.173935