0.137991
0.0353396
0.401423
0.0381939
0.20905
0.0508804
0.0994092
0.0498212
0.194545
0.0412243
0.171371
0.0788784
0.0964011
0.0880534
0.194771
0.220598
0.306539
0.475178
0.122337
0.0915076
0.210914
0.0485799
0.431894
0.367675
0.166839
0.08344
0.406775
0.255571
0.426287
0.109985
0.350752
0.283263
0.0261952
0.161923
0.151044
0.219579
0.0905057
0.184415
0.145209
0.377102
0.0501899
0.184177
0.287564
0.287509
0.034977
0.112659
0.066806
0.0282674
0.115236
0.094758
0.0661831
0.114415
0.118014
0.0279426
0.166901
0.122514
0.0275349
0.111825
0.128328
0.105573
0.0687126
0.19605
0.0276155
0.198759
0.114325
0.144439
0.0520929
0.102713
0.036589
0.141944
0.0412777
0.0184992
0.0954895
0.175041
0.119409
0.0455894
0.316811
0.208446
0.0627611
0.0634735
0.403221
0.0652282
0.0609982
0.0397801
0.104818
0.0274938
0.118735
0.0916709
0.188013
0.0685413
0.0923131
0.1597
0.185423
0.0564945
0.103478
0.0918838
0.0653385
0.625062
0.23586
0.133075