0.105875
0.0847857
0.088747
0.142511
0.0194497
0.0557035
0.0392279
0.362051
0.159787
0.0804576
0.0466603
0.141916
0.101601
0.315625
0.289961
0.230239
0.0459925
0.143461
0.0303617
0.166203
0.0732753
0.188911
0.408775
0.0604421
0.0191966
0.0823587
0.340514
0.06782
0.0478372
0.0561632
0.0647395
0.0524796
0.0769276
0.12766
0.222519
0.0783955
0.0654233
0.44849
0.435094
0.0599788
0.0910541
0.0474967
0.541031
0.0665579
0.0709419
0.0926404
0.102901
0.032304
0.0722929
0.030993
0.111958
0.144973
0.104865
0.225563
0.566072
0.227084
0.263106
0.178565
0.318566
0.171105
0.0817383
0.0505095
0.195203
0.295316
0.0139262
0.135418
0.407169
0.0251333
0.0979201
0.39749
0.215028
0.111236
0.172844
0.34318
0.0794262
0.0802921
0.0292703
0.031964
0.137271
0.101302
0.658264
0.0308674
0.0242984
0.032419
0.0402837
0.0910489
0.0880266
0.160036
0.0874083
0.0949839
0.202356
0.1326
0.194547
0.181542
0.0246776
0.0402461
0.141611
0.0613287
0.581724
0.042404