0.36671
0.0457995
0.0187048
0.128557
0.380683
0.357672
0.128946
0.313814
0.11529
0.0859797
0.161206
0.0815403
0.165181
0.0637074
0.596186
0.338062
0.0185691
0.0563441
0.488294
0.108665
0.0945559
0.0573264
0.191026
0.081976
0.0567832
0.0446682
0.0547746
0.0627066
0.143353
0.0505895
0.117812
0.231678
0.107074
0.0122497
0.0700377
0.367117
0.00560711
0.0794638
0.0419739
0.0151965
0.114704
0.28763
0.1317
0.0863562
0.0356224
0.304116
0.0932435
0.268335
0.179545
0.0461784
0.0620387
0.0640693
0.0902793
0.0704202
0.0431234
0.0482972
0.040001
0.353465
0.0920028
0.124797
0.110938
0.0249193
0.100793
0.0469014
0.041828
0.0653247
0.0945923
0.778702
0.0845713
0.00472353
0.367222
0.168154
0.63843
0.0479152
0.349842
0.00708017
0.217177
0.302865
0.0768817
0.0931451
0.0428186
0.0486223
0.0542468
0.0256252
0.0960913
0.02335
0.0629259
0.277039
0.0458783
0.183489
0.0204794
0.853171
0.425915
0.0232687
0.101554
0.0261396
0.123931
0.0306371
0.233257
0.237751