0.325867
0.158019
0.202527
0.104183
0.181015
0.29458
0.0865795
0.243709
0.0962571
0.0866549
0.062329
0.0540347
0.048616
0.136659
0.059107
0.138009
0.259922
0.312744
0.0607107
0.280445
0.118636
0.241566
0.30452
0.697724
0.0776247
0.133579
0.0368929
0.348102
0.0345151
0.0638997
0.316916
0.0570182
0.0403342
0.195532
0.246834
0.341447
0.114333
0.172694
0.138073
0.120639
0.24275
0.0556768
0.0659231
0.289628
0.0756178
0.0309787
0.178913
0.14243
0.153848
0.153481
0.102193
0.232037
0.0323015
0.183028
0.0985144
0.0529763
0.0712928
0.0351783
0.105875
0.05169
0.0453671
0.123287
0.211731
0.0212271
0.0385397
0.173966
0.178976
0.202625
0.139008
0.0213968
0.147422
0.0690455
0.0418418
0.111307
0.0153516
0.126653
0.0819205
0.143627
0.0704329
0.205024
0.216417
0.0521045
0.29715
0.109558
0.0181073
0.154291
0.0948714
0.216754
0.0444804
0.103143
0.128676
0.124793
0.137693
0.609342
0.195337
0.0788639
0.308827
0.366605
0.171712
0.0553449