0.220564
0.3244
0.0976679
0.164525
0.165366
0.349005
0.197435
0.0424821
0.137463
0.0752213
0.162438
0.286918
0.0801077
0.354073
0.0473098
0.144226
0.0939869
0.14515
0.0654265
0.207537
0.14999
0.218793
0.35586
0.16604
0.118074
0.241884
0.213978
0.0936362
0.0776887
0.0751937
0.249366
0.116652
0.200884
0.106493
0.0874045
0.0950099
0.0454652
0.0555291
0.0647907
0.117942
0.104795
0.0745436
0.0903002
0.244746
0.0786483
0.134171
0.0471322
0.137774
0.0107788
0.0328764
0.0806872
0.0812754
0.180929
0.101241
0.143047
0.0490763
0.28749
0.126092
0.0913476
0.14292
0.380709
0.274061
0.251093
0.261169
0.073885
0.0407868
0.0977855
0.277025
0.268003
0.0778514
0.158493
0.114994
0.183378
0.034992
0.0476335
0.0216352
0.395046
0.160248
0.0482023
0.397879
0.1931
0.10005
0.252861
0.0544987
0.179114
0.339314
0.0245587
0.219048
0.0467668
0.313146
0.239931
0.240283
0.0623517
0.0554792
0.024833
0.213657
0.191439
0.0323939
0.110973
0.0894887