0.34454
0.0721303
0.2764
0.115095
0.0602733
0.0789258
0.0911516
0.238779
0.134697
0.231583
0.105835
0.0557913
0.0296304
0.135076
0.299788
0.0493336
0.316316
0.379678
0.143282
0.0239649
0.280685
0.108479
0.271686
0.370484
0.0785293
0.408016
0.131673
0.486505
0.344251
0.104508
0.0533721
0.119584
0.0294666
0.0751659
0.045809
0.0379534
0.0396984
0.0889117
0.0306328
0.0815965
0.140902
0.374699
0.368417
0.043668
0.129144
0.352851
0.236308
0.429953
0.0537746
0.0586835
0.106925
0.0679503
0.0437051
0.159636
0.239848
0.0272232
0.138388
0.0721871
0.0519651
0.0461497
0.0391097
0.295499
0.0275401
0.0370097
0.104694
0.0878165
0.154532
0.160552
0.414342
0.229702
0.237679
0.0725259
0.115065
0.0601468
0.0632465
0.220074
0.111577
0.034856
0.0422137
0.0932635
0.0339984
0.253109
0.0972497
0.367805
0.0958739
0.484091
0.0845427
0.130645
0.0947999
0.0636685
0.0574907
0.215013
0.0267415
0.15102
0.0751107
0.186888
0.17335
0.131179
0.0979034
0.0664218