0.114954
0.0332246
0.117076
0.0942823
0.201122
0.0258613
0.179339
0.40764
0.213342
0.103094
0.111836
0.724611
0.0869259
0.23356
0.141367
0.145878
0.0472715
0.351997
0.162194
0.0450345
0.093099
0.406616
0.0661198
0.168448
0.101066
0.0810997
0.187285
0.0967199
0.0430418
0.0626281
0.0165826
0.187312
0.0346249
0.123906
0.0693733
0.0384524
0.14077
0.389447
0.0100307
0.329168
0.149136
0.124727
0.103026
0.08183
0.112182
0.061481
0.256186
0.14019
0.364688
0.248354
0.0451188
0.656298
0.0962924
0.183764
0.422486
0.0165983
0.270177
0.169073
0.445806
0.215988
0.0193925
0.137627
0.0279114
0.0752877
0.0290089
0.053075
0.0677735
0.0717483
0.0737714
0.329433
0.0777338
0.194107
0.250226
0.135291
0.192515
0.108322
0.0292477
0.397006
0.0605277
0.0386053
0.125043
0.0427858
0.0250097
0.280245
0.0100549
0.157387
0.133472
0.463006
0.0582709
0.0989904
0.0992089
0.122156
0.088761
0.102008
0.0481391
0.0200235
0.259114
0.0891084
0.0233687
0.0354304