0.156457
0.299846
0.360453
0.332151
0.246234
0.087967
0.235751
0.111448
0.131629
0.064858
0.242474
0.049269
0.0248843
0.151922
0.0115168
0.146022
0.158044
0.0463025
0.206802
0.0332936
0.0535484
0.369225
0.105282
0.253997
0.14791
0.310303
0.0966182
0.284359
0.397814
0.0649488
0.17048
0.217243
0.234381
0.0426898
0.273439
0.248583
0.402875
0.0333508
0.129557
0.264056
0.514629
0.0543802
0.1587
0.128566
0.15976
0.327771
0.0887832
0.10479
0.0238313
0.0578649
0.0588804
0.0177817
0.516922
0.082948
0.0289133
0.0193423
0.0630385
0.268898
0.228627
0.0414056
0.0686891
0.131615
0.0972491
0.0914236
0.401658
0.0402355
0.0713618
0.221321
0.238864
0.207107
0.0901952
0.0607176
0.0610624
0.0956345
0.0911488
0.0885865
0.191755
0.299649
0.0603788
0.0273622
0.168606
0.0150432
0.0712058
0.0692617
0.00902017
0.0774391
0.0323001
0.0651322
0.189826
0.0514352
0.0266785
0.39436
0.144845
0.0233815
0.0135433
0.0929564
0.140952
0.200933
0.315227
0.118023