0.0615246
0.199607
0.278311
0.0235977
0.369497
0.00556613
0.0412364
0.0468102
0.191805
0.0191903
0.0279336
0.108026
0.194052
0.0727112
0.439258
0.0910101
0.123166
0.0320239
0.260051
0.184209
0.115443
0.329252
0.21674
0.78931
0.0569537
0.126812
0.0441284
0.134924
0.0557094
0.0167004
0.284257
0.0207574
0.242082
0.0974345
0.10896
0.179387
0.0929886
0.183021
0.0767548
0.200709
0.19736
0.105731
0.0193306
0.0507171
0.0469966
0.202365
0.297372
0.222377
0.0624338
0.0779709
0.0897828
0.78873
0.589965
0.0439344
0.161244
0.0375937
0.0952599
0.0278825
0.0189763
0.713618
0.0381611
0.00942314
0.00807327
0.153587
0.0262763
0.0975368
0.117932
0.150541
0.165268
0.479656
0.0170818
0.20758
0.39395
0.0505704
0.251256
0.202126
0.0764249
0.235826
0.0476878
0.0266636
0.0215297
0.367389
0.112097
0.0456594
0.279668
0.0266068
0.0349849
0.19824
0.144595
0.065498
0.0420274
0.238094
0.0333241
0.0615401
0.0416553
0.104723
0.134188
0.176335
0.116816
0.00785949