0.18472
0.536131
0.0492106
0.0922745
0.0785524
0.0887258
0.111659
0.106864
0.203105
0.0849525
0.0297158
0.294879
0.186469
0.0164377
0.203218
0.0847825
0.125489
0.131266
0.211908
0.175125
0.023722
0.198251
0.026179
0.24573
0.228582
0.221538
0.0886321
0.0554344
0.329726
0.429136
0.0665984
0.106814
0.0959205
0.186496
0.0751914
0.0545167
0.330581
0.0448401
0.0801919
0.0589198
0.0507786
0.116083
0.304689
0.307329
0.190822
0.112314
0.201791
0.155066
0.177595
0.0112288
0.142602
0.0678951
0.217217
0.249319
0.143821
0.200741
0.223407
0.137228
0.035457
0.0280343
0.0721469
0.042109
0.105572
0.142593
0.0229328
0.13753
0.120171
0.0963664
0.214575
0.330774
0.241107
0.0493692
0.25107
0.108938
0.207778
0.240273
0.123367
0.256612
0.119882
0.320625
0.028986
0.0463745
0.111876
0.133748
0.219234
0.126528
0.106081
0.0641055
0.0771146
0.0748839
0.106199
0.129562
0.0200744
0.165105
0.264793
0.272345
0.198211
0.0685461
0.416028
0.150512