0.0893536
0.263136
0.0439208
0.0178772
0.311922
0.0961085
0.115038
0.0915819
0.118822
0.0780224
0.0871906
0.0677433
0.0674845
0.0582236
0.0442784
0.0307482
0.0121933
0.0535558
0.19362
0.0211995
0.131996
0.0450472
0.428907
0.251925
0.105805
0.334312
0.115359
0.538683
0.138156
0.053865
0.256227
0.0530046
0.0618339
0.332768
0.254623
0.0977495
0.252174
0.171478
0.0401584
0.193884
0.124703
0.284243
0.0924621
0.548272
0.0493728
0.150768
0.135778
0.185814
0.0984477
0.315158
0.0793738
0.0573487
0.654428
0.181868
0.238785
0.147006
0.178537
0.317383
0.0554977
0.136939
0.0779479
0.0952621
0.147204
0.0556239
0.217751
0.111254
0.0196964
0.305981
0.0568059
0.0420042
0.286836
0.112162
0.0592771
0.15033
0.0712852
0.0685916
0.145542
0.148896
0.160916
0.0214459
0.415752
0.22464
0.100002
0.131704
0.10562
0.248344
0.409477
0.0533044
0.0390841
0.165051
0.128237
0.0171479
0.045512
0.0652148
0.0797002
0.205884
0.0554204
0.053634
0.258911
0.0903897