0.572836
0.121896
0.110914
0.21083
0.26577
0.214576
0.0665294
0.0332173
0.155302
0.0716041
0.0453362
0.324307
0.0841526
0.0580017
0.0581758
0.0300724
0.0592338
0.12969
0.20366
0.148719
0.155365
0.102
0.0620217
0.286527
0.480727
0.373573
0.399369
0.672806
0.053112
0.0635751
0.0459315
0.0507203
0.117971
0.289163
0.0283895
0.049933
0.172831
0.182682
0.297827
0.225186
0.286663
0.115515
0.197834
0.271453
0.12172
0.505618
0.0824375
0.333584
0.0728447
0.0188879
0.100719
0.0873424
0.119596
0.14546
0.0835405
0.168578
0.0710573
0.025475
0.17058
0.258661
0.416481
0.0661852
0.029392
0.217843
0.0919882
0.0525656
0.403375
0.0408204
0.0859582
0.205591
0.0725773
0.178773
0.0515564
0.106204
0.0176825
0.0179471
0.17419
0.0307284
0.0368767
0.0350626
0.501685
0.048837
0.0300539
0.0270239
0.187046
0.187938
0.212238
0.0618166
0.112832
0.0654937
0.112234
0.0123169
0.159614
0.151087
0.0434757
0.0545589
0.0539639
0.257846
0.0649896
0.011054