0.261137
0.0313624
0.057296
0.206219
0.0750535
0.432876
0.0110082
0.0653427
0.223709
0.0699023
0.167857
0.49202
0.0565103
0.138955
0.0675371
0.0478733
0.070792
0.094849
0.470193
0.0295861
0.0658767
0.047779
0.130181
0.22227
0.0994021
0.413959
0.0965382
0.0213521
0.261377
0.133777
0.0317539
0.560637
0.601887
0.0381465
0.114258
0.666692
0.0791149
0.217755
0.450424
0.357519
0.170082
0.13164
0.0709397
0.0673073
0.326925
0.121013
0.07695
0.044687
0.036318
0.24486
0.0833913
0.196433
0.0914567
0.0989077
0.0961295
0.0684015
0.144364
0.127474
0.00957023
0.0409566
0.428466
0.0194055
0.165645
0.140367
0.0695649
0.0552009
0.033417
0.285929
0.08262
0.193102
0.534379
0.0196568
0.0739021
0.321887
0.0370543
0.0360435
0.0339231
0.0603978
0.0738319
0.040532
0.0916382
0.0259567
0.0729758
0.0128754
0.00803718
0.109999
0.325864
0.061551
0.0832129
0.0912273
0.130973
0.0354822
0.294997
0.135353
0.165446
0.0281005
0.177466
0.153562
0.10324
0.258135