0.0616888
0.0587436
0.0366794
0.218142
0.0497353
0.138453
0.235332
0.398168
0.358214
0.0221627
0.063866
0.0361708
0.0541456
0.0800586
0.155136
0.194139
0.0589486
0.0528175
0.0829638
0.0837051
0.119603
0.193952
0.0841544
0.0709706
0.109714
0.171745
0.223518
0.0472923
0.137045
0.18906
0.168951
0.420321
0.532191
0.491417
0.182105
0.269166
0.112144
0.0409137
0.0951308
0.351478
0.0652294
0.160521
0.0632212
0.141607
0.0227092
0.313023
0.141789
0.0198926
0.0547722
0.104846
0.117741
0.0331659
0.0880356
0.0486639
0.180336
0.0838279
0.461532
0.0858126
0.0276082
0.45191
0.0807572
0.235616
0.103317
0.0981958
0.0911558
0.0679901
0.329556
0.130614
0.0859124
0.0611539
0.154189
0.137436
0.38987
0.115034
0.464496
0.457073
0.0760965
0.137423
0.0541026
0.0217761
0.0930429
0.0853941
0.270077
0.0306121
0.228854
0.138504
0.0697599
0.073365
0.172344
0.0404722
0.0795556
0.209741
0.165868
0.045181
0.10466
0.235829
0.119855
0.137725
0.21035
0.0806652