0.0304897
0.215143
0.260648
0.0871334
0.0367842
0.253271
0.0178201
0.340822
0.349948
0.0908332
0.102144
0.321545
0.00941639
0.0775484
0.0916894
0.0875394
0.167116
0.111678
0.0536147
0.0927699
0.0970344
0.14166
0.283802
0.629292
0.0909804
0.026887
0.255948
0.306071
0.0402742
0.123634
0.00766462
0.441805
0.0786162
0.077664
0.036532
0.16836
0.293186
0.146028
0.125848
0.285167
0.093933
0.0221622
0.293007
0.113185
0.125631
0.411316
0.171417
0.0743507
0.465571
0.0433057
0.342263
0.146145
0.405062
0.333901
0.103074
0.547846
0.0196034
0.00880036
0.0337348
0.0839034
0.0256521
0.0666356
0.272294
0.0298331
0.125708
0.0860905
0.245242
0.128627
0.0680769
0.0308154
0.0571774
0.0244825
0.0269402
0.0219192
0.125826
0.0474985
0.121993
0.262097
0.0798312
0.0948978
0.383904
0.0844889
0.0968712
0.268032
0.154151
0.052131
0.0334868
0.129983
0.00719953
0.0694159
0.145903
0.00796191
0.127098
0.104712
0.116512
0.493243
0.0829842
0.329838
0.0310067
0.0468174