0.0694784
0.117452
0.130679
0.0847784
0.21187
0.31687
0.104438
0.297069
0.254399
0.0932927
0.138748
0.304326
0.10439
0.379776
0.01398
0.148686
0.213148
0.160294
0.259366
0.193913
0.0874446
0.197036
0.163169
0.595654
0.0586508
0.0453249
0.106874
0.0555651
0.126697
0.0424756
0.108595
0.162702
0.402075
0.0427622
0.459088
0.10162
0.410868
0.279333
0.0138001
0.336511
0.0580044
0.0480688
0.236852
0.105415
0.0635123
0.365818
0.0938004
0.0158235
0.0671769
0.070174
0.117474
0.0674474
0.0782306
0.0988126
0.147745
0.249063
0.0135762
0.298726
0.0309063
0.195287
0.285558
0.0622432
0.28084
0.126887
0.0365546
0.00816619
0.066689
0.024765
0.265858
0.0236869
0.104765
0.135305
0.0787522
0.175798
0.097872
0.0242591
0.0658719
0.0195083
0.197146
0.284996
0.0781425
0.28309
0.243976
0.0680188
0.0534707
0.115448
0.240935
0.0499758
0.15321
0.0809331
0.0769176
0.401001
0.0588481
0.0414529
0.187384
0.0814548
0.225026
0.0325008
0.0917353
0.255846