0.161785
0.0617428
0.0820001
0.200481
0.174002
0.123177
0.0210464
0.0676629
0.252822
0.092471
0.0815823
0.246168
0.119527
0.216521
0.313828
0.0543961
0.448517
0.490939
0.192
0.1059
0.0875405
0.30643
0.409538
0.342749
0.112716
0.156541
0.00956822
0.0574905
0.0577569
0.030278
0.370188
0.0549222
0.190786
0.112869
0.0581116
0.0783352
0.0973981
0.0514102
0.18225
0.147031
0.152611
0.0166387
0.0289207
0.10405
0.0772768
0.317291
0.0210566
0.0632286
0.102681
0.423439
0.120008
0.137905
0.101333
0.408621
0.0340926
0.0964247
0.105862
0.340053
0.0362479
0.100422
0.0544732
0.331079
0.111831
0.151837
0.398057
0.085483
0.0768054
0.121711
0.118595
0.0590044
0.0308655
0.0581934
0.294725
0.0247736
0.115604
0.518003
0.141583
0.0747047
0.252677
0.0433551
0.119963
0.233113
0.0724798
0.242358
0.0734482
0.249119
0.332771
0.10444
0.107178
0.0446164
0.286972
0.0434523
0.142185
0.119267
0.0938802
0.259206
0.0523531
0.0547239
0.057873
0.0385989