0.122261
0.0524906
0.0855702
0.106903
0.00603792
0.0747781
0.123868
0.361573
0.0845698
0.293794
0.177916
0.0730401
0.454999
0.0703069
0.439446
0.0586165
0.0532304
0.552856
0.0544474
0.0771392
0.410623
0.241708
0.0628956
0.204289
0.28135
0.434541
0.260777
0.0189468
0.246802
0.155608
0.0158973
0.00447703
0.0910788
0.119258
0.213247
0.0384117
0.207111
0.0323776
0.191934
0.0481328
0.0525477
0.0266506
0.0560649
0.0486742
0.168758
0.141798
0.0441787
0.0520497
0.383163
0.0642195
0.0462777
0.176122
0.104732
0.093518
0.154946
0.280658
0.058745
0.127187
0.298633
0.0247823
0.0745904
0.220737
0.0477808
0.153097
0.192361
0.125788
0.0190274
0.113586
0.373241
0.0499825
0.197271
0.0981847
0.171236
0.0410526
0.0215922
0.172373
0.0694241
0.029268
0.114453
0.108125
0.0822331
0.0417359
0.13488
0.23769
0.123896
0.0449726
0.032292
0.0435832
0.0157148
0.26165
0.360569
0.173375
0.146142
0.381776
0.117659
0.309894
0.225172
0.470214
0.355962
0.0404097