0.117555
0.0486733
0.0657018
0.0532245
0.0320074
0.0389914
0.453249
0.0337589
0.124332
0.0928818
0.0214197
0.116507
0.0671688
0.0551503
0.154388
0.33227
0.321141
0.300984
0.598276
0.141364
0.0224165
0.39322
0.224065
0.396681
0.360124
0.125718
0.0849131
0.170527
0.0780649
0.147122
0.0392581
0.35226
0.0259085
0.0496752
0.245568
0.0433816
0.162598
0.025041
0.0324692
0.106235
0.0160626
0.0402724
0.0171857
0.223625
0.0584568
0.0459193
0.558645
0.106527
0.0552786
0.0139698
0.0340408
0.0245555
0.318468
0.139396
0.366113
0.183858
0.128245
0.0761349
0.0363385
0.132182
0.204968
0.225671
0.0394769
0.073385
0.0616655
0.0166582
0.296951
0.144368
0.0562305
0.297252
0.100775
0.057681
0.28937
0.501294
0.0612316
0.084114
0.0583575
0.0729822
0.025234
0.0495417
0.0470231
0.161598
0.0801704
0.016435
0.122067
0.154223
0.111439
0.0627113
0.131647
0.0253066
0.365877
0.0223549
0.180731
0.505183
0.53838
0.103366
0.0779124
0.262744
0.386807
0.097251