0.156769
0.087607
0.106234
0.0430725
0.0969747
0.0957771
0.160997
0.122582
0.380006
0.15469
0.240824
0.0308068
0.0864963
0.0275282
0.080232
0.557923
0.0813016
0.580308
0.332886
0.187293
0.192906
0.147469
0.24661
0.357903
0.0217386
0.149229
0.110613
0.0735827
0.162411
0.104179
0.0289105
0.0396462
0.014949
0.228761
0.161134
0.152547
0.0768237
0.424128
0.0365848
0.0620383
0.0631571
0.031539
0.133104
0.0226156
0.0232589
0.0713793
0.0280407
0.0221655
0.0993811
0.129304
0.083497
0.227428
0.110617
0.0834728
0.0283242
0.0280631
0.0223182
0.151187
0.199699
0.221728
0.17505
0.375953
0.19277
0.437572
0.0493445
0.118185
0.0760974
0.250744
0.199426
0.0335339
0.0691311
0.117981
0.197922
0.0356008
0.129523
0.0347699
0.137084
0.0400105
0.369458
0.0939456
0.441054
0.0125081
0.171056
0.179339
0.356103
0.0502631
0.19119
0.0376361
0.521293
0.512238
0.166911
0.0531707
0.162069
0.175353
0.0372498
0.0555623
0.25019
0.21169
0.0393422
0.0589266