0.134416
0.206727
0.11502
0.122914
0.111487
0.0686847
0.0558801
0.254651
0.275167
0.245441
0.249589
0.014213
0.133957
0.40089
0.015187
0.0377182
0.199101
0.117314
0.561674
0.167128
0.204693
0.0897179
0.106217
0.0375171
0.0530061
0.23118
0.0327464
0.119934
0.0159208
0.0474956
0.211579
0.17884
0.223715
0.0156403
0.470381
0.010175
0.0802998
0.166603
0.0943182
0.247396
0.0398309
0.292759
0.123359
0.0773951
0.0735862
0.0842801
0.209144
0.086192
0.0218765
0.0799028
0.0200073
0.0893222
0.0555322
0.131822
0.241569
0.384224
0.118898
0.150625
0.295612
0.0457538
0.123307
0.151259
0.035254
0.00974579
0.110826
0.232548
0.144946
0.199323
0.0519407
0.201962
0.383134
0.0321746
0.470959
0.147921
0.281834
0.395819
0.18745
0.2105
0.329366
0.0979053
0.0983688
0.31318
0.0412691
0.0453699
0.0591383
0.013481
0.0984872
0.0867093
0.123367
0.0579865
0.0498141
0.048225
0.493006
0.048902
0.0384426
0.132208
0.282886
0.121368
0.248638
0.0547541