0.0451541
0.00452487
0.479168
0.0516027
0.13286
0.147448
0.0156117
0.0717914
0.6083
0.276834
0.18264
0.31352
0.654197
0.074602
0.340603
0.235574
0.0186057
0.0167878
0.266414
0.635129
0.0769173
0.047855
0.106451
0.180704
0.258849
0.145944
0.334596
0.0846488
0.0183881
0.12565
0.582008
0.167874
0.144435
0.0406016
0.125672
0.0358821
0.0782626
0.0583064
0.0502304
0.0404303
0.0692385
0.046352
0.247698
0.177835
0.568554
0.081235
0.0379816
0.135569
0.278896
0.138742
0.0173737
0.388807
0.159386
0.351135
0.0572333
0.091072
0.137839
0.0431429
0.144206
0.0389915
0.354692
0.0265956
0.0585327
0.207567
0.135917
0.0808731
0.0211561
0.0637366
0.172937
0.0785551
0.0586612
0.0239513
0.0582081
0.0794118
0.0678969
0.20684
0.0181416
0.278882
0.199337
0.413554
0.231902
0.0734413
0.0480468
0.0510005
0.0274974
0.0202038
0.115134
0.0232379
0.0539176
0.13809
0.23306
0.0742974
0.102039
0.0768457
0.0416013
0.155998
0.174838
0.113768
0.111411
0.041865