0.143304
0.248003
0.160674
0.0140863
0.0285329
0.0306182
0.0176939
0.0301347
0.0291732
0.101405
0.119227
0.115767
0.231785
0.58042
0.115016
0.222745
0.196962
0.0814114
0.233988
0.0214632
0.127895
0.514833
0.0414068
0.0388063
0.0929075
0.0642658
0.14776
0.696935
0.0962461
0.0462501
0.184489
0.0339133
0.353906
0.0678266
0.0209164
0.0370641
0.0360968
0.00690356
0.0606778
0.0377051
0.467222
0.0968381
0.0647652
0.0157041
0.0362902
0.017704
0.321603
0.14359
0.0278467
0.619352
0.444219
0.118814
0.684604
0.0950046
0.015599
0.324031
0.0580669
0.539867
0.0662953
0.200974
0.571465
0.113395
0.0407789
0.0362318
0.133588
0.284573
0.487956
0.290429
0.282925
0.0956737
0.105798
0.105295
0.0189318
0.0402709
0.138084
0.00848817
0.0287075
0.0771083
0.0626289
0.0685621
0.12466
0.00645166
0.122423
0.060985
0.0477562
0.021248
0.0307841
0.496199
0.0450072
0.0914852
0.0271284
0.0133168
0.0848973
0.135264
0.0176914
0.291711
0.211004
0.0164096
0.0778817
0.299204