0.0549519
0.133886
0.170084
0.0685373
0.233668
0.324071
0.214517
0.10644
0.149279
0.0204801
0.0611619
0.195965
0.0887204
0.0871968
0.296956
0.394121
0.489671
0.205126
0.19853
0.281927
0.164894
0.0596583
0.0829595
0.264936
0.303298
0.0684803
0.0609972
0.0842054
0.116068
0.0857369
0.164834
0.18612
0.0843091
0.0328595
0.0269297
0.113235
0.25169
0.0428603
0.178663
0.327228
0.0192158
0.152055
0.0737352
0.0249307
0.338512
0.171818
0.0254983
0.0981274
0.165524
0.0312327
0.239967
0.233918
0.127177
0.115793
0.035553
0.0905248
0.0787732
0.235119
0.0673315
0.0662973
0.0902472
0.0806379
0.257908
0.0501473
0.0372043
0.0877809
0.0321697
0.0510994
0.0744409
0.254866
0.175611
0.263687
0.100547
0.0657464
0.0422244
0.11308
0.177067
0.0176295
0.396022
0.11069
0.398384
0.0597486
0.163911
0.19026
0.0292074
0.254564
0.211522
0.016526
0.194626
0.275391
0.261183
0.0504989
0.148812
0.184678
0.0545611
0.0983945
0.17592
0.0425592
0.397385
0.44671