0.229579
0.153793
0.0823736
0.0768143
0.141044
0.0383102
0.220433
0.299567
0.0631069
0.0434647
0.046008
0.0405767
0.557333
0.12013
0.0590577
0.257033
0.0828694
0.168498
0.0867436
0.336403
0.131166
0.124762
0.0381822
0.0273673
0.18229
0.0816738
0.0357927
0.198612
0.170005
0.0644947
0.238693
0.132247
0.259033
0.103862
0.0958498
0.250528
0.173373
0.296933
0.149814
0.381665
0.0934605
0.14305
0.228608
0.502676
0.0433643
0.0792435
0.0305572
0.281078
0.0245977
0.217528
0.0312621
0.0569836
0.0410014
0.219802
0.0347092
0.166367
0.144744
0.0560948
0.104826
0.506275
0.0559728
0.0436069
0.212865
0.0522849
0.212914
0.0916148
0.399074
0.443033
0.135624
0.161746
0.205595
0.0836551
0.0414903
0.125016
0.0510401
0.26287
0.2471
0.209015
0.0536068
0.0202264
0.105373
0.217861
0.0372515
0.0235999
0.0278741
0.222461
0.210954
0.158951
0.368105
0.251705
0.0333472
0.0717529
0.0584348
0.31822
0.0529006
0.207819
0.0503374
0.0304421
0.0777854
0.120767