0.0416245
0.0539431
0.0531422
0.156896
0.294849
0.0616808
0.0911528
0.209126
0.251941
0.0112367
0.136089
0.091539
0.163248
0.0148129
0.065031
0.0454128
0.0654155
0.129105
0.240061
0.365728
0.242079
0.199462
0.113654
0.317079
0.326673
0.14724
0.566373
0.543716
0.0417473
0.0124534
0.231169
0.0788659
0.05753
0.169138
0.317799
0.025086
0.217652
0.0841802
0.0756131
0.357351
0.144797
0.0698469
0.0402775
0.103477
0.384703
0.426579
0.0607236
0.11968
0.25983
0.217208
0.0447248
0.136563
0.119049
0.240538
0.239656
0.437962
0.0949471
0.048809
0.296907
0.0841333
0.0262888
0.0556854
0.0124477
0.0886688
0.05913
0.123764
0.0252032
0.184439
0.130742
0.127166
0.0154811
0.115651
0.110088
0.10308
0.13537
0.0304408
0.0751779
0.0951332
0.108282
0.170912
0.0928647
0.0326458
0.0725644
0.0737877
0.191821
0.0061288
0.171146
0.454734
0.124067
0.223214
0.0421722
0.220815
0.286531
0.125747
0.298123
0.0204371
0.154942
0.248475
0.0746424
0.0546848