0.223972
0.0810205
0.184751
0.205521
0.107716
0.293028
0.027945
0.0606551
0.0465398
0.039818
0.0648427
0.137319
0.262287
0.451996
0.056288
0.126799
0.187712
0.074107
0.149524
0.287328
0.0421348
0.0485243
0.0344464
0.0446483
0.0612043
0.095868
0.310238
0.4329
0.02291
0.0805552
0.0929772
0.0234096
0.325755
0.231702
0.0938046
0.0556929
0.395939
0.19402
0.211956
0.0397318
0.140773
0.0158943
0.196064
0.108646
0.174509
0.0204161
0.0803284
0.0650145
0.530745
0.0972148
0.216977
0.343201
0.259205
0.162987
0.091738
0.16728
0.0850748
0.025891
0.0556591
0.287352
0.176006
0.115491
0.022623
0.0878696
0.0918081
0.141922
0.0649646
0.199901
0.0676013
0.190275
0.373566
0.0488134
0.111303
0.358248
0.23195
0.0198558
0.192506
0.0340591
0.092952
0.219614
0.804432
0.0780945
0.108167
0.208253
0.209441
0.0617543
0.0405021
0.0255466
0.0543484
0.0598128
0.0502557
0.0577638
0.224192
0.239678
0.375462
0.168878
0.0516803
0.0332598
0.125797
0.148796