0.0546415
0.014493
0.200356
0.0355689
0.0129748
0.28832
0.0157733
0.415766
0.264193
0.187891
0.257978
0.0713973
0.195208
0.0690328
0.103936
0.131106
0.0335013
0.0879412
0.0738751
0.0131769
0.0608935
0.119613
0.0536807
0.503272
0.0418981
0.0468128
0.371374
0.0917104
0.0843776
0.0174455
0.028561
0.142848
0.0765822
0.0989681
0.0200555
0.040996
0.672014
0.216817
0.0617101
0.0646517
0.217694
0.0415946
0.43069
0.0686438
0.0433888
0.106762
0.00158058
0.203896
0.0489987
0.0807901
0.0840374
0.0282949
0.102016
0.0330045
0.385848
0.432308
0.105603
0.0192316
0.795743
0.206167
0.377717
0.193948
0.0660866
0.0706152
0.0219879
0.0450064
0.0481229
0.0320243
0.0331914
0.0237731
0.356427
0.0949115
0.0330653
0.0132242
0.00544441
0.0830338
0.478008
0.745208
0.0508943
0.313404
0.0678274
0.371084
0.0650775
0.168026
0.0122425
0.0533141
0.297031
0.0723493
0.458261
0.0224162
0.388812
0.147214
0.0182845
0.0863696
0.20811
0.042832
0.145661
0.0987507
0.157624
0.254921