0.185784
0.0482678
0.121033
0.039026
0.305736
0.0903746
0.0455744
0.304616
0.0323899
0.254906
0.395446
0.0551797
0.0857386
0.0487697
0.143344
0.0412391
0.0827977
0.10008
0.0641773
0.0548229
0.0394934
0.0201398
0.171111
0.0337413
0.217586
0.306341
0.125589
0.0434321
0.314338
0.315353
0.0512278
0.025568
0.069546
0.467105
0.0525772
0.0159138
0.0503326
0.0334406
0.0237307
0.054442
0.0288735
0.100397
0.136601
0.118883
0.0564125
0.0507121
0.0705497
0.242247
0.168614
0.188728
0.600995
0.138084
0.15362
0.0421837
0.13266
0.504566
0.673511
0.12397
0.0253683
0.167312
0.203368
0.344026
0.0165367
0.229201
0.433272
0.0741528
0.451869
0.283153
0.385681
0.278024
0.0711703
0.497044
0.0734499
0.101189
0.0133094
0.0338425
0.126757
0.0592436
0.0255869
0.105331
0.0793024
0.0964398
0.238359
0.00859543
0.0933011
0.137834
0.306312
0.163396
0.125307
0.0721043
0.10415
0.104901
0.128123
0.0412725
0.0388247
0.260064
0.0642893
0.0311139
0.265279
0.180225