0.521338
0.144879
0.459744
0.1429
0.247904
0.0912211
0.431635
0.338855
0.16323
0.191006
0.145405
0.234367
0.472723
0.32852
0.0453891
0.289909
0.197115
0.0359654
0.0847437
0.0439479
0.146622
0.0311387
0.0753345
0.0456095
0.130927
0.339956
0.349103
0.360178
0.172917
0.121918
0.201016
0.248938
0.304595
0.324079
0.217169
0.148231
0.0747377
0.062083
0.0140757
0.135722
0.0555489
0.0371385
0.412197
0.0579495
0.271806
0.0562299
0.0314451
0.15641
0.0303327
0.140328
0.103137
0.0531415
0.102023
0.0567868
0.0424124
0.0412224
0.14865
0.0345775
0.101492
0.0100167
0.0285576
0.145291
0.161456
0.0899001
0.0363002
0.0925033
0.0980638
0.0597239
0.0397988
0.0377375
0.0268477
0.105255
0.332195
0.012179
0.259687
0.0568279
0.176202
0.22165
0.0488077
0.0804574
0.172269
0.19649
0.186546
0.364452
0.0616651
0.0851318
0.0278751
0.200804
0.119112
0.0545599
0.133846
0.154878
0.152977
0.245708
0.0911985
0.0390272
0.0220592
0.180894
0.0862794
0.256792