0.236748
0.427975
0.138199
0.331688
0.0296803
0.182625
0.0610659
0.0696754
0.313817
0.0479929
0.105302
0.274099
0.14276
0.319389
0.398993
0.625145
0.168131
0.205299
0.114698
0.0632389
0.0168461
0.0198908
0.254144
0.108427
0.100856
0.0613615
0.108223
0.153259
0.10801
0.0315162
0.0183133
0.0240778
0.411027
0.0607204
0.0227903
0.113455
0.277789
0.217282
0.259165
0.0882756
0.175762
0.216076
0.104641
0.0442297
0.0664865
0.125611
0.125324
0.0717503
0.224439
0.0429015
0.122593
0.116821
0.19636
0.0969627
0.167579
0.156936
0.0755327
0.0799613
0.078265
0.139345
0.117892
0.0773082
0.247183
0.194883
0.202656
0.0573337
0.0267069
0.126591
0.0964577
0.177525
0.131815
0.597177
0.0151289
0.0201985
0.170595
0.0380944
0.283009
0.038428
0.176332
0.0867721
0.254494
0.100351
0.0659245
0.165129
0.233631
0.389574
0.108278
0.0295373
0.150251
0.467159
0.416164
0.0572848
0.169613
0.0550291
0.116182
0.0179881
0.00800384
0.109027
0.0125034
0.0522631