0.205207
0.143395
0.0807498
0.178179
0.220786
0.287022
0.297416
0.150775
0.561555
0.0270823
0.166611
0.0720083
0.086848
0.237697
0.161924
0.133552
0.0410574
0.155473
0.0885814
0.112053
0.0845545
0.0664363
0.0473707
0.091277
0.23074
0.0404848
0.42803
0.0305376
0.040844
0.121974
0.159995
0.368914
0.051948
0.0702136
0.178371
0.126589
0.195363
0.0223068
0.126658
0.14627
0.0979308
0.271076
0.0847072
0.0577458
0.222763
0.08183
0.194603
0.119631
0.124036
0.255455
0.0498083
0.0206397
0.164209
0.0617309
0.0610605
0.039039
0.168037
0.353932
0.142796
0.170242
0.121356
0.0808936
0.0607351
0.154928
0.0894145
0.199807
0.0706157
0.440936
0.0988701
0.500175
0.168198
0.0773578
0.152719
0.157724
0.125707
0.159534
0.21091
0.0544607
0.0290853
0.0433223
0.0468959
0.062896
0.0534104
0.120828
0.0796339
0.0412464
0.0562159
0.389598
0.123155
0.222335
0.369061
0.118762
0.134586
0.0240712
0.245575
0.120482
0.203167
0.29269
0.156568
0.363951