0.0611327
0.203019
0.170926
0.123744
0.11452
0.156835
0.370998
0.33746
0.0928624
0.0844027
0.0346628
0.0140258
0.0261548
0.0970897
0.245836
0.0665788
0.0528084
0.400915
0.095147
0.0199268
0.0455058
0.182886
0.0244056
0.0401371
0.352026
0.157734
0.573275
0.298473
0.0528531
0.0886192
0.13896
0.442755
0.333265
0.114859
0.289324
0.429533
0.00836023
0.16204
0.108011
0.102585
0.434264
0.240854
0.0659876
0.147738
0.061119
0.0812055
0.114265
0.0378731
0.0531879
0.0288103
0.179524
0.030073
0.0928102
0.187151
0.210235
0.0569753
0.107558
0.277571
0.212125
0.161742
0.151789
0.280834
0.172306
0.0715957
0.304126
0.263147
0.202055
0.0788369
0.0318191
0.0221754
0.0486855
0.0308295
0.0310702
0.213507
0.0443471
0.0776569
0.0948209
0.118059
0.116937
0.037316
0.191461
0.137773
0.106505
0.0742529
0.240062
0.0900691
0.0183687
0.0230238
0.0985701
0.049015
0.0662808
0.687146
0.239117
0.356137
0.0832692
0.0673929
0.128302
0.193865
0.157105
0.104651