0.139786
0.164985
0.0892581
0.0501127
0.037587
0.16604
0.166516
0.130305
0.146025
0.39589
0.122219
0.153511
0.10608
0.153672
0.0597117
0.134733
0.0345141
0.264042
0.0513662
0.364859
0.146328
0.270759
0.0295819
0.123518
0.0962691
0.125639
0.195148
0.210105
0.0213404
0.107041
0.0626036
0.0949723
0.287562
0.0496549
0.0964499
0.275661
0.211593
0.169036
0.232818
0.200014
0.0823905
0.219719
0.0953566
0.136875
0.0313934
0.0510639
0.111536
0.198622
0.115704
0.130337
0.157457
0.076302
0.154641
0.0511633
0.034255
0.159973
0.0771273
0.21536
0.15112
0.0573423
0.0261471
0.281214
0.202408
0.163008
0.278748
0.0575058
0.0492363
0.132401
0.108236
0.0990194
0.115694
0.136549
0.217394
0.144822
0.193326
0.0972136
0.148928
0.240778
0.239455
0.0451743
0.429797
0.136797
0.043993
0.0856925
0.0266051
0.112827
0.156536
0.0452787
0.284582
0.0375446
0.219528
0.244124
0.128623
0.309361
0.430098
0.414106
0.12378
0.167674
0.296972
0.083774