0.0836661
0.0348903
0.018021
0.111623
0.287187
0.0829286
0.172663
0.0663301
0.316574
0.422879
0.00588813
0.124911
0.389545
0.0483596
0.09017
0.217769
0.333913
0.139322
0.0676193
0.169098
0.190354
0.282535
0.321338
0.128449
0.3024
0.224259
0.302731
0.1944
0.025608
0.304121
0.222957
0.130895
0.232581
0.0364795
0.0872308
0.161475
0.572858
0.322861
0.0979865
0.0184382
0.0458452
0.0869751
0.053197
0.0337601
0.0664431
0.0990542
0.0253791
0.47623
0.174097
0.0413623
0.0917593
0.169058
0.717104
0.21547
0.400003
0.307497
0.0291079
0.0175101
0.283284
0.0333607
0.23845
0.0252557
0.17168
0.0437533
0.0470397
0.0932079
0.217277
0.0978531
0.276509
0.0496107
0.121274
0.0876288
0.0743449
0.334401
0.190323
0.0278278
0.0222955
0.023475
0.154657
0.0450044
0.0200719
0.0791548
0.0298661
0.0671185
0.00234942
0.0513628
0.16967
0.127898
0.0288195
0.120544
0.0656476
0.330316
0.228282
0.0326293
0.162187
0.0276765
0.217205
0.114687
0.0230951
0.0497394