0.00939131
0.0989094
0.0641524
0.295493
0.037937
0.313174
0.370651
0.0411989
0.0594386
0.127434
0.336711
0.178754
0.151136
0.211552
0.0549819
0.122192
0.424172
0.0229025
0.507521
0.090184
0.403025
0.067459
0.256901
0.0425808
0.120216
0.0412369
0.0876347
0.089619
0.0139607
0.102031
0.0674098
0.472512
0.257169
0.0157037
0.235929
0.775149
0.268731
0.039378
0.127224
0.0386837
0.48947
0.121214
0.210434
0.0249693
0.019339
0.344449
0.0827045
0.109917
0.225259
0.535145
0.202181
0.0456336
0.126914
0.149626
0.13906
0.147607
0.0195915
0.132262
0.0249603
0.0149612
0.021097
0.319957
0.118842
0.0430243
0.0231211
0.147948
0.0688503
0.0177969
0.175576
0.0245902
0.0296438
0.0259131
0.0227547
0.18191
0.0445997
0.276234
0.346473
0.0943915
0.106694
0.081767
0.0668199
0.117451
0.0507956
0.0505209
0.18229
0.0323792
0.122889
0.23224
0.101844
0.0852814
0.0525532
0.0899606
0.469763
0.3678
0.0131759
0.0246328
0.1388
0.0577494
0.307073
0.0586585