0.0427171
0.208561
0.121352
0.0732176
0.0746949
0.181344
0.110444
0.0340872
0.0997915
0.16605
0.277904
0.135427
0.0514152
0.135954
0.169785
0.140698
0.107675
0.0708611
0.119258
0.227036
0.0577641
0.174861
0.0746263
0.171624
0.0803184
0.142536
0.0468013
0.324938
0.275879
0.301194
0.168725
0.249878
0.110444
0.119746
0.0627853
0.117129
0.141479
0.108077
0.158126
0.0790606
0.27175
0.127089
0.102306
0.243538
0.24793
0.0526163
0.033122
0.0899914
0.270848
0.0373418
0.224008
0.122185
0.045176
0.0462243
0.0686334
0.0593435
0.0936137
0.220144
0.0515201
0.253864
0.0682873
0.100957
0.023117
0.209143
0.450671
0.00821057
0.0291908
0.0551681
0.076661
0.088565
0.034979
0.0846303
0.0748255
0.120399
0.24969
0.474131
0.273236
0.108994
0.137595
0.100455
0.419035
0.111463
0.16819
0.149487
0.181036
0.192327
0.235682
0.117609
0.100128
0.0755003
0.226501
0.357152
0.249006
0.398482
0.4866
0.0714524
0.14836
0.0692283
0.139299
0.159047