0.210723
0.0779639
0.107631
0.0455451
0.0230632
0.485814
0.116338
0.0123483
0.260607
0.469259
0.156392
0.0378071
0.194053
0.0245477
0.0354122
0.114024
0.132784
0.104938
0.401092
0.140308
0.209363
0.168818
0.334582
0.0289854
0.154122
0.0406206
0.0512988
0.0332124
0.0302092
0.0355811
0.159818
0.0405479
0.137308
0.0642703
0.0596494
0.0910588
0.174171
0.0811592
0.0652495
0.0311282
0.23961
0.221951
0.265382
0.205465
0.122832
0.054183
0.275455
0.273463
0.0599683
0.103492
0.0677096
0.332337
0.0227182
0.164424
0.0441434
0.055323
0.411307
0.0381154
0.0576836
0.0110869
0.264465
0.240422
0.0594232
0.609881
0.0302356
0.0108241
0.00612959
0.0169994
0.0526539
0.320661
0.157929
0.642332
0.178814
0.160616
0.108194
0.146244
0.136207
0.438081
0.106127
0.307931
0.010543
0.0444793
0.157307
0.0705099
0.0734209
0.0274138
0.0660011
0.0856158
0.29839
0.067216
0.015078
0.0879384
0.117942
0.47577
0.146774
0.0681153
0.12421
0.266371
0.119639
0.514643