0.169147
0.480231
0.122122
0.177269
0.464682
0.367775
0.0801487
0.204303
0.259713
0.091443
0.18096
0.0874205
0.0842903
0.154105
0.026162
0.0281435
0.038342
0.446801
0.0834384
0.622103
0.0380248
0.154752
0.0463846
0.0454944
0.0591942
0.10666
0.610166
0.0325846
0.236716
0.0566637
0.0248419
0.131685
0.0298906
0.130368
0.0593619
0.345952
0.0536146
0.0169282
0.0938074
0.0763231
0.0138914
0.0962078
0.175976
0.188035
0.0831384
0.265196
0.57825
0.656686
0.133932
0.267196
0.390748
0.0477627
0.0347888
0.292799
0.0338813
0.0204632
0.0280662
0.057693
0.342082
0.0142312
0.247398
0.219096
0.260782
0.0556389
0.0829501
0.106534
0.160768
0.0961626
0.11449
0.0619558
0.152923
0.0905528
0.313968
0.0293051
0.0832384
0.0531819
0.0275066
0.0505453
0.0480172
0.103071
0.0143386
0.105871
0.399511
0.20038
0.0537901
0.0499042
0.0681404
0.0451067
0.0157156
0.0429696
0.39841
0.0269498
0.0255041
0.0680525
0.0815604
0.0498602
0.315943
0.274089
0.119493
0.047291