0.0688951
0.0837519
0.184676
0.0272654
0.0511369
0.0399676
0.104972
0.243738
0.564142
0.13176
0.100515
0.294925
0.218268
0.0216273
0.137525
0.0716526
0.080239
0.0343688
0.0234142
0.232045
0.15675
0.620052
0.154839
0.0577767
0.0236018
0.516331
0.015528
0.15166
0.129214
0.028457
0.0542185
0.485693
0.102085
0.107534
0.0434093
0.167443
0.10345
0.141559
0.10753
0.176588
0.0913233
0.332242
0.0474205
0.23689
0.243619
0.142682
0.641139
0.0326605
0.0526224
0.164747
0.103538
0.130845
0.0280246
0.227027
0.155289
0.228636
0.114061
0.0312658
0.125533
0.10659
0.561936
0.0919617
0.0263472
0.325327
0.00443164
0.127547
0.101967
0.0192312
0.145847
0.0190608
0.162243
0.112921
0.0310902
0.0270822
0.0628143
0.0791563
0.207872
0.478701
0.0363932
0.0636004
0.276441
0.0456352
0.2111
0.0555562
0.0624016
0.155727
0.258666
0.0944833
0.560188
0.201538
0.0723948
0.0417774
0.219996
0.11014
0.152868
0.0737208
0.0926098
0.115507
0.0730894
0.14587