0.011983
0.0745142
0.0384599
0.353652
0.0156041
0.241397
0.161128
0.0877876
0.0191079
0.0599529
0.00900796
0.127939
0.046102
0.0873233
0.172531
0.095839
0.292119
0.145341
0.657293
0.0162285
0.338417
0.17285
0.130992
0.112198
0.043838
0.132659
0.155507
0.0947572
0.143902
0.503409
0.251185
0.122093
0.402889
0.187248
0.081095
0.117625
0.184509
0.0306058
0.0375228
0.340404
0.29032
0.270781
0.175394
0.113884
0.0889389
0.0326337
0.0104344
0.0649054
0.0785244
0.0148457
0.0143856
0.388304
0.164287
0.0738286
0.105372
0.290851
0.083605
0.0217111
0.0407321
0.412015
0.104784
0.0683203
0.0198699
0.089418
0.0538114
0.0593914
0.232833
0.0389519
0.124022
0.0437774
0.695896
0.699045
0.128487
0.333271
0.416722
0.0249054
0.0592079
0.0288371
0.136656
0.0990885
0.0929366
0.279849
0.139037
0.337592
0.021414
0.0194685
0.16255
0.0904982
0.0469993
0.0595674
0.0520978
0.0545334
0.0205483
0.159207
0.141171
0.0382519
0.0144709
0.191115
0.564323
0.0243075