0.283599
0.286662
0.0495725
0.0205391
0.0554966
0.0210207
0.323203
0.0165583
0.050623
0.0574645
0.403407
0.0765674
0.0551321
0.554084
0.0256766
0.311623
0.0823151
0.0764498
0.0381571
0.093675
0.152622
0.354527
0.0649092
0.534542
0.603953
0.068559
0.38394
0.279232
0.425043
0.0529023
0.0501205
0.124057
0.0371469
0.161077
0.0788015
0.0222153
0.0196741
0.0788582
0.1941
0.0215878
0.171566
0.0544073
0.136654
0.0274116
0.355216
0.16021
0.0589058
0.0875167
0.0457829
0.0619445
0.25033
0.213383
0.0153174
0.474562
0.0702463
0.0599713
0.0371872
0.111322
0.119195
0.105159
0.205213
0.0608288
0.0332459
0.0884847
0.131696
0.274052
0.0251376
0.257761
0.093006
0.0428321
0.00810689
0.0464243
0.299464
0.090091
0.0296396
0.0335266
0.0429777
0.0357502
0.271314
0.140204
0.0202881
0.00916277
0.039994
0.301229
0.024189
0.0435963
0.0420666
0.0712939
0.0449005
0.0292965
0.0418192
0.0577236
0.754898
0.491241
0.305607
0.229018
0.377481
0.50821
0.125313
0.0669335