0.447067
0.0370584
0.0399066
0.172969
0.0565375
0.144603
0.0631188
0.394677
0.136427
0.148374
0.185752
0.0334945
0.212567
0.0801932
0.229506
0.0806622
0.238652
0.263999
0.260717
0.225938
0.547325
0.0495692
0.153249
0.367948
0.158443
0.11956
0.114551
0.247846
0.301635
0.11152
0.0679659
0.161422
0.187287
0.207376
0.084713
0.122116
0.147394
0.143048
0.109586
0.372112
0.135426
0.0547845
0.037986
0.445224
0.104091
0.165189
0.0766476
0.128825
0.101834
0.417892
0.423893
0.0442167
0.14638
0.0371099
0.333104
0.0905327
0.0473258
0.0670802
0.0954094
0.13407
0.16577
0.135363
0.0601915
0.138054
0.216202
0.0347091
0.15992
0.246799
0.0817842
0.138472
0.336705
0.108164
0.0239894
0.0322248
0.351901
0.0860999
0.0342678
0.033711
0.22029
0.0983758
0.109059
0.112992
0.0861961
0.0428111
0.0130768
0.0197386
0.0625071
0.0263708
0.0804198
0.186948
0.0833803
0.0913823
0.17547
0.103511
0.203022
0.0190024
0.0805189
0.229511
0.0249529
0.232229