0.044896
0.706697
0.0407192
0.100174
0.0192002
0.0627176
0.0871682
0.019892
0.08386
0.109493
0.0682322
0.0255722
0.0431283
0.100492
0.287317
0.0638297
0.14515
0.0503677
0.0349424
0.0133035
0.083249
0.162897
0.0952431
0.173242
0.0847938
0.23506
0.0643907
0.130175
0.04186
0.0983654
0.0137117
0.0959389
0.0665241
0.587405
0.0350881
0.019029
0.177509
0.0107726
0.0713368
0.57724
0.164959
0.417986
0.0262739
0.0986142
0.187076
0.0644222
0.179599
0.23256
0.0418115
0.199235
0.0514637
0.215403
0.652176
0.0254183
0.00632892
0.0924822
0.0647384
0.0214538
0.145738
0.0542832
0.0801641
0.0295795
0.573473
0.0143767
0.269744
0.0317966
0.0899267
0.0186276
0.0303734
0.300757
0.0945478
0.475616
0.481903
0.0169604
0.0237609
0.0597726
0.102247
0.0831518
0.190749
0.125436
0.169993
0.0993119
0.155033
0.608975
0.0139616
0.0551688
0.084508
0.047667
0.0692439
0.106106
0.0791264
0.37938
0.0777168
0.13018
0.62704
0.247249
0.101336
0.678065
0.0928857
0.211084