0.224192
0.155951
0.0400777
0.460253
0.0624903
0.0664664
0.114179
0.263821
0.0487748
0.340838
0.181713
0.260043
0.282405
0.0321408
0.118785
0.0600567
0.142512
0.106506
0.0678832
0.0219294
0.273396
0.159949
0.314674
0.267506
0.038499
0.245314
0.111154
0.307443
0.141272
0.281421
0.330417
0.0697615
0.0943869
0.214836
0.0209839
0.171459
0.0912539
0.0687852
0.124836
0.31257
0.0824679
0.080033
0.206036
0.122591
0.234428
0.263976
0.0256834
0.0456847
0.112161
0.128293
0.0736034
0.0711818
0.115099
0.0155882
0.386667
0.0783424
0.199483
0.060922
0.132987
0.0713328
0.251946
0.0475542
0.31544
0.250825
0.204592
0.183941
0.34713
0.125547
0.0530402
0.323734
0.0395762
0.123319
0.18501
0.122183
0.116894
0.0974163
0.0752272
0.0398766
0.0811396
0.0359572
0.019426
0.161377
0.166048
0.0975131
0.0279494
0.0688469
0.349274
0.13476
0.126425
0.179735
0.12319
0.0859582
0.195236
0.0224231
0.048967
0.347895
0.298026
0.0173108
0.236833
0.0749619