0.108453
0.146126
0.089013
0.231035
0.0317616
0.123521
0.0881601
0.364345
0.470867
0.0603386
0.173855
0.0506102
0.0928534
0.342729
0.0362268
0.0755614
0.0885285
0.180643
0.128304
0.147261
0.0344732
0.18567
0.216758
0.484287
0.619421
0.0856343
0.232064
0.400534
0.0454627
0.121918
0.248025
0.102774
0.132969
0.108125
0.0915972
0.281959
0.157928
0.106375
0.127895
0.0680848
0.172785
0.0496773
0.227983
0.226291
0.0149321
0.101988
0.279515
0.0254668
0.0997503
0.140986
0.0824995
0.239379
0.0298779
0.267808
0.0367009
0.104814
0.126256
0.0968251
0.150756
0.0245455
0.0157321
0.123594
0.401684
0.132903
0.28234
0.0749709
0.230461
0.0109084
0.064988
0.0579701
0.34947
0.0581752
0.0543708
0.0943505
0.0843714
0.130396
0.136878
0.438517
0.0713045
0.00484479
0.227111
0.121539
0.11391
0.125097
0.0509078
0.175179
0.263799
0.123089
0.151402
0.0640799
0.413354
0.0953391
0.0472348
0.125103
0.0268406
0.0494392
0.201126
0.0547102
0.214499
0.157027