0.109529
0.0439914
0.191054
0.207511
0.185181
0.474459
0.206236
0.235028
0.303795
0.359709
0.388858
0.204763
0.145455
0.107848
0.0814392
0.250923
0.579104
0.0547443
0.230689
0.0396377
0.0296293
0.200387
0.441462
0.326324
0.110227
0.0966514
0.0804438
0.0595463
0.0852756
0.0828274
0.140912
0.15302
0.117904
0.0545788
0.209795
0.0368156
0.133613
0.0529342
0.0323128
0.0652208
0.102062
0.127719
0.0561789
0.241091
0.0542955
0.0514149
0.0654022
0.273867
0.546888
0.153754
0.18272
0.0726579
0.0726691
0.0984526
0.0913492
0.08532
0.463515
0.0245084
0.196637
0.240267
0.2362
0.119943
0.268728
0.086645
0.078123
0.115595
0.224288
0.104954
0.382198
0.125857
0.139582
0.0916673
0.199633
0.0735428
0.0406121
0.0693493
0.0261093
0.134645
0.0895702
0.102093
0.116729
0.0416036
0.104906
0.117554
0.346727
0.0994037
0.0424034
0.328997
0.0494165
0.0547896
0.0182811
0.0484651
0.0853317
0.199431
0.0413887
0.105106
0.138517
0.0865432
0.0381274
0.116338