0.103341
0.186033
0.0411666
0.395552
0.22957
0.0422216
0.611946
0.0791191
0.0502934
0.0230309
0.141724
0.22674
0.0871438
0.344713
0.426394
0.0380431
0.147148
0.507445
0.0782664
0.0842511
0.0669073
0.309423
0.0441705
0.104198
0.0244666
0.275924
0.163512
0.0369652
0.0586296
0.0416542
0.117352
0.110127
0.118663
0.0951447
0.0170241
0.269119
0.484311
0.470339
0.0616604
0.219044
0.0591603
0.0692904
0.0492489
0.0358528
0.0655812
0.0217859
0.0801007
0.056996
0.0285787
0.299938
0.0231973
0.143979
0.0852863
0.0578415
0.0267423
0.0442136
0.0412393
0.113577
0.0498388
0.150714
0.0675399
0.59775
0.307858
0.0387662
0.201666
0.297024
0.0396331
0.118362
0.342636
0.109246
0.0629039
0.121141
0.0770386
0.248747
0.0829466
0.00837056
0.0858704
0.264988
0.133789
0.168868
0.0601739
0.0634196
0.20441
0.0571554
0.0757288
0.0607898
0.029102
0.12533
0.0234914
0.22784
0.0523584
0.245306
0.0440058
0.455684
0.02257
0.316205
0.0375392
0.405389
0.222051
0.460368