0.135663
0.0896023
0.273393
0.0744265
0.0317344
0.333337
0.174164
0.0743303
0.280079
0.0779531
0.172215
0.0690337
0.302618
0.25947
0.077745
0.118964
0.0645528
0.073484
0.0405862
0.133194
0.129904
0.0318825
0.136749
0.152066
0.216386
0.133486
0.16806
0.200823
0.172948
0.24516
0.10379
0.527589
0.177949
0.386357
0.559989
0.226014
0.0617655
0.0506818
0.198101
0.254256
0.265823
0.396244
0.207322
0.0730154
0.0839104
0.219161
0.060467
0.138982
0.0801687
0.0849867
0.408914
0.0360859
0.105975
0.312571
0.0775189
0.0867147
0.113017
0.0254552
0.168577
0.0378293
0.0498248
0.0973844
0.265746
0.0384033
0.0941249
0.0341263
0.0324098
0.36547
0.28805
0.0711844
0.0469418
0.266011
0.0851024
0.20805
0.407388
0.175324
0.168584
0.10505
0.0670588
0.106393
0.168007
0.102412
0.167495
0.0961226
0.248966
0.0816432
0.133311
0.139702
0.0657609
0.0268056
0.0355553
0.0688959
0.200396
0.0738609
0.0595903
0.126546
0.0454037
0.0990728
0.1001
0.0144829