0.380206
0.0200214
0.0732729
0.179689
0.0773271
0.473709
0.18912
0.0666088
0.0578513
0.327503
0.146439
0.0986791
0.0794677
0.112348
0.033393
0.101768
0.0140149
0.0767165
0.0807872
0.298303
0.196255
0.173879
0.340488
0.645622
0.466416
0.0363955
0.0569267
0.121764
0.0659239
0.546819
0.0170972
0.135718
0.0313115
0.113294
0.0279969
0.0187986
0.0668529
0.171463
0.0124957
0.0243305
0.0987169
0.062617
0.267642
0.0795962
0.0536936
0.0685704
0.338038
0.191375
0.0183368
0.0539895
0.140749
0.032531
0.174428
0.0847038
0.0248393
0.0309029
0.0351193
0.0596626
0.0798648
0.064517
0.0318122
0.0708962
0.0421172
0.155042
0.0773734
0.682031
0.0708954
0.097649
0.00517881
0.663529
0.234228
0.136687
0.111273
0.0640939
0.0908137
0.146116
0.0659442
0.0418497
0.256329
0.372211
0.0249534
0.0348082
0.0347505
0.120301
0.428035
0.084467
0.0367731
0.138074
0.0337664
0.245737
0.0764962
0.0317794
0.025458
0.15889
0.364603
0.207808
0.354576
0.60254
0.408325
0.0548212