0.0180721
0.0215401
0.0171767
0.0330761
0.398797
0.008553
0.295832
0.0551547
0.261922
0.0564837
0.0297631
0.0809373
0.121194
0.347326
0.00697651
0.0192634
0.126797
0.271179
0.155023
0.130021
0.462667
0.624948
0.47244
0.0935744
0.0988591
0.0249292
0.094445
0.0848222
0.184338
0.0389881
0.23287
0.0716017
0.0479469
0.159746
0.527064
0.179011
0.0378883
0.200661
0.149257
0.0279653
0.0397845
0.0592462
0.0423205
0.158995
0.140864
0.0544342
0.690232
0.151097
0.817899
0.0597119
0.105793
0.0695133
0.269088
0.616658
0.0396489
0.0320583
0.00784804
0.0450835
0.362657
0.0577971
0.0101016
0.0594152
0.00467124
0.0657538
0.0121303
0.0024224
0.222572
0.177704
0.0886076
0.0462969
0.00214372
0.178749
0.0192604
0.234424
0.0384101
0.0428584
0.0157181
0.104737
0.0602467
0.0480938
0.0606988
0.634324
0.0246967
0.0499526
0.0913258
0.0262061
0.599887
0.121634
0.0401156
0.25486
0.0941828
0.0389013
0.0569759
0.58146
0.177858
0.213147
0.106334
0.0116581
0.0573451
0.234279