0.0383308
0.042697
0.092338
0.0995168
0.0822805
0.190193
0.166815
0.0312667
0.462697
0.117864
0.0545622
0.0235399
0.0797715
0.136889
0.115472
0.101195
0.291188
0.0422021
0.283768
0.10945
0.675216
0.245086
0.221224
0.122905
0.117307
0.252124
0.0403997
0.0643718
0.0722866
0.0547045
0.205811
0.0291145
0.213485
0.0326455
0.288043
0.0981436
0.0590181
0.0900311
0.0893864
0.147553
0.110761
0.0651505
0.0466581
0.0133152
0.160143
0.159436
0.172022
0.385549
0.0552685
0.127723
0.221031
0.349114
0.0434238
0.0613295
0.0126795
0.379437
0.100408
0.0596639
0.0855237
0.0489393
0.249684
0.028793
0.0352813
0.0417185
0.0871869
0.192602
0.254746
0.0216976
0.22316
0.0384196
0.0567027
0.109146
0.0374726
0.0290719
0.0404052
0.0126186
0.00514391
0.109975
0.102541
0.109925
0.123229
0.0104118
0.283759
0.108193
0.088597
0.148169
0.0375075
0.771019
0.239777
0.321745
0.229121
0.138978
0.654502
0.323977
0.572954
0.0609517
0.437029
0.0266572
0.198508
0.100152