0.18645
0.0181514
0.128439
0.174082
0.110086
0.0194426
0.219006
0.340668
0.0676562
0.0859649
0.0497575
0.0557562
0.114034
0.158444
0.474024
0.034846
0.339998
0.173969
0.238777
0.0689093
0.032657
0.342037
0.429928
0.268775
0.031272
0.479114
0.162325
0.124642
0.0922645
0.211166
0.0700937
0.0221218
0.0498533
0.107623
0.0591919
0.0900953
0.122216
0.193767
0.106129
0.0484692
0.560102
0.23627
0.263447
0.0341288
0.0502523
0.145508
0.0547843
0.360516
0.026148
0.0231089
0.0306066
0.104095
0.0933433
0.17335
0.0186391
0.130988
0.0648093
0.220787
0.0527641
0.0700273
0.152858
0.317742
0.111707
0.0824092
0.0435953
0.101676
0.065428
0.136595
0.0418622
0.346843
0.101475
0.13555
0.0447651
0.0151048
0.132824
0.044297
0.0200285
0.0382408
0.221671
0.0948637
0.153896
0.1955
0.315606
0.115607
0.0727332
0.506817
0.0230179
0.168584
0.271725
0.220846
0.487104
0.0633816
0.432013
0.0858863
0.239438
0.0742945
0.198343
0.00847611
0.0597642
0.241555