0.0674584
0.25788
0.0989018
0.411186
0.0837687
0.141549
0.428654
0.0289095
0.161723
0.032323
0.187132
0.124411
0.0744753
0.155178
0.204519
0.0834526
0.550745
0.162598
0.126202
0.485978
0.300342
0.342406
0.0877911
0.116366
0.134343
0.187511
0.0308325
0.610623
0.228446
0.542261
0.247844
0.564944
0.0782676
0.0364944
0.0181493
0.0253197
0.146953
0.0247216
0.18428
0.133043
0.0433974
0.0187191
0.0722167
0.08678
0.325785
0.0315045
0.137896
0.0526552
0.531448
0.151562
0.0499402
0.113527
0.0307545
0.0764645
0.127207
0.281999
0.208914
0.0741104
0.0864073
0.0458504
0.17846
0.0581277
0.16285
0.0382382
0.397121
0.128349
0.0710085
0.179309
0.114281
0.0246769
0.0799738
0.194108
0.0162514
0.162627
0.0306434
0.0447823
0.042203
0.0824873
0.0549202
0.101589
0.147889
0.0678569
0.0244665
0.207794
0.013468
0.352038
0.10236
0.0817336
0.0693193
0.131508
0.157094
0.0287202
0.0106545
0.135971
0.183738
0.0341233
0.0784326
0.362175
0.0934515
0.100079