0.0740733
0.139245
0.107657
0.216884
0.220818
0.268102
0.392473
0.218568
0.214037
0.512135
0.586222
0.310347
0.235842
0.0545376
0.0172699
0.01932
0.259077
0.244274
0.233884
0.0839167
0.185385
0.3431
0.133387
0.0598148
0.0585581
0.0962934
0.0725788
0.129411
0.131244
0.0592921
0.0542224
0.0251678
0.179184
0.0763672
0.0170035
0.256857
0.118328
0.123738
0.165742
0.142814
0.0128841
0.0277669
0.0986648
0.14094
0.0388794
0.254022
0.0718766
0.0492322
0.0213871
0.114395
0.0150596
0.0621704
0.0407065
0.269351
0.00490273
0.156703
0.116604
0.0364649
0.0141333
0.194424
0.137702
0.396822
0.274672
0.3194
0.276486
0.321029
0.582904
0.0935549
0.085067
0.0611124
0.20233
0.0341236
0.075442
0.0656811
0.0277075
0.024312
0.574091
0.192244
0.0345673
0.232148
0.102046
0.162451
0.101798
0.02731
0.0161613
0.064038
0.250949
0.152115
0.186046
0.0234915
0.0537508
0.107502
0.404041
0.0600858
0.0128196
0.12245
0.0518811
0.190024
0.0204068
0.301502