0.0972246
0.103342
0.168779
0.118889
0.072176
0.16405
0.0850309
0.30474
0.126415
0.311012
0.0145068
0.221933
0.0110423
0.143121
0.108791
0.121391
0.163656
0.547612
0.149393
0.41379
0.069468
0.410099
0.200116
0.0273699
0.0720416
0.0616662
0.0948289
0.140877
0.0716819
0.0338643
0.0228026
0.0157896
0.0500681
0.290399
0.105416
0.0490196
0.144368
0.117328
0.299283
0.124614
0.25727
0.0727171
0.207078
0.154134
0.227791
0.22159
0.0742747
0.0579733
0.130522
0.446667
0.153666
0.523637
0.408312
0.39958
0.187197
0.29398
0.00939843
0.0242995
0.0300975
0.0325411
0.131251
0.0620196
0.034301
0.0418321
0.244935
0.383306
0.0187529
0.0758605
0.270746
0.152803
0.0144299
0.031084
0.0745818
0.0619987
0.0850754
0.256992
0.0532655
0.030369
0.133776
0.150664
0.281774
0.427597
0.321389
0.0904348
0.0636227
0.0775757
0.394806
0.0211679
0.0163483
0.319395
0.0158672
0.23065
0.0575273
0.0851046
0.0300549
0.118457
0.0578353
0.138856
0.0272727
0.1555