0.177902
0.0722957
0.0349555
0.0212433
0.0172917
0.316231
0.596609
0.098439
0.058027
0.349564
0.186778
0.0486943
0.221554
0.0752547
0.0150556
0.103209
0.111013
0.246139
0.3357
0.200497
0.217843
0.00529824
0.0502395
0.232884
0.0161113
0.275295
0.0390482
0.165935
0.0081975
0.434135
0.12011
0.176298
0.0869454
0.114198
0.0998641
0.847686
0.106129
0.0519691
0.198942
0.318908
0.00550339
0.0945806
0.250222
0.133994
0.0251192
0.0434899
0.549321
0.00485044
0.625402
0.0212674
0.466705
0.128628
0.0276563
0.484886
0.0260037
0.076167
0.0352368
0.027006
0.0159614
0.0230003
0.0113753
0.0446407
0.133806
0.0151501
0.0405426
0.0942003
0.466211
0.0715329
0.286906
0.0221835
0.0864927
0.014223
0.11356
0.0617157
0.0137888
0.224141
0.0327624
0.187712
0.130251
0.707702
0.0342375
0.663444
0.0556812
0.0649207
0.0441871
0.0441127
0.0427526
0.0946643
0.00917727
0.165671
0.0424547
0.165599
0.0406763
0.0775916
0.0761659
0.530517
0.0643632
0.00984097
0.0177395
0.0798139