0.137005
0.231612
0.351062
0.0205834
0.0957495
0.034248
0.0202564
0.088104
0.0686747
0.13873
0.168285
0.106633
0.352564
0.00895097
0.425362
0.0375373
0.050332
0.0649596
0.240919
0.381672
0.131591
0.181521
0.0307045
0.0704352
0.179388
0.0871271
0.0707109
0.0916521
0.0626328
0.250472
0.112847
0.0183787
0.389712
0.1544
0.0762569
0.0968164
0.0234202
0.0787411
0.582229
0.626742
0.177332
0.0252643
0.0533909
0.462801
0.0592749
0.359622
0.104006
0.105616
0.0287352
0.017328
0.0425391
0.146865
0.227504
0.207705
0.49095
0.44022
0.0626585
0.0694359
0.434757
0.519996
0.0145856
0.161732
0.0452582
0.205208
0.0722773
0.0768929
0.121712
0.189955
0.105006
0.110222
0.0213298
0.146046
0.20334
0.185318
0.0856296
0.0684376
0.0202297
0.0387519
0.158249
0.161356
0.073575
0.0729642
0.0336883
0.0901677
0.0975482
0.120372
0.184421
0.285626
0.0775144
0.449646
0.319796
0.0325095
0.0560702
0.0213964
0.137485
0.0465428
0.0583727
0.170548
0.0561805
0.0490229