0.0132497
0.0397574
0.188848
0.137052
0.0585253
0.0247326
0.728746
0.0267161
0.463514
0.0534309
0.187043
0.189287
0.0262951
0.0356626
0.0261783
0.0828531
0.0544011
0.2234
0.0293454
0.582634
0.533057
0.0265748
0.195257
0.0441461
0.0726704
0.0453321
0.178679
0.100168
0.121877
0.0165251
0.742056
0.130274
0.228867
0.164786
0.349726
0.446162
0.00485177
0.52494
0.786727
0.24568
0.0555281
0.134045
0.0355733
0.0183322
0.0503828
0.0640774
0.0169685
0.0368507
0.482335
0.768563
0.200332
0.079536
0.0855075
0.0736357
0.113573
0.0208486
0.0596882
0.0820263
0.0232359
0.0326313
0.187945
0.177208
0.111367
0.118655
0.0445021
0.108656
0.00196954
0.0776256
0.0285274
0.281669
0.079052
0.0834041
0.0602497
0.0494667
0.202526
0.656696
0.0853245
0.0063433
0.302116
0.0112481
0.0471839
0.0219447
0.0121603
0.0240815
0.600688
0.13161
0.0327852
0.0315661
0.0620175
0.0432491
0.138333
0.0527642
0.088961
0.093864
0.0162158
0.286905
0.0113838
0.0300109
0.0226395
0.0133853