0.177422
0.0125941
0.107194
0.0279958
0.0224306
0.178951
0.174111
0.116479
0.150896
0.0565456
0.159877
0.0920539
0.188554
0.311242
0.455176
0.544167
0.171445
0.134589
0.312857
0.495515
0.165733
0.0576239
0.0928801
0.0212851
0.228727
0.369239
0.21611
0.208785
0.0887395
0.302923
0.230801
0.141846
0.296121
0.458181
0.215551
0.197141
0.180588
0.030809
0.0359073
0.0308966
0.548446
0.0137164
0.0282798
0.101734
0.0126844
0.269512
0.0474933
0.0707028
0.0381527
0.563583
0.0378452
0.0698607
0.115754
0.111422
0.0587651
0.0859956
0.120144
0.229772
0.0584241
0.0684204
0.14132
0.0898187
0.00842899
0.092703
0.0640725
0.0195488
0.0646109
0.0775082
0.0298758
0.12393
0.32734
0.0378008
0.23987
0.161124
0.0953769
0.409053
0.483179
0.0965961
0.0635821
0.104057
0.0559647
0.0231431
0.00798422
0.0485053
0.0920403
0.0680089
0.127568
0.061057
0.129226
0.0586677
0.028326
0.0357693
0.0728709
0.0290791
0.247834
0.0652155
0.266169
0.434971
0.0931781
0.213936