0.116826
0.0557253
0.234436
0.233559
0.0264982
0.114531
0.0773786
0.156529
0.0489688
0.0480373
0.375369
0.136386
0.0455603
0.0897311
0.215492
0.122933
0.0473357
0.131478
0.404573
0.0481885
0.133898
0.105285
0.410747
0.0271411
0.0902702
0.571148
0.40334
0.0660848
0.20615
0.37111
0.185722
0.414911
0.0924438
0.10457
0.109321
0.103157
0.0524393
0.292693
0.127431
0.0612206
0.175671
0.257384
0.168501
0.363966
0.275199
0.0550623
0.0518263
0.106391
0.238813
0.134927
0.02632
0.0756957
0.132855
0.117567
0.0769619
0.22256
0.144549
0.232139
0.10809
0.05748
0.0784049
0.0696098
0.163086
0.101842
0.0319181
0.198005
0.12108
0.0737761
0.160153
0.202533
0.192978
0.360951
0.107275
0.302457
0.0325537
0.252322
0.0928988
0.248512
0.061691
0.0209776
0.0473116
0.0426382
0.211008
0.2046
0.0788831
0.109896
0.180989
0.0726411
0.0806904
0.0326169
0.0375243
0.256984
0.184415
0.275112
0.183868
0.0910927
0.100903
0.13146
0.0926327
0.0311317