0.15236
0.110218
0.102668
0.119745
0.196895
0.0350775
0.097814
0.222743
0.113474
0.0592452
0.240333
0.0839637
0.220557
0.16917
0.2498
0.389143
0.238823
0.0797936
0.122954
0.0744701
0.139815
0.0601972
0.359294
0.145712
0.148171
0.0735953
0.159668
0.131125
0.0346378
0.0991862
0.286206
0.288468
0.304098
0.341759
0.0975493
0.688835
0.21818
0.0847894
0.10149
0.104467
0.04112
0.139249
0.0300058
0.288962
0.268756
0.102397
0.122685
0.0949816
0.0496084
0.0464819
0.454749
0.134044
0.174056
0.0330295
0.307529
0.11803
0.43559
0.0321856
0.0520905
0.237895
0.106084
0.122858
0.161717
0.0820097
0.23115
0.0710562
0.132679
0.0584023
0.0381011
0.0884587
0.260573
0.0485666
0.125549
0.0867217
0.199826
0.131627
0.0540634
0.0601206
0.0806433
0.0353058
0.167288
0.065615
0.0357071
0.299171
0.104669
0.0929292
0.0701531
0.107858
0.144169
0.0942204
0.0725391
0.0946048
0.274372
0.0707438
0.25472
0.0462093
0.0890281
0.085389
0.0659101
0.479255