0.0793143
0.147675
0.0682154
0.506657
0.0918464
0.3239
0.516843
0.161887
0.176326
0.112667
0.613873
0.0390884
0.0323797
0.188167
0.0372971
0.0175266
0.0996529
0.0494574
0.143587
0.15373
0.152135
0.126668
0.243815
0.263302
0.198301
0.148829
0.18601
0.300486
0.0638464
0.0451231
0.199044
0.102877
0.261722
0.136613
0.0703908
0.572445
0.205033
0.174046
0.0874394
0.210762
0.172913
0.0199931
0.186705
0.0097851
0.00894246
0.197559
0.236412
0.344992
0.0489981
0.00612096
0.339842
0.388178
0.0241319
0.0436386
0.658453
0.248193
0.0580465
0.104597
0.0913754
0.105079
0.0755671
0.0191125
0.0638222
0.0143381
0.00808507
0.159113
0.44866
0.14418
0.0391601
0.0884617
0.0551592
0.05118
0.18213
0.0920964
0.100012
0.328386
0.0357489
0.0285726
0.02767
0.103031
0.0148245
0.0371979
0.0429516
0.220796
0.0861014
0.426689
0.101802
0.0145654
0.0892713
0.0788462
0.113196
0.164534
0.0298704
0.0266087
0.171923
0.235508
0.199012
0.0466197
0.176814
0.0554534