0.129269
0.0335935
0.0139718
0.0494648
0.08355
0.198487
0.0166976
0.0837246
0.0771378
0.0681506
0.123975
0.0732188
0.317372
0.460984
0.717536
0.254536
0.272163
0.00719007
0.0671767
0.569202
0.181765
0.0141197
0.0261778
0.025338
0.0120843
0.113099
0.00723759
0.0305777
0.0653791
0.0860228
0.153151
0.0843586
0.0203526
0.0234908
0.371542
0.123048
0.20356
0.0146624
0.0169582
0.00193759
0.0130942
0.0254756
0.0735795
0.0877751
0.0392444
0.11918
0.0380041
0.145157
0.0134372
0.346379
0.160393
0.224529
0.573064
0.0896487
0.812559
0.771237
0.0875139
0.00977859
0.0297492
0.194571
0.00291079
0.197999
0.051086
0.0542634
0.125215
0.308679
0.599136
0.0250131
0.00226212
0.0678282
0.1003
0.0818927
0.204796
0.0669693
0.135858
0.379804
0.105866
0.0338093
0.0832414
0.648968
0.0307351
0.0550904
0.137832
0.210233
0.0291372
0.0989008
0.0661014
0.228256
0.0393072
0.010224
0.135618
0.509844
0.00878056
0.0732299
0.0240178
0.0440385
0.720064
0.118856
0.0162749
0.120932