0.651607
0.321767
0.258493
0.12092
0.297712
0.230402
0.0484133
0.1025
0.0422071
0.0730014
0.0427943
0.0537191
0.195545
0.0644479
0.0261755
0.0124267
0.315888
0.0502907
0.292372
0.142806
0.0326753
0.0846614
0.293296
0.0150972
0.0241212
0.0198699
0.0434022
0.211223
0.088711
0.340939
0.245822
0.200515
0.0529635
0.226555
0.116363
0.0259485
0.22834
0.0556935
0.13228
0.144381
0.0251852
0.0680841
0.164489
0.064459
0.0719885
0.0985478
0.615799
0.31244
0.0145028
0.200847
0.200271
0.146791
0.156828
0.0818301
0.2152
0.146991
0.0492556
0.02574
0.381337
0.122353
0.170143
0.116081
0.0208339
0.209406
0.11479
0.0624981
0.0505755
0.0803784
0.0844606
0.25256
0.282236
0.133098
0.153357
0.305668
0.0231167
0.0948042
0.0592449
0.132494
0.0868462
0.118042
0.0972615
0.181799
0.0668743
0.0587479
0.0849759
0.420157
0.0671863
0.162265
0.091323
0.0287036
0.222668
0.23861
0.0528044
0.10664
0.427589
0.129041
0.201277
0.0546916
0.163961
0.503505