0.117869
0.0314096
0.106855
0.095132
0.219402
0.11712
0.0197296
0.0214593
0.134191
0.0801482
0.0669367
0.0840354
0.341742
0.0664424
0.119012
0.012668
0.0264093
0.0205383
0.133596
0.18152
0.0575468
0.271752
0.0601
0.04943
0.25797
0.0786182
0.0445633
0.298485
0.0364327
0.205694
0.355341
0.321544
0.321909
0.11824
0.384018
0.469718
0.290486
0.031108
0.119588
0.127806
0.179721
0.50568
0.0670276
0.0973144
0.0800004
0.0552591
0.331515
0.238435
0.0846038
0.13242
0.165166
0.568758
0.112891
0.130087
0.0935062
0.125869
0.100945
0.0412594
0.305402
0.0244061
0.319587
0.183377
0.109091
0.18265
0.0163747
0.176119
0.0232255
0.0650714
0.284757
0.244046
0.110853
0.204113
0.20783
0.223719
0.177073
0.0449594
0.357825
0.358959
0.111312
0.0665529
0.518168
0.156271
0.138305
0.227892
0.0660364
0.0714721
0.0819812
0.0529408
0.0488182
0.138251
0.0782249
0.129239
0.026909
0.0796865
0.124821
0.0877112
0.0123001
0.0376589
0.0464234
0.0725641