0.104459
0.359029
0.0862262
0.0514713
0.0741115
0.0941229
0.111056
0.0672874
0.186523
0.0828884
0.0753798
0.0978448
0.117038
0.141246
0.134375
0.0984991
0.0306612
0.161197
0.248343
0.169218
0.136422
0.0894901
0.0810216
0.0402317
0.0377555
0.135304
0.174131
0.124478
0.124237
0.211847
0.403563
0.218203
0.133059
0.194839
0.238986
0.479861
0.151216
0.101377
0.115753
0.0575187
0.124961
0.155942
0.122357
0.140939
0.229473
0.138157
0.203692
0.0860245
0.211894
0.333363
0.156116
0.060205
0.0905257
0.158179
0.100485
0.117755
0.239528
0.0181091
0.249948
0.0935595
0.105147
0.0171216
0.0771996
0.0233005
0.074706
0.307136
0.523771
0.199157
0.0299896
0.642607
0.387447
0.211298
0.0100069
0.064839
0.142839
0.164409
0.0745991
0.0639234
0.0501836
0.244595
0.0448559
0.0408026
0.0927856
0.085261
0.133639
0.0745409
0.10231
0.0503143
0.070663
0.217267
0.164451
0.157192
0.231641
0.137985
0.161599
0.0711114
0.0571219
0.168663
0.339372
0.412665