0.209171
0.0569108
0.0324656
0.241134
0.0407319
0.107547
0.0581724
0.0553564
0.0547979
0.278926
0.19403
0.116012
0.270226
0.162526
0.0757131
0.0575953
0.22278
0.103275
0.0174189
0.0951288
0.0868462
0.148746
0.0420967
0.0818467
0.186064
0.25869
0.23065
0.106426
0.439206
0.170984
0.525199
0.0971274
0.328231
0.0614346
0.143551
0.0859386
0.426511
0.16369
0.0297202
0.110996
0.136144
0.198355
0.0648743
0.221958
0.20008
0.520789
0.0659282
0.0757191
0.0832928
0.161658
0.0186992
0.133374
0.166991
0.250645
0.440901
0.185853
0.0545726
0.25506
0.170286
0.0125597
0.0365552
0.045518
0.0102588
0.157826
0.135639
0.0838487
0.0881855
0.420546
0.145735
0.0494382
0.0847849
0.207333
0.0640417
0.068987
0.0797495
0.0692703
0.234695
0.431903
0.0567238
0.0515539
0.498247
0.0388116
0.534372
0.194313
0.0299833
0.416072
0.0514223
0.143791
0.0934465
0.101368
0.028391
0.0497899
0.199327
0.0379394
0.0262387
0.0238612
0.0208305
0.108987
0.156483
0.132121