0.108128
0.0974582
0.346171
0.0805603
0.0857613
0.230747
0.554466
0.491696
0.134713
0.113992
0.26723
0.709766
0.0795473
0.0363186
0.0126061
0.0839455
0.0347905
0.0388464
0.247995
0.0919848
0.112647
0.0580643
0.313102
0.0955314
0.116733
0.0579873
0.032801
0.0835021
0.197662
0.105389
0.0562406
0.0482101
0.0471236
0.0102213
0.0265575
0.0118581
0.0413816
0.197782
0.0691136
0.270099
0.0350682
0.233275
0.262281
0.404618
0.042924
0.237855
0.126505
0.235632
0.0326278
0.0499136
0.0669764
0.0678216
0.0246935
0.168398
0.202291
0.0479638
0.0372793
0.112282
0.0301134
0.0154186
0.0340937
0.166818
0.152557
0.0364584
0.260169
0.249112
0.030989
0.231385
0.0452406
0.046904
0.249305
0.172357
0.215528
0.0165781
0.315249
0.634063
0.149342
0.478992
0.246621
0.110188
0.0768006
0.0721866
0.26637
0.0287775
0.151544
0.0796139
0.041426
0.0948034
0.0154096
0.0370318
0.0828437
0.0498103
0.276296
0.0649701
0.401792
0.100733
0.202006
0.0945754
0.300845
0.487551