0.0283939
0.03006
0.0915439
0.297651
0.171272
0.108004
0.120725
0.217741
0.146283
0.17274
0.0881774
0.140172
0.0445748
0.145573
0.0494819
0.369474
0.717765
0.0921558
0.0505385
0.219272
0.481221
0.136582
0.0737859
0.221048
0.265995
0.220301
0.1314
0.470112
0.116338
0.0789254
0.284685
0.0552042
0.29955
0.263988
0.0713022
0.0631478
0.0401509
0.00502682
0.0492363
0.059937
0.227744
0.169002
0.243009
0.137908
0.341682
0.143796
0.121742
0.029918
0.0787469
0.0951155
0.0461232
0.246287
0.0819677
0.0452864
0.0185885
0.0728158
0.113958
0.0956917
0.11987
0.0656688
0.440233
0.0544424
0.0523228
0.00944613
0.0570683
0.129769
0.0992416
0.0721391
0.0989707
0.108726
0.0362504
0.0930651
0.267306
0.249721
0.148184
0.134412
0.119126
0.278889
0.178877
0.266569
0.287113
0.0721459
0.156653
0.126456
0.413664
0.0282443
0.338069
0.0271794
0.0808742
0.0333802
0.149112
0.302121
0.0844303
0.0665668
0.0719691
0.1115
0.0361708
0.073469
0.251203
0.210463