0.0572796
0.0403216
0.040367
0.114975
0.0251814
0.0648999
0.023701
0.199983
0.189891
0.223989
0.147354
0.111805
0.327113
0.197552
0.110421
0.327693
0.196508
0.0787636
0.0918905
0.141714
0.0919156
0.0831604
0.302128
0.176412
0.0618105
0.0576983
0.0483651
0.0675985
0.438087
0.150038
0.118456
0.0142903
0.231024
0.117566
0.244688
0.0903051
0.189894
0.0449415
0.137015
0.0483948
0.219175
0.10883
0.141925
0.0211333
0.126135
0.178702
0.0969945
0.033608
0.0480039
0.207822
0.0809809
0.386443
0.122383
0.295595
0.258853
0.0718483
0.53374
0.300134
0.0372153
0.039921
0.0250632
0.380401
0.164842
0.176405
0.0448295
0.304973
0.0536041
0.225474
0.17229
0.108428
0.0658523
0.280735
0.051664
0.133033
0.0386875
0.0400485
0.523246
0.0744919
0.297743
0.282865
0.124029
0.456118
0.0463625
0.084309
0.0170427
0.0357103
0.0437487
0.0647977
0.0914261
0.105162
0.361862
0.261601
0.105541
0.145569
0.115129
0.318164
0.219915
0.0867416
0.0296853
0.107774