0.0565882
0.261618
0.291244
0.0557371
0.050903
0.193695
0.0715706
0.0393121
0.0605436
0.107392
0.199189
0.129071
0.11756
0.145694
0.0790504
0.0590337
0.279304
0.0521473
0.0382601
0.0774742
0.157737
0.286992
0.154729
0.204918
0.0971882
0.0405076
0.0315761
0.322771
0.374886
0.167096
0.229083
0.0418049
0.338619
0.104991
0.283173
0.205354
0.118285
0.0749372
0.0456788
0.150375
0.207503
0.0551962
0.00368378
0.347996
0.089935
0.343425
0.0505598
0.233006
0.0589522
0.306633
0.485843
0.0568375
0.0652889
0.214769
0.203064
0.208477
0.0832038
0.27167
0.153279
0.177309
0.135009
0.148867
0.0606161
0.0413671
0.120961
0.0699503
0.139936
0.0504151
0.10186
0.0695878
0.264347
0.378997
0.0479782
0.147795
0.0477382
0.284883
0.101021
0.0902909
0.109391
0.0402157
0.0863018
0.244508
0.0255722
0.11177
0.31661
0.33366
0.12173
0.141001
0.12243
0.339392
0.0299196
0.180674
0.123702
0.158137
0.0834181
0.319025
0.0616485
0.111014
0.0681302
0.157407