0.315014
0.255598
0.0409511
0.111302
0.244857
0.130138
0.367273
0.0561132
0.310409
0.329212
0.165604
0.203452
0.142289
0.133499
0.272569
0.0507452
0.358592
0.0238771
0.101311
0.112252
0.0675664
0.09611
0.11342
0.152845
0.0629043
0.186626
0.137691
0.39755
0.252206
0.676662
0.103673
0.082542
0.101388
0.0171302
0.0682444
0.156227
0.130398
0.0212894
0.147683
0.0100612
0.348134
0.0893389
0.153787
0.313311
0.0890118
0.0768708
0.117282
0.270172
0.0112453
0.0149974
0.0578326
0.0287933
0.275301
0.128971
0.0786119
0.0936995
0.153872
0.219563
0.0402318
0.231244
0.0909253
0.282262
0.0379133
0.146604
0.0829934
0.108169
0.10158
0.0534323
0.0553756
0.240075
0.134341
0.102599
0.110956
0.0705119
0.0899644
0.0538115
0.0510255
0.529414
0.155683
0.284592
0.0906018
0.118287
0.217806
0.089843
0.164892
0.132292
0.0612294
0.057163
0.0421421
0.341491
0.125494
0.147538
0.0600745
0.0139236
0.082101
0.448152
0.0446037
0.127248
0.0209812
0.332361