0.0938506
0.05845
0.0562467
0.274383
0.477861
0.072089
0.186693
0.0446527
0.0506876
0.0400243
0.0463274
0.0496073
0.387165
0.0709714
0.36934
0.257505
0.195076
0.0263893
0.0461096
0.0829227
0.263992
0.0745717
0.210834
0.0844141
0.0840106
0.344185
0.150933
0.172198
0.01266
0.200294
0.232629
0.253573
0.104864
0.187901
0.168443
0.0484995
0.201378
0.558008
0.0493218
0.216675
0.0612145
0.0555967
0.091957
0.0200375
0.0573485
0.320896
0.22138
0.020678
0.0533842
0.133445
0.0249363
0.0587214
0.0756764
0.0814517
0.201119
0.0116458
0.0908595
0.284853
0.0942513
0.0207113
0.134986
0.0584474
0.285214
0.0704654
0.0824847
0.162553
0.0302948
0.0854966
0.157525
0.0238135
0.212543
0.0239174
0.147471
0.138413
0.200448
0.0316051
0.468841
0.0993793
0.140515
0.0368952
0.372698
0.248494
0.357535
0.199856
0.0363436
0.390944
0.14836
0.136477
0.0157026
0.195332
0.45162
0.0266656
0.26625
0.0344617
0.292176
0.15497
0.0206477
0.147278
0.410238
0.0167443