0.171005
0.515299
0.183612
0.0202932
0.101334
0.058367
0.181362
0.154421
0.0939821
0.177988
0.058987
0.107997
0.0106503
0.158418
0.0882847
0.133536
0.0492054
0.400509
0.208428
0.0771088
0.0984112
0.121345
0.0379186
0.128673
0.121567
0.151822
0.0801544
0.0339066
0.184485
0.117997
0.119197
0.295638
0.0895888
0.245224
0.15194
0.0717442
0.341744
0.142555
0.0570765
0.156031
0.118314
0.033773
0.351288
0.0161366
0.0930754
0.172735
0.0442251
0.128974
0.124575
0.120372
0.17817
0.0371162
0.174798
0.509187
0.0564627
0.0188239
0.0365402
0.541705
0.0341543
0.168922
0.248003
0.142746
0.211351
0.175083
0.112008
0.150397
0.261748
0.229146
0.0504708
0.0317663
0.182156
0.0738089
0.22002
0.0657392
0.376462
0.0774748
0.174038
0.101555
0.16615
0.13406
0.180431
0.050903
0.17634
0.0437908
0.43773
0.293904
0.123009
0.111564
0.035116
0.281472
0.116023
0.262561
0.0427122
0.184684
0.286119
0.0593489
0.171178
0.196754
0.0578145
0.0472051