2577990039
3405176771
2129955653
3048180238
1690207159
173656387
233511967
2662706793
206712331
3353627660
825883521
2433513562
2373991835
4066278488
1414768076
1220396131
1608014883
417580777
595833065
2758692761
2472038088
2743474303
798371293
4234067962
1098517476
1894603847
902163895
956481729
2823964127
1080040672
746607350
1888185992
941133626
112619076
1111948431
1768882182
2448390355
2967313875
296413936
871888514
3417704019
4141627360
2780625881
3224666094
726598205
2511751491
47884082
3441728629
2545933792
3872908093
3680967159
1505129176
2339188548
2154516601
2091330930
467457730
2311590922
2554210103
785117386
4246091954
698487381
3130511128
444863683
205090762
2881274352
3552538652
4255404905
93615519
390757614
1913999179
623066482
300442410
3698487828
600185763
2857812492
3194542069
3951467051
2400173544
3853747870
268477275
3408406779
3956183307
2305088426
181089575
700779945
2076930523
2255767580
1415915385
1696769914
3849059077
3110709215
1637685323
946829537
805174047
4102438142
3190430182
1653591905
1535195945
700105493
3734567477
