0.0836462
0.1142
0.0912845
0.0866461
0.0900953
0.119164
0.136665
0.143732
0.165796
0.165628
0.16399
0.199368
0.244208
0.334749
0.398018
0.339261
0.435696
0.52471
0.478828
0.496936
0.52462
0.484064
0.45464
0.443932
0.482335
0.361791
0.336253
0.257575
0.22653
0.203921
0.235426
0.152646
0.133421
0.13399
0.123465
0.0881025
0.0835077
0.106257
0.0875862
0.0886474
0.103919
0.0798391
0.0735119
0.0745333
0.0844333
0.0842183
0.0984495
0.103378
0.0766145
0.0931255
0.0977512
0.0770393
0.0959405
0.0869727
0.0849268
0.0962864
0.112838
0.0933723
0.0899557
0.0897708
0.0774525
0.074906
0.0813092
0.0794688
0.10739
0.0896176
0.0699557
0.0823468
0.0783876
0.0933854
0.0851306
0.0890004
0.0847145
0.0801976
0.0859467
0.0653063
0.0760755
0.089861
0.0750507
0.0793788
0.0886031
0.0856301
0.0669707
0.085203
0.09151
0.0764862
0.100076
0.0825263
0.0890269
0.0884961
0.0832591
0.0770433
0.0978484
0.083906
0.0921516
0.0949845
0.0960468
0.0815853
0.089148
0.0864103