0.0897981
0.0922828
0.103402
0.103201
0.0979791
0.102387
0.116249
0.125539
0.124747
0.179593
0.144221
0.251438
0.247614
0.30016
0.317441
0.353008
0.441738
0.45006
0.529852
0.514035
0.560451
0.504295
0.508395
0.446887
0.414917
0.52898
0.320881
0.246453
0.258498
0.21227
0.20069
0.183147
0.137362
0.121976
0.116983
0.104548
0.103325
0.0994916
0.0755084
0.111319
0.0905106
0.116641
0.0885765
0.0781594
0.084778
0.102681
0.096185
0.0841566
0.0812078
0.091572
0.0760741
0.0764781
0.0723567
0.0904558
0.0805902
0.0762826
0.0773374
0.10258
0.0925612
0.0737781
0.0849016
0.0754318
0.0731036
0.0827971
0.0938477
0.0833697
0.0734583
0.0743671
0.0829807
0.0833439
0.0853595
0.0773849
0.0940543
0.078094
0.0801752
0.0880113
0.077024
0.0705935
0.0897687
0.0850051
0.0856163
0.0860208
0.0813855
0.073274
0.0876772
0.0699581
0.0838469
0.0815004
0.085974
0.0913996
0.0873544
0.0796542
0.0790291
0.0960377
0.0756069
0.102074
0.0849637
0.0666353
0.0953024
0.0995341