0.0915741
0.108833
0.10568
0.0918378
0.11195
0.110788
0.114817
0.146973
0.144892
0.150198
0.201423
0.230135
0.281075
0.283156
0.321332
0.349241
0.385131
0.413926
0.489608
0.458773
0.420034
0.480812
0.535337
0.483789
0.449413
0.349263
0.325651
0.277532
0.284059
0.212306
0.185785
0.148154
0.171718
0.141592
0.0985943
0.10852
0.108197
0.0935258
0.100021
0.116353
0.0980939
0.0854946
0.0745104
0.0789355
0.107711
0.0821252
0.0937599
0.082427
0.0782926
0.0846259
0.0805527
0.101239
0.0904802
0.0924474
0.100872
0.0795828
0.0716562
0.0821706
0.0905291
0.0912966
0.0895487
0.096567
0.0987093
0.101344
0.0781275
0.0818708
0.102673
0.0771994
0.102336
0.0848727
0.0778159
0.084322
0.100545
0.0923429
0.099326
0.0801635
0.0820221
0.0908501
0.0825144
0.0996852
0.0971601
0.0924852
0.0899639
0.0824096
0.0716197
0.102696
0.0870279
0.0749103
0.0831691
0.0888483
0.0960739
0.0722097
0.0938411
0.0979142
0.0752469
0.117201
0.0829558
0.101337
0.0834645
0.0778312