0.0724733
0.0955523
0.105286
0.0988728
0.0853103
0.098536
0.108903
0.118001
0.128824
0.174166
0.182797
0.255806
0.242358
0.319644
0.314075
0.39229
0.476173
0.451996
0.525369
0.505069
0.508735
0.45073
0.493308
0.522568
0.457572
0.376168
0.362008
0.273348
0.235737
0.209962
0.192959
0.15238
0.13839
0.130378
0.123549
0.10459
0.110236
0.0923204
0.0909059
0.0926224
0.0830837
0.0737134
0.107811
0.0918501
0.0955046
0.0787275
0.0940662
0.0847736
0.0791777
0.097278
0.0813837
0.0903714
0.10207
0.0805225
0.0892926
0.0890323
0.0901302
0.0969779
0.102017
0.0706196
0.0751473
0.0942122
0.0832443
0.106895
0.0703926
0.0773471
0.0870542
0.0819734
0.081933
0.0918464
0.0859968
0.0709614
0.0953264
0.0896944
0.0765087
0.0874544
0.0764842
0.0689329
0.0886778
0.0839318
0.0667433
0.0755915
0.0921757
0.126374
0.0767498
0.0708959
0.0774573
0.0883873
0.0757156
0.0917399
0.0734006
0.0850372
0.0729977
0.0748135
0.0794823
0.089221
0.0892364
0.083947
0.0989382
0.0887112