0.0678837
0.0774243
0.100079
0.113681
0.0923352
0.11634
0.121272
0.116282
0.141899
0.175366
0.174492
0.205635
0.227724
0.293707
0.342696
0.343114
0.461379
0.501764
0.536074
0.534521
0.505792
0.463533
0.485139
0.430852
0.46696
0.405286
0.328042
0.281615
0.305894
0.195608
0.187949
0.167014
0.138933
0.111404
0.121932
0.10528
0.111704
0.110961
0.0831519
0.113135
0.0859179
0.091154
0.101802
0.0843691
0.0748735
0.0836554
0.0857578
0.10623
0.0981689
0.0829885
0.0760915
0.0836087
0.0668206
0.0947707
0.0879435
0.0616576
0.0809232
0.0860442
0.0990564
0.0972017
0.0734001
0.0745371
0.0852779
0.10079
0.0908251
0.0984317
0.0820194
0.0778532
0.0788797
0.0817836
0.0838598
0.096369
0.0866851
0.0847822
0.0798921
0.099818
0.0687036
0.0965792
0.0807955
0.0867885
0.100475
0.0767039
0.066416
0.0900432
0.105171
0.0857846
0.0907577
0.0768796
0.0740564
0.0862769
0.0852694
0.0749506
0.0780291
0.0784055
0.0655814
0.0923078
0.0913962
0.0889264
0.101091
0.0905194