0.0897776
0.100967
0.0914992
0.0969754
0.102848
0.125405
0.129569
0.127264
0.172802
0.147773
0.198396
0.211333
0.249479
0.270313
0.302546
0.397589
0.471545
0.454544
0.445644
0.495952
0.500625
0.537379
0.5199
0.467898
0.429281
0.35371
0.307996
0.342591
0.208819
0.20663
0.174172
0.169798
0.159755
0.112221
0.116596
0.122798
0.0872369
0.0873232
0.0753499
0.0876916
0.0824642
0.0867976
0.0911979
0.0982677
0.0781016
0.0809645
0.0795671
0.083373
0.0916022
0.0653481
0.0785219
0.0747166
0.0710298
0.079257
0.084965
0.0858044
0.0939628
0.0829774
0.0969013
0.104727
0.0954568
0.101923
0.0823861
0.0816368
0.0771596
0.10371
0.0843021
0.0977946
0.105218
0.0904081
0.0809145
0.100963
0.0803914
0.0849925
0.0687092
0.0948513
0.0962372
0.0772657
0.093777
0.0977265
0.0904702
0.11444
0.0828953
0.10157
0.0874463
0.0976202
0.0935948
0.0696568
0.0878051
0.0913054
0.0683217
0.0946533
0.0850052
0.0825539
0.0943384
0.0816042
0.0824708
0.0712821
0.103075
0.0835265