0.102644
0.0849756
0.0873759
0.093022
0.110078
0.110565
0.108848
0.118634
0.137112
0.167699
0.151373
0.214708
0.229716
0.241425
0.364583
0.41649
0.446172
0.445162
0.469081
0.542261
0.52
0.55345
0.506461
0.442923
0.481323
0.420125
0.290543
0.284301
0.23387
0.234452
0.189672
0.178543
0.168845
0.113075
0.111598
0.130577
0.0826702
0.105115
0.0989551
0.0910201
0.0867439
0.0826941
0.0788262
0.0837537
0.0883272
0.107417
0.0802316
0.0771078
0.0963387
0.0833691
0.0720601
0.0907183
0.0685975
0.0982757
0.0812053
0.0820028
0.0915639
0.0731169
0.0855212
0.0740633
0.0866402
0.0710168
0.0886903
0.0788427
0.0883164
0.0940353
0.0893033
0.0824307
0.0888261
0.0851394
0.0787612
0.0754079
0.0849232
0.0815724
0.0971428
0.0818303
0.0737195
0.0769004
0.0845414
0.0746989
0.0739751
0.106316
0.0847994
0.0841616
0.0988718
0.075808
0.0906849
0.0931348
0.0852524
0.080045
0.0881461
0.110825
0.0956741
0.0960188
0.0866987
0.0785648
0.0979279
0.0965468
0.0796439
0.0727878