0.102579
0.0943333
0.0800774
0.116198
0.101869
0.0980468
0.094354
0.123153
0.131708
0.178437
0.204449
0.21194
0.274831
0.300993
0.33935
0.37063
0.408928
0.472041
0.473855
0.554541
0.505964
0.512785
0.492223
0.47087
0.45553
0.428235
0.379209
0.272795
0.26729
0.205972
0.166012
0.17463
0.151365
0.129341
0.102661
0.0937859
0.10636
0.0839027
0.0958177
0.0885616
0.0897431
0.0846766
0.0850133
0.0799672
0.064153
0.0697405
0.0864546
0.0867396
0.087159
0.0688709
0.0953608
0.0960962
0.0865158
0.0757934
0.0769126
0.0918016
0.0881916
0.0981374
0.0925577
0.0831787
0.0750348
0.090431
0.0878683
0.0757004
0.0870631
0.0997277
0.0822797
0.0734377
0.0803541
0.0838545
0.101867
0.0825248
0.0879183
0.0997049
0.0665749
0.0900979
0.0669836
0.0853136
0.0836102
0.100272
0.0780896
0.0888847
0.0822715
0.0759384
0.0909293
0.0786739
0.0741955
0.0816836
0.0889341
0.0781295
0.0857308
0.0795226
0.0894639
0.0866173
0.0754815
0.0918659
0.0941279
0.0863837
0.0939273
0.0958447