0.111287
0.0815449
0.102938
0.0989574
0.101162
0.108231
0.118915
0.107418
0.127107
0.14803
0.192222
0.185094
0.258739
0.309341
0.396942
0.442962
0.450882
0.474892
0.477693
0.515355
0.475327
0.502386
0.51559
0.431254
0.40016
0.339439
0.334744
0.300183
0.257007
0.1811
0.181349
0.181959
0.133435
0.153335
0.107586
0.13028
0.0846543
0.120311
0.0767186
0.100627
0.0825086
0.0748963
0.0924661
0.101611
0.0824752
0.0778245
0.0901409
0.0852333
0.103936
0.074285
0.0966008
0.0805702
0.063346
0.0776718
0.0867234
0.0855702
0.0752727
0.0770804
0.0992366
0.09349
0.0877679
0.078177
0.0855628
0.0798545
0.10919
0.0796358
0.0886193
0.0738536
0.0849882
0.0785956
0.0796394
0.08872
0.0895988
0.0890127
0.093716
0.0987524
0.0772307
0.0885331
0.0913879
0.0934647
0.0859204
0.0999097
0.0797719
0.0804954
0.0828245
0.0993729
0.0820658
0.0803322
0.0861204
0.094206
0.0949777
0.0907828
0.0802273
0.075935
0.0723002
0.0845106
0.0964353
0.092719
0.085009
0.101688