0.0913059
0.0962301
0.0812254
0.0954189
0.0954834
0.0968051
0.108574
0.110557
0.112241
0.124272
0.189395
0.241919
0.243183
0.299293
0.357617
0.36042
0.444896
0.505311
0.501562
0.503127
0.520682
0.566976
0.488137
0.441682
0.45678
0.425544
0.376444
0.252885
0.242864
0.199112
0.188685
0.152215
0.12605
0.123939
0.107246
0.0922989
0.115464
0.068954
0.0797564
0.0817863
0.0940206
0.0811285
0.0949223
0.0857751
0.09014
0.0748377
0.0969113
0.0701583
0.10243
0.0863612
0.0680319
0.0937351
0.0901483
0.0898384
0.096026
0.0989542
0.111841
0.0882338
0.0785277
0.0665729
0.0838155
0.0921916
0.0986072
0.085389
0.0832979
0.0904098
0.0746753
0.0893574
0.0960508
0.086543
0.0821722
0.0787788
0.0804532
0.0989273
0.0823895
0.0977989
0.0822713
0.0843687
0.0997572
0.0754012
0.100885
0.0776526
0.0868845
0.0863617
0.0886768
0.0886759
0.0783649
0.0783644
0.0797736
0.0911712
0.101015
0.0809149
0.0751645
0.0937335
0.103909
0.0877399
0.071935
0.0866388
0.100541
0.074012