0.0830958
0.095941
0.0881379
0.0940928
0.102552
0.0947936
0.124107
0.112663
0.148031
0.206376
0.222268
0.201807
0.230429
0.27892
0.350689
0.370369
0.400176
0.444121
0.464045
0.515935
0.591407
0.525533
0.523789
0.506476
0.426639
0.338851
0.336247
0.271689
0.216171
0.212468
0.201254
0.192505
0.131544
0.134664
0.101219
0.0879967
0.0760591
0.0973006
0.0820294
0.0794904
0.0947475
0.0701387
0.100172
0.0880921
0.0893035
0.0900455
0.0821787
0.0843882
0.0797183
0.0863464
0.0830826
0.0920159
0.089516
0.0886753
0.0835057
0.0988123
0.094412
0.100526
0.0891664
0.0766214
0.0742394
0.101522
0.107865
0.0843164
0.0799619
0.0696366
0.0867202
0.0885472
0.0965841
0.0764733
0.0809315
0.0874214
0.0810812
0.0897627
0.07265
0.0762681
0.0958746
0.0847137
0.100173
0.111321
0.0832055
0.0795394
0.109585
0.0690087
0.109129
0.0798837
0.090611
0.105684
0.0713259
0.0621915
0.0779247
0.0887452
0.0795613
0.106011
0.0875075
0.0885426
0.0778299
0.0918629
0.0897477
0.0826945