0.0918937
0.0869781
0.0976339
0.0958405
0.0932242
0.102273
0.110497
0.125912
0.111991
0.15439
0.16029
0.20648
0.252168
0.322726
0.363596
0.429475
0.460453
0.396715
0.489593
0.545771
0.533871
0.471322
0.512777
0.442137
0.425071
0.368446
0.378288
0.267453
0.27258
0.241583
0.16051
0.156868
0.142931
0.113361
0.113577
0.098145
0.0954013
0.119418
0.0951103
0.0863627
0.117813
0.0915562
0.0993715
0.105908
0.0850368
0.101471
0.0850528
0.102822
0.0877192
0.0794285
0.0684777
0.0871812
0.0869707
0.0864715
0.0834564
0.0846549
0.0930271
0.0969484
0.0781959
0.0949457
0.0778738
0.091263
0.0719972
0.0875872
0.0859186
0.10116
0.0829527
0.0945158
0.0811794
0.0960532
0.065951
0.0885643
0.0798082
0.0670745
0.0792409
0.0890361
0.0854296
0.0831608
0.0816221
0.088747
0.102778
0.0812248
0.0912782
0.0760094
0.0826704
0.10412
0.0787372
0.0747932
0.0967524
0.0766468
0.0964908
0.0829945
0.0824808
0.0783539
0.0860298
0.0782427
0.0940659
0.0917583
0.0774563
0.0783608