0.083537
0.0940281
0.0853593
0.0839354
0.0946497
0.0931587
0.12934
0.132077
0.143455
0.175039
0.188951
0.195436
0.275077
0.281114
0.333531
0.412088
0.509364
0.454466
0.45967
0.550873
0.557606
0.530718
0.445898
0.455583
0.437672
0.370886
0.33987
0.324198
0.183285
0.205242
0.192163
0.165602
0.133433
0.103828
0.143717
0.0955261
0.0825479
0.0811171
0.0849746
0.0938028
0.0754034
0.0942596
0.0820487
0.0776861
0.0996402
0.0978703
0.0671287
0.0785681
0.0725041
0.0778168
0.0731053
0.0889073
0.093523
0.0819986
0.104874
0.0879081
0.0859526
0.089361
0.0786974
0.0884052
0.0853456
0.0891399
0.0798785
0.0771565
0.087863
0.0892748
0.0690578
0.0972238
0.0833515
0.0879897
0.0854795
0.0888501
0.0866985
0.0828704
0.0934518
0.0769582
0.0923079
0.0822116
0.0816545
0.0999104
0.0802763
0.0847497
0.0938471
0.102587
0.1017
0.080385
0.100354
0.0837859
0.0887075
0.103726
0.111875
0.0876881
0.0796525
0.0877811
0.0753956
0.0762414
0.0870071
0.090844
0.0821237
0.0861199