0.0753734
0.0774066
0.0879757
0.106448
0.0960046
0.128002
0.117304
0.119372
0.166953
0.177644
0.19856
0.21346
0.216696
0.310891
0.289142
0.385816
0.476545
0.467018
0.490709
0.497822
0.493154
0.491717
0.502959
0.47432
0.453126
0.39128
0.288456
0.301068
0.267713
0.185209
0.165102
0.172894
0.167275
0.125962
0.107082
0.104493
0.105618
0.0920284
0.0897444
0.0883235
0.0870387
0.0806553
0.079187
0.107615
0.109413
0.0976061
0.094707
0.0729909
0.0882621
0.0690468
0.0754399
0.0720831
0.100825
0.079758
0.0885837
0.0965424
0.078747
0.0716733
0.091937
0.085834
0.0887733
0.0851305
0.0995079
0.09139
0.0796836
0.099122
0.100739
0.0794072
0.0895927
0.084287
0.0941781
0.0765322
0.0994532
0.0789581
0.0942024
0.0894974
0.081099
0.0792325
0.0907665
0.0836276
0.0795421
0.0858575
0.0939736
0.0921524
0.0945704
0.0759661
0.0889898
0.0802344
0.0648303
0.0853501
0.0938355
0.0997192
0.0869903
0.0959834
0.0897346
0.0807374
0.0819075
0.0750712
0.107837
0.0869244