0.0881756
0.0994978
0.100715
0.0940447
0.106159
0.118221
0.134159
0.121307
0.181981
0.170753
0.185445
0.26517
0.236575
0.271737
0.345683
0.410557
0.451694
0.440496
0.457794
0.495614
0.541065
0.510181
0.457899
0.476589
0.417821
0.392504
0.306983
0.293942
0.262042
0.230441
0.169365
0.16806
0.132358
0.110701
0.115648
0.0903831
0.0961085
0.0916544
0.0935592
0.0882809
0.0823397
0.0821039
0.082973
0.0879205
0.089359
0.0877422
0.0896712
0.0703817
0.0774376
0.0895139
0.101442
0.0895779
0.0766748
0.0814792
0.0847053
0.0903609
0.0771342
0.083002
0.102507
0.110988
0.0834167
0.0819881
0.0760144
0.0884974
0.0872587
0.0811894
0.0885574
0.0850372
0.0965271
0.0824509
0.0846724
0.0849154
0.107823
0.0901376
0.0848726
0.0790791
0.0866358
0.100909
0.0893134
0.0724975
0.112629
0.0736155
0.0722787
0.106952
0.0916002
0.0813365
0.076081
0.086702
0.0904846
0.0842282
0.0744683
0.081577
0.100128
0.0819542
0.0823021
0.0727258
0.0938809
0.0751168
0.0912481
0.0802181