0.0852724
0.0812342
0.0818273
0.0929818
0.0687022
0.128386
0.112503
0.13469
0.119981
0.17215
0.183222
0.211769
0.283333
0.297352
0.377704
0.358787
0.420856
0.471303
0.448381
0.490565
0.541567
0.498254
0.447588
0.450707
0.431341
0.338519
0.347235
0.351054
0.288179
0.223736
0.161217
0.167488
0.166171
0.11466
0.11602
0.099922
0.115287
0.0959893
0.0825113
0.084341
0.0829327
0.101017
0.0951703
0.0984552
0.0956121
0.0903828
0.0944875
0.0809435
0.0856544
0.0873484
0.0878418
0.0803669
0.103329
0.0707079
0.0953844
0.0881069
0.101894
0.0974823
0.0910689
0.0781376
0.0970591
0.0852289
0.0848504
0.0692613
0.103724
0.077991
0.0791029
0.0883357
0.0998148
0.0716994
0.0649219
0.0975991
0.096766
0.0902107
0.115623
0.0765702
0.0904826
0.0698993
0.0834421
0.0879158
0.0731999
0.0789506
0.0845836
0.101007
0.0857879
0.0759855
0.0891479
0.0805791
0.0839964
0.104334
0.0901801
0.080396
0.0881989
0.0714986
0.0755494
0.0966811
0.0837027
0.0673499
0.107272
0.101992