0.0866333
0.0827394
0.0832663
0.0905652
0.0921156
0.091872
0.104466
0.126079
0.155871
0.164125
0.176906
0.229777
0.230594
0.285927
0.380844
0.340876
0.48432
0.46858
0.479157
0.492532
0.552726
0.485585
0.511695
0.474086
0.436483
0.374684
0.304332
0.302875
0.261978
0.200759
0.185178
0.139117
0.175313
0.125502
0.150818
0.114544
0.0956711
0.103997
0.104493
0.103365
0.087727
0.122515
0.097091
0.0663794
0.0749516
0.0844887
0.0979568
0.0954624
0.0911005
0.0814188
0.108344
0.0778281
0.0822877
0.0679697
0.0874727
0.075138
0.0766746
0.096101
0.0877023
0.0806571
0.0831434
0.0873666
0.0839897
0.0781168
0.0917078
0.0797067
0.0866173
0.0959597
0.0630996
0.0870122
0.0750257
0.101556
0.0812908
0.0820628
0.0679063
0.0990356
0.0941039
0.0788855
0.0849431
0.076598
0.0903193
0.0831177
0.0905352
0.0842902
0.0857767
0.0918099
0.0716561
0.0766195
0.085408
0.0893925
0.0777788
0.0868355
0.09416
0.088924
0.0685624
0.0926043
0.0809449
0.0937816
0.102794
0.0968471