0.0851746
0.0873465
0.0736758
0.101821
0.0963304
0.0926565
0.12692
0.103446
0.134444
0.159239
0.203192
0.201815
0.277106
0.355133
0.36735
0.431236
0.441431
0.443176
0.484632
0.56357
0.51011
0.58304
0.509271
0.43759
0.420722
0.352009
0.328875
0.324881
0.242107
0.200095
0.159079
0.180608
0.11508
0.138689
0.107296
0.114379
0.106098
0.0956566
0.11178
0.0954407
0.0886436
0.0851006
0.095789
0.0829555
0.0897098
0.0826892
0.0824087
0.0824775
0.078893
0.0919978
0.0828703
0.0851678
0.0940629
0.0872456
0.096239
0.112546
0.10314
0.0892816
0.0811953
0.0741352
0.0912533
0.0852572
0.0804647
0.0811599
0.0896715
0.090457
0.0757465
0.072737
0.077455
0.109255
0.0763278
0.0843105
0.0721111
0.0681796
0.0852924
0.0930098
0.0818206
0.0783613
0.0853932
0.0790928
0.0909503
0.0759284
0.0903815
0.0803258
0.0841481
0.0724734
0.0907931
0.0761711
0.0766193
0.0732912
0.070852
0.071857
0.0795704
0.0821644
0.0932789
0.0747285
0.0785994
0.0665754
0.0781235
0.106764