0.10331
0.0913604
0.113168
0.08545
0.107422
0.115342
0.112326
0.129281
0.117695
0.17667
0.213685
0.211736
0.206206
0.280148
0.3777
0.370096
0.372933
0.450469
0.536596
0.565299
0.56335
0.503891
0.453235
0.440139
0.397347
0.476066
0.3898
0.287258
0.237785
0.197775
0.199628
0.137693
0.132979
0.134774
0.108381
0.107003
0.0945917
0.0887854
0.101517
0.0982269
0.0730382
0.0832464
0.0728765
0.0867236
0.076054
0.0866164
0.0936083
0.07598
0.097302
0.0846467
0.0898496
0.0832519
0.0804634
0.0782862
0.0793363
0.0890442
0.0737828
0.0975695
0.0755357
0.0762718
0.0956398
0.0878431
0.0796335
0.110023
0.0954046
0.0927421
0.0790173
0.0673389
0.0784351
0.0771348
0.0858045
0.0856707
0.0784316
0.0769103
0.101216
0.0872871
0.072104
0.0967386
0.072689
0.0753562
0.0939618
0.0790361
0.0847496
0.0909527
0.0795222
0.0909957
0.0772285
0.0704015
0.109546
0.0991316
0.0892225
0.104839
0.0938037
0.0973592
0.0895884
0.0718793
0.080566
0.0851949
0.0935787
0.0824226