0.0873502
0.110994
0.0964902
0.0980779
0.106839
0.119234
0.122537
0.0985023
0.130224
0.150426
0.15486
0.202973
0.247491
0.279381
0.298518
0.394619
0.4116
0.522551
0.55074
0.572334
0.489521
0.531449
0.456333
0.452517
0.419666
0.403615
0.34851
0.299744
0.243871
0.21372
0.183729
0.123278
0.13438
0.116059
0.117425
0.128413
0.0888504
0.101106
0.101479
0.0851205
0.0815294
0.0977745
0.0836967
0.0661884
0.0671472
0.0880027
0.0972815
0.0889745
0.0793167
0.0880304
0.0860599
0.0926564
0.107432
0.0802447
0.0975051
0.0727111
0.0998731
0.0915843
0.0726123
0.0897053
0.0796345
0.0962913
0.0863891
0.0903828
0.0795396
0.0708467
0.0912825
0.106833
0.0937319
0.0791366
0.0774093
0.108942
0.0788049
0.0847764
0.0909817
0.0772549
0.080699
0.100453
0.0953505
0.0839182
0.088254
0.0895009
0.0816518
0.077533
0.0691277
0.0791915
0.0811386
0.074465
0.0837752
0.0778343
0.107744
0.0928793
0.110665
0.089766
0.0707257
0.0812551
0.0939592
0.093597
0.0912687
0.0901565