0.119101
0.0918254
0.0777979
0.087782
0.0796346
0.123423
0.104074
0.135859
0.126374
0.145335
0.186204
0.216668
0.253516
0.276313
0.345696
0.389685
0.458217
0.473627
0.474871
0.508156
0.529941
0.562707
0.504778
0.419348
0.412602
0.385706
0.316797
0.217755
0.216541
0.232182
0.168392
0.173146
0.148953
0.124634
0.133234
0.111726
0.132121
0.0891777
0.106802
0.0823473
0.0819712
0.0910078
0.0698022
0.110609
0.0807752
0.0885635
0.0913601
0.0936219
0.0658052
0.0777734
0.0716538
0.0819914
0.091939
0.0823174
0.0873037
0.0890738
0.0928033
0.116873
0.0835447
0.100804
0.0816814
0.10067
0.0777285
0.0816147
0.0952361
0.0861329
0.0776471
0.0784805
0.107618
0.0792634
0.0833709
0.0926741
0.078
0.0782348
0.0892585
0.103583
0.094658
0.0767296
0.0894363
0.0894748
0.0857193
0.0938777
0.0842145
0.105758
0.0874038
0.0799521
0.0824798
0.0819072
0.0960974
0.0812081
0.0878499
0.108982
0.0738826
0.104241
0.0914732
0.101455
0.0786592
0.0802357
0.0814225
0.079043