0.0813868
0.0822762
0.0959489
0.094837
0.0803517
0.105233
0.101466
0.146014
0.12771
0.12368
0.198204
0.241421
0.237635
0.268192
0.333695
0.414691
0.463796
0.482467
0.497288
0.534645
0.590064
0.579192
0.544711
0.45436
0.427028
0.389739
0.302634
0.274716
0.213361
0.2121
0.195219
0.177321
0.142743
0.108949
0.11298
0.0896939
0.0893562
0.113697
0.0743575
0.0949751
0.0941658
0.0985482
0.0834411
0.0731652
0.0900946
0.102559
0.0949283
0.0967879
0.0804749
0.0833386
0.0698997
0.082586
0.0807702
0.0732286
0.0759698
0.105207
0.105523
0.0950274
0.0928074
0.07238
0.075614
0.0761494
0.0863337
0.0828959
0.0865383
0.0893753
0.0819858
0.0854529
0.0863721
0.0835167
0.0827203
0.0823766
0.0969564
0.0847202
0.0892466
0.0863523
0.071287
0.0983098
0.0783482
0.0875661
0.0753677
0.0678266
0.0711011
0.0833899
0.0929787
0.0721152
0.073352
0.0918929
0.0772253
0.101746
0.0770452
0.104431
0.0830476
0.0869272
0.0879842
0.0824292
0.0927828
0.0724725
0.085401
0.0793317