0.0865514
0.0828012
0.0825099
0.0992536
0.100459
0.112562
0.0918148
0.12916
0.130595
0.183425
0.159034
0.227232
0.266393
0.252931
0.344558
0.336669
0.424847
0.440722
0.479098
0.558501
0.554264
0.542195
0.433544
0.466997
0.414612
0.439225
0.299009
0.308205
0.266673
0.241564
0.164791
0.171177
0.147453
0.137595
0.108788
0.10637
0.11421
0.105316
0.0931209
0.0912789
0.0999692
0.100841
0.0750957
0.0940492
0.0816729
0.0857656
0.0889715
0.0973425
0.0780647
0.0852241
0.0675948
0.0852129
0.0784768
0.0897896
0.0911574
0.0639999
0.0693736
0.0896561
0.0852119
0.0777461
0.0789309
0.0957844
0.0832051
0.0838443
0.0977193
0.0720243
0.104772
0.0850786
0.107654
0.0972409
0.0750245
0.0798145
0.100694
0.0663638
0.0965837
0.0663665
0.0726537
0.0906867
0.0842422
0.0824347
0.0850612
0.0936448
0.0780957
0.0950192
0.0874817
0.0981893
0.1013
0.0925311
0.0895723
0.0863385
0.103048
0.103475
0.095479
0.0759251
0.0824079
0.0800467
0.0756684
0.083001
0.0961011
0.0957758