0.0897634
0.0819904
0.0964564
0.0935132
0.0898973
0.110273
0.13203
0.137249
0.141233
0.160966
0.20203
0.205944
0.257682
0.261284
0.340797
0.366662
0.425972
0.487079
0.541236
0.560375
0.526374
0.508045
0.46789
0.502102
0.393387
0.395147
0.306845
0.293891
0.223445
0.25744
0.209849
0.172034
0.119193
0.141985
0.133724
0.0884483
0.106088
0.0967587
0.0982307
0.0952621
0.0907359
0.0921096
0.0716634
0.0760555
0.0767424
0.0761066
0.0807617
0.0849422
0.0824621
0.0816996
0.0788962
0.0993818
0.0986947
0.0744082
0.0893724
0.0828987
0.0858492
0.0658768
0.0793933
0.0772181
0.0662852
0.100285
0.0688444
0.0794917
0.0859732
0.0791961
0.0893478
0.100371
0.0761503
0.0782441
0.0953745
0.0797438
0.079227
0.0816818
0.114924
0.0688788
0.0742917
0.0827087
0.0681246
0.0874288
0.0818955
0.0972156
0.0862977
0.100514
0.0868839
0.09206
0.106768
0.0886614
0.0818755
0.0871599
0.0760178
0.0937199
0.0806528
0.0914391
0.0953558
0.07893
0.112052
0.0831006
0.0749141
0.0840746