0.102747
0.0835567
0.085447
0.0841912
0.0934698
0.111019
0.128327
0.135303
0.148303
0.160683
0.175377
0.156154
0.22569
0.318498
0.363603
0.361966
0.427225
0.530387
0.481952
0.522781
0.515091
0.540544
0.490145
0.458778
0.395786
0.406555
0.363349
0.309076
0.219954
0.229641
0.180586
0.155184
0.136563
0.125457
0.106333
0.0936406
0.100203
0.101087
0.0887438
0.089787
0.0887263
0.104663
0.0904778
0.0769402
0.0802786
0.0909276
0.106089
0.0850748
0.0765264
0.10509
0.094981
0.0840497
0.0817631
0.0948734
0.0779591
0.0756709
0.0932046
0.083451
0.0763072
0.0809199
0.100608
0.0838497
0.0881007
0.0896586
0.0796819
0.0859538
0.0851349
0.0944568
0.0820273
0.0900248
0.0895027
0.0761925
0.0768353
0.0920975
0.0714094
0.0788616
0.0963317
0.0790362
0.0715036
0.0912948
0.0801173
0.0935623
0.0965299
0.0942502
0.095759
0.0811606
0.075676
0.0926109
0.0803216
0.101238
0.0933419
0.0922894
0.0783445
0.0808955
0.0802101
0.0889388
0.0831724
0.0718329
0.0912439
0.0947865