0.106557
0.0904985
0.0949479
0.109604
0.0850386
0.0967349
0.121898
0.0986115
0.150229
0.165202
0.20708
0.199387
0.28748
0.29447
0.339046
0.38718
0.408185
0.469384
0.499679
0.545733
0.483156
0.551013
0.47414
0.479008
0.412499
0.398264
0.298144
0.268547
0.261458
0.172608
0.173117
0.161242
0.140324
0.12996
0.110534
0.112584
0.10542
0.0948705
0.099362
0.0903125
0.107488
0.0960347
0.0881199
0.0800523
0.0968059
0.0665764
0.0857911
0.0868736
0.0655975
0.0999984
0.107799
0.0757803
0.0888861
0.0842974
0.0955595
0.093549
0.0779903
0.0789013
0.0820225
0.0864413
0.078846
0.0940262
0.0888759
0.0887409
0.079563
0.0932507
0.0768368
0.0922789
0.0935959
0.0955511
0.0893261
0.0818596
0.076054
0.0821354
0.0854086
0.079969
0.0779613
0.0697744
0.0898508
0.0925461
0.0846639
0.0753854
0.102497
0.0959712
0.0890164
0.101743
0.0718399
0.0994548
0.0870395
0.0916945
0.0895655
0.0866704
0.0767681
0.0829211
0.0912605
0.0875003
0.0816745
0.0866606
0.0843812
0.108766