0.0838792
0.0922936
0.0885113
0.112725
0.105933
0.0982133
0.12897
0.116782
0.158564
0.163539
0.211185
0.244883
0.273862
0.322917
0.330131
0.386444
0.43771
0.50109
0.491672
0.548075
0.555421
0.515975
0.422519
0.427891
0.466422
0.366536
0.34088
0.277061
0.243553
0.184483
0.151859
0.130706
0.133035
0.113746
0.0963893
0.104663
0.103483
0.0782814
0.0842913
0.0931793
0.0913866
0.107297
0.0801448
0.0723601
0.0758766
0.0883245
0.106903
0.0971986
0.0887561
0.086612
0.0908578
0.082769
0.0837851
0.0774984
0.0806332
0.0807197
0.0880522
0.0844586
0.0897512
0.0994588
0.0858117
0.0956625
0.0970048
0.0882924
0.0782931
0.0904536
0.0907983
0.0983913
0.0733006
0.0762747
0.0658902
0.0876184
0.0834749
0.0755044
0.0817233
0.0926085
0.0888623
0.0915643
0.109165
0.0776861
0.0779241
0.071968
0.0807292
0.0944461
0.0771946
0.0798385
0.0976828
0.0805317
0.0895261
0.105418
0.0967973
0.0850378
0.0838247
0.0943458
0.073918
0.090687
0.0845843
0.0763547
0.108364
0.0818498