0.0828235
0.0904709
0.0981633
0.111368
0.0870183
0.117456
0.0993751
0.13715
0.147522
0.15079
0.172171
0.206161
0.241459
0.258504
0.286856
0.383086
0.480728
0.501398
0.470348
0.536152
0.583976
0.472158
0.500385
0.552841
0.42836
0.386513
0.317754
0.347974
0.236716
0.189682
0.170262
0.200298
0.142304
0.126934
0.105006
0.0994943
0.116464
0.0905833
0.0858841
0.109926
0.0881356
0.0965462
0.0760688
0.0722062
0.0720332
0.087063
0.0887638
0.0839806
0.0786247
0.0901981
0.0797883
0.081049
0.0844948
0.0855125
0.10745
0.0974834
0.0901785
0.0883103
0.0868194
0.0935404
0.0834111
0.0786104
0.0805519
0.0972638
0.0800398
0.0823702
0.0940074
0.0828702
0.0726645
0.0792874
0.0836777
0.0816145
0.0963847
0.0872816
0.0665157
0.074466
0.072546
0.0816952
0.0854857
0.0973839
0.0848014
0.0807239
0.0956462
0.088494
0.0803968
0.0784531
0.0764276
0.100112
0.0798713
0.0846892
0.0845267
0.090948
0.0917319
0.0859124
0.0782973
0.0849769
0.0967254
0.0821407
0.0795752
0.0666564