0.0957248
0.111743
0.0851999
0.0896761
0.119381
0.110923
0.119746
0.121876
0.132704
0.161768
0.185555
0.231433
0.240459
0.27424
0.373876
0.403985
0.407371
0.433974
0.524678
0.535489
0.507232
0.540245
0.474167
0.475068
0.45654
0.41597
0.290783
0.277115
0.226394
0.173845
0.181207
0.192541
0.145392
0.115147
0.107613
0.0945942
0.0905043
0.0914982
0.0805556
0.0774774
0.0837559
0.1039
0.0841399
0.0971927
0.0893277
0.0980032
0.0917759
0.0805139
0.089735
0.0699436
0.0855633
0.0892331
0.0784349
0.0926847
0.0947433
0.100875
0.0930102
0.0934463
0.08621
0.0892114
0.0949374
0.0552818
0.11132
0.0850006
0.076687
0.0862716
0.0826071
0.0839918
0.0842893
0.08242
0.0790874
0.0902286
0.0757284
0.0887719
0.0897898
0.0832691
0.0838704
0.0949687
0.0766128
0.0841971
0.103396
0.0727304
0.0974805
0.0767752
0.0783702
0.0799993
0.0954004
0.103374
0.0963471
0.101192
0.0767401
0.0878824
0.0850803
0.0957538
0.102231
0.0784503
0.0734615
0.0796177
0.0793205
0.0816762