0.0917794
0.0934799
0.0958797
0.0887463
0.0996813
0.0997346
0.101509
0.120281
0.131621
0.178002
0.156055
0.248696
0.2659
0.374264
0.319489
0.386033
0.387028
0.471019
0.508705
0.462298
0.533883
0.490374
0.510994
0.402406
0.48444
0.393649
0.330286
0.297646
0.245043
0.186218
0.169481
0.16485
0.141625
0.149831
0.109348
0.115526
0.106275
0.0951617
0.0864467
0.0867687
0.0925456
0.0823188
0.0891108
0.0996656
0.0834025
0.0824619
0.0838079
0.0922511
0.0813278
0.0864127
0.0912978
0.092422
0.0790776
0.077454
0.0757069
0.092574
0.08723
0.0783631
0.0918008
0.0922814
0.0922582
0.105342
0.0934014
0.0965621
0.0727211
0.0739307
0.0734277
0.0726729
0.081863
0.0800709
0.107216
0.0846636
0.0915343
0.0907614
0.0689357
0.118216
0.0912047
0.104876
0.0873846
0.0799797
0.0807314
0.0774605
0.071988
0.102516
0.0948117
0.0993334
0.0888861
0.0816384
0.0937691
0.0921162
0.0889692
0.0854461
0.0838667
0.100616
0.0827528
0.079756
0.0711038
0.0657077
0.0912834
0.0882577