0.104279
0.0708085
0.100964
0.129688
0.128042
0.107048
0.103735
0.135511
0.166712
0.153731
0.186941
0.223966
0.246811
0.347935
0.287396
0.344462
0.439203
0.489747
0.466094
0.468729
0.43929
0.507913
0.501053
0.47848
0.431443
0.322848
0.366078
0.321002
0.241672
0.184503
0.182198
0.177466
0.164526
0.133961
0.127193
0.106053
0.0961132
0.0847029
0.112331
0.0786995
0.109561
0.0872119
0.0868715
0.0829399
0.0913809
0.0874948
0.0987804
0.0897318
0.0868536
0.0832622
0.0794753
0.0893928
0.102826
0.0925452
0.108021
0.0869557
0.0767939
0.0769476
0.0910568
0.0884198
0.0718256
0.0810563
0.0876406
0.0911601
0.100184
0.0901192
0.0758508
0.0947256
0.107603
0.0834351
0.0868546
0.0930685
0.0931034
0.0919711
0.0887267
0.0599982
0.0911104
0.0929046
0.0785738
0.0753887
0.0850053
0.0877479
0.0869894
0.0979918
0.074048
0.0746877
0.071583
0.097019
0.0884014
0.0801931
0.0909974
0.0783767
0.0949738
0.0959961
0.0812005
0.0846289
0.0861068
0.0824652
0.0879286
0.0825083