0.0890394
0.0964943
0.0879073
0.106025
0.103856
0.115953
0.11483
0.11438
0.109312
0.216688
0.184901
0.241271
0.202388
0.297642
0.291196
0.405977
0.418552
0.443588
0.495365
0.541766
0.478041
0.523415
0.503459
0.45829
0.419702
0.395115
0.380244
0.329668
0.271771
0.211049
0.20869
0.177065
0.162441
0.119287
0.117065
0.0986755
0.0954826
0.088422
0.0913467
0.0853023
0.07891
0.0882089
0.0794991
0.0732036
0.0826593
0.0772244
0.0918987
0.0909989
0.0890873
0.0877831
0.0899339
0.0814926
0.0800162
0.0867238
0.0873835
0.0824524
0.0744895
0.0866763
0.0897053
0.0937784
0.0862289
0.0916495
0.0755743
0.0963696
0.0811118
0.0788746
0.0890528
0.085575
0.0757003
0.0938863
0.0808834
0.0703619
0.101207
0.0975724
0.0800399
0.0834234
0.0784441
0.101939
0.106159
0.0857948
0.0934753
0.0706709
0.0891104
0.0752062
0.0898275
0.0734926
0.0760187
0.0762944
0.0750258
0.0995258
0.103615
0.0905876
0.0795043
0.08697
0.0753975
0.067595
0.084402
0.0993677
0.0899352
0.0803466