0.0814826
0.109657
0.0915527
0.0798645
0.107352
0.120816
0.10767
0.113291
0.129537
0.162427
0.227848
0.214248
0.217273
0.245419
0.336012
0.409882
0.438832
0.421131
0.482134
0.468769
0.472268
0.494626
0.420901
0.497452
0.421061
0.387462
0.342764
0.309268
0.240846
0.224065
0.214166
0.167941
0.14904
0.112249
0.112081
0.106213
0.0967935
0.0995618
0.111564
0.109477
0.101156
0.101005
0.0869498
0.091338
0.102223
0.0764724
0.113716
0.0862384
0.10072
0.0955259
0.0951791
0.102325
0.0902641
0.0878167
0.0933404
0.100016
0.0963831
0.0889885
0.0914286
0.078
0.0870385
0.0803938
0.0856402
0.0785509
0.107436
0.0864885
0.0863127
0.0833631
0.082717
0.0848951
0.077083
0.0875308
0.0883493
0.0969933
0.0758314
0.0752189
0.101244
0.0837457
0.0856469
0.0825965
0.0991868
0.0890959
0.0930908
0.0948654
0.0704928
0.0958924
0.0842597
0.0949553
0.083288
0.0897889
0.0823634
0.0822162
0.0919675
0.0879463
0.110676
0.0813505
0.0785841
0.0807698
0.0676636
0.0903914