0.0794049
0.0873104
0.0867779
0.0993205
0.106387
0.0950845
0.122774
0.108774
0.14106
0.162442
0.156776
0.20862
0.25071
0.325615
0.374644
0.367219
0.501224
0.412129
0.446419
0.54093
0.47566
0.508262
0.571763
0.478938
0.40772
0.421679
0.32814
0.289872
0.246783
0.198423
0.169941
0.184093
0.129915
0.168057
0.108307
0.132243
0.110395
0.0827051
0.0873714
0.107861
0.0820604
0.0779307
0.0688732
0.0869923
0.07076
0.0815033
0.0717386
0.0857274
0.0776945
0.0908344
0.0901817
0.0951933
0.0810937
0.0851359
0.0813318
0.0956198
0.0949402
0.103115
0.119787
0.0924517
0.0948013
0.0896883
0.0872828
0.0879381
0.090333
0.093192
0.075657
0.0908059
0.0824366
0.0946371
0.086842
0.0813637
0.0766278
0.0777159
0.0655432
0.082226
0.0933266
0.0943164
0.0764685
0.0932472
0.0743719
0.097012
0.0840493
0.0801725
0.0752168
0.0858094
0.113421
0.0827661
0.0718994
0.0910943
0.0710393
0.0733021
0.0913072
0.0935852
0.0760173
0.0647358
0.0904376
0.076949
0.0744253
0.103227