0.0984888
0.0950394
0.0704487
0.0925724
0.106347
0.104488
0.15122
0.124228
0.126284
0.182432
0.163421
0.214711
0.239485
0.291744
0.337607
0.374252
0.449748
0.434261
0.495113
0.500943
0.518585
0.572706
0.550506
0.487796
0.398412
0.366584
0.332989
0.300797
0.257512
0.188922
0.183414
0.142588
0.120403
0.145992
0.100342
0.111475
0.0977064
0.0975605
0.0753021
0.114349
0.0849456
0.0727934
0.0881778
0.0717503
0.0973005
0.1003
0.0945508
0.080853
0.0744517
0.100651
0.0775584
0.093069
0.0880969
0.0991559
0.0894826
0.0862187
0.0901998
0.0698286
0.113647
0.0852037
0.100609
0.0811756
0.078715
0.0886719
0.0904394
0.0730622
0.094308
0.0674682
0.0629926
0.0981029
0.117276
0.0937795
0.0929828
0.0960873
0.0735776
0.104569
0.0772345
0.0856866
0.0837465
0.0911838
0.0864382
0.0760302
0.0734489
0.0909726
0.0853484
0.0885508
0.0899282
0.0745746
0.0695914
0.0817274
0.0718387
0.085326
0.083023
0.0936536
0.0840493
0.0795479
0.0831411
0.0824927
0.108769
0.08487