0.0914472
0.105536
0.0987943
0.0853789
0.0909524
0.107978
0.132114
0.148888
0.161601
0.143228
0.184344
0.211185
0.252644
0.273206
0.338197
0.379044
0.355774
0.477045
0.521283
0.54612
0.547144
0.536473
0.50365
0.424267
0.411134
0.397887
0.353132
0.265865
0.222293
0.253854
0.211045
0.165303
0.128662
0.108436
0.10552
0.101052
0.105707
0.119484
0.119272
0.100316
0.082787
0.0874313
0.085438
0.0736967
0.0833229
0.0863854
0.0894431
0.0894807
0.0784128
0.0836962
0.0730386
0.0869227
0.0824444
0.082349
0.082676
0.0949154
0.0762167
0.0998752
0.101254
0.0931066
0.0792094
0.0833213
0.0869391
0.0950935
0.105856
0.0787653
0.0818535
0.0684764
0.0848309
0.0977895
0.056674
0.0694742
0.0753754
0.089056
0.0862113
0.0922888
0.0878567
0.0733735
0.0905281
0.0777278
0.126911
0.0904805
0.0942968
0.0777886
0.0753632
0.108183
0.0941743
0.108594
0.0843356
0.0832778
0.0896765
0.0854555
0.0668194
0.0690149
0.0894289
0.0926785
0.0757424
0.0734106
0.0679804
0.0875394