0.0860103
0.0857268
0.116994
0.0879479
0.0942984
0.104919
0.12597
0.113584
0.159286
0.141375
0.229281
0.199444
0.214351
0.271366
0.323113
0.398685
0.417984
0.437018
0.491868
0.481877
0.5125
0.569522
0.563523
0.517218
0.382002
0.42955
0.330401
0.301183
0.238634
0.206834
0.155489
0.140015
0.131572
0.112949
0.104907
0.0997229
0.110576
0.0970155
0.0945095
0.0834334
0.103808
0.0780493
0.085264
0.0762312
0.0944874
0.0980604
0.0859449
0.0678208
0.103845
0.111279
0.0959165
0.0813651
0.0709815
0.0724751
0.0743075
0.0832401
0.0916166
0.0965379
0.100143
0.0662486
0.0872317
0.0869146
0.0835462
0.102853
0.073507
0.0725437
0.0968695
0.0746399
0.104478
0.103689
0.0858189
0.0829299
0.0868332
0.0866646
0.075739
0.0924508
0.0825707
0.0859432
0.093842
0.0841824
0.0831142
0.0743235
0.104663
0.0787785
0.104223
0.0671522
0.0799072
0.0948914
0.0869074
0.092304
0.0873551
0.096522
0.0825811
0.0844543
0.0884923
0.10244
0.0823023
0.081447
0.0840912
0.100526