0.0749053
0.105388
0.0911865
0.105641
0.109838
0.118866
0.101054
0.128674
0.163221
0.164878
0.165385
0.199933
0.272579
0.321312
0.325742
0.338929
0.429635
0.480786
0.450506
0.505081
0.475786
0.507106
0.520245
0.431246
0.458304
0.374566
0.371218
0.318594
0.299715
0.207399
0.232408
0.174669
0.155598
0.148286
0.129348
0.113891
0.0803536
0.105347
0.101546
0.090126
0.0649582
0.0808293
0.094097
0.0806626
0.085527
0.077689
0.100943
0.0860432
0.089172
0.10842
0.0959979
0.0770249
0.0701674
0.0755271
0.0801839
0.0864276
0.06918
0.0914148
0.109451
0.0969729
0.0804196
0.0836857
0.0821938
0.0880977
0.0773207
0.0956064
0.0822583
0.0841539
0.0987891
0.0730186
0.0894944
0.0558733
0.0701191
0.105043
0.0788893
0.070983
0.0998979
0.0817648
0.0869381
0.0857898
0.0974718
0.0737327
0.0876749
0.0743838
0.0622545
0.0856771
0.0821708
0.0981225
0.0918117
0.0885382
0.0775623
0.0915185
0.0721251
0.0794263
0.0715107
0.0777251
0.0906188
0.0933803
0.10212
0.0618602