0.0929737
0.0976845
0.080946
0.120002
0.0875679
0.112495
0.129747
0.144139
0.132892
0.132921
0.187741
0.207958
0.232434
0.281496
0.348637
0.406301
0.428485
0.433386
0.488723
0.548932
0.517671
0.591737
0.524668
0.425331
0.420764
0.398716
0.330748
0.311177
0.212079
0.202983
0.20163
0.167618
0.141751
0.124207
0.109636
0.123391
0.114113
0.112188
0.0793716
0.0938726
0.0946794
0.0734818
0.0665575
0.0796679
0.0825226
0.0826487
0.0769665
0.0828137
0.0958067
0.0871605
0.108504
0.0819256
0.0895085
0.0676806
0.0828105
0.0856905
0.0689196
0.0803502
0.0815531
0.0833321
0.0955693
0.0807946
0.0742575
0.106432
0.0787596
0.0940908
0.0764847
0.0930501
0.0971059
0.0826561
0.0847248
0.0875351
0.0941483
0.0865704
0.0942797
0.0953954
0.0726514
0.0942308
0.0948094
0.0988734
0.0897148
0.0714875
0.102213
0.0941958
0.126265
0.0857028
0.0699823
0.0674361
0.0801261
0.0787696
0.0748113
0.0830168
0.0729314
0.0755787
0.0870626
0.0941519
0.0877244
0.0828033
0.0685082
0.0734062