0.0838532
0.101702
0.0878169
0.0947864
0.106501
0.108696
0.0922577
0.127004
0.14734
0.160089
0.152841
0.222551
0.252539
0.259459
0.376629
0.375034
0.451004
0.501351
0.52932
0.548463
0.511721
0.486152
0.462188
0.468906
0.482827
0.385718
0.342124
0.285524
0.204927
0.211411
0.167427
0.148872
0.115236
0.113825
0.0956
0.128106
0.101045
0.0934898
0.0730328
0.080201
0.0720335
0.0942432
0.0757896
0.0829955
0.103986
0.0820861
0.0736043
0.0868147
0.0878125
0.0901119
0.106277
0.0976048
0.0700567
0.092711
0.0810205
0.0703786
0.0918922
0.0905724
0.0779659
0.103076
0.0963349
0.0869231
0.0906446
0.0915558
0.0897714
0.0911943
0.0969474
0.0895312
0.091838
0.0882441
0.0696087
0.104442
0.108143
0.0851579
0.097026
0.0647195
0.0893015
0.0689578
0.0857103
0.101597
0.0804217
0.0719454
0.095825
0.0912695
0.118498
0.101987
0.0764326
0.0678912
0.0861671
0.0943959
0.0810765
0.0962517
0.0812658
0.0819175
0.0680675
0.0923618
0.0791285
0.091251
0.0892051
0.0983892