0.0741111
0.0892032
0.0956561
0.100446
0.101335
0.108198
0.0815209
0.122466
0.147766
0.171536
0.172979
0.179655
0.240932
0.25774
0.320523
0.352493
0.482116
0.507605
0.581794
0.540404
0.547625
0.531832
0.469625
0.437528
0.461705
0.470254
0.376658
0.284232
0.248147
0.238195
0.16715
0.165639
0.13359
0.144883
0.111102
0.120261
0.104577
0.107147
0.102493
0.104126
0.0662301
0.105863
0.0784272
0.0875657
0.077126
0.081582
0.0842128
0.0836666
0.0563573
0.0722228
0.084537
0.0671247
0.08508
0.0614789
0.104467
0.0752456
0.0906355
0.0972645
0.0735739
0.0722511
0.0961031
0.0720972
0.0877832
0.0953139
0.0875193
0.0935419
0.0725846
0.0888255
0.0925611
0.0555391
0.0727745
0.0824551
0.0712081
0.0785602
0.0696132
0.0835813
0.0774094
0.0742324
0.0935302
0.0839267
0.0768262
0.0949667
0.0815206
0.0769967
0.079444
0.0837754
0.0977229
0.0892474
0.108509
0.113196
0.0702914
0.0867232
0.0778203
0.0960831
0.0739641
0.0805699
0.0834123
0.083904
0.0736014
0.0821067