0.0715743
0.10813
0.0779507
0.0973555
0.105823
0.107554
0.118979
0.141132
0.109947
0.150586
0.168575
0.2306
0.236023
0.26343
0.359487
0.393349
0.472021
0.453739
0.494699
0.502102
0.520513
0.523607
0.508185
0.456076
0.471037
0.380584
0.264567
0.297375
0.241122
0.193637
0.193146
0.156282
0.139255
0.100159
0.109605
0.108767
0.106084
0.109082
0.0919812
0.0806255
0.092311
0.101146
0.0862979
0.0984124
0.0891211
0.0923389
0.0708981
0.0777069
0.0879104
0.0976093
0.0965233
0.0754163
0.0930337
0.0862593
0.0784806
0.0816699
0.0947039
0.0769592
0.0849536
0.0823145
0.0766811
0.0954589
0.0757429
0.087946
0.0738506
0.0949052
0.0807448
0.110806
0.0907638
0.0961901
0.101261
0.0886264
0.0806477
0.0931773
0.0864004
0.0766842
0.0909691
0.0896318
0.0870874
0.0849912
0.0802753
0.0801203
0.0976292
0.0958263
0.0742326
0.106738
0.102638
0.104498
0.0892158
0.0649372
0.0690605
0.0899127
0.0993165
0.0859319
0.0879574
0.073048
0.0976495
0.0929402
0.0977072
0.0889849