0.0888069
0.0898211
0.121431
0.0886732
0.100648
0.100123
0.132257
0.121763
0.151354
0.150008
0.171893
0.231401
0.218532
0.287913
0.39308
0.361449
0.480337
0.461239
0.479809
0.500684
0.549608
0.544378
0.53031
0.440333
0.401632
0.402753
0.34969
0.310055
0.181268
0.229615
0.164792
0.166597
0.135675
0.100639
0.137332
0.119149
0.0924277
0.104321
0.101482
0.0779141
0.0819909
0.10117
0.10362
0.0958061
0.0762527
0.0690777
0.0734804
0.0737644
0.0922444
0.0897365
0.0857915
0.0812746
0.0895223
0.108923
0.0720931
0.0723369
0.102269
0.0798042
0.0737502
0.0887992
0.0760846
0.0777814
0.0801905
0.094122
0.0852534
0.0834612
0.0786926
0.0894477
0.0767131
0.0764253
0.0897543
0.0897818
0.0959172
0.103142
0.0939208
0.0768084
0.0897531
0.0804535
0.090613
0.0783185
0.0833759
0.0806242
0.0806116
0.0946949
0.103198
0.0613962
0.0790297
0.0940002
0.095329
0.088264
0.0908219
0.0870267
0.076143
0.0928136
0.0943913
0.107858
0.0750571
0.071698
0.0703766
0.083753