0.0832042
0.0864091
0.0907852
0.108677
0.101035
0.112807
0.096977
0.10746
0.141226
0.145781
0.1499
0.236063
0.275587
0.293494
0.34159
0.413482
0.493219
0.526185
0.520884
0.564
0.510714
0.511585
0.534272
0.492256
0.508577
0.370335
0.358452
0.282628
0.201645
0.200053
0.190314
0.184335
0.151564
0.129157
0.107901
0.0998047
0.0863657
0.109231
0.094676
0.0925606
0.0762056
0.0900086
0.0974466
0.0811348
0.0827198
0.0803416
0.0710287
0.0741316
0.0814939
0.0867856
0.0769742
0.0706191
0.0898189
0.0801358
0.0776792
0.0711251
0.080797
0.0725497
0.0848683
0.0763502
0.10827
0.0738153
0.0613221
0.0816495
0.0737829
0.0911717
0.0828236
0.0874227
0.0797099
0.0767568
0.0764002
0.0839382
0.0760177
0.0811274
0.104968
0.0748238
0.0867177
0.0772913
0.0833524
0.0896392
0.0870747
0.0841011
0.0969006
0.075172
0.0758192
0.067573
0.10551
0.0901605
0.0622792
0.0835936
0.0962009
0.0865579
0.0812309
0.071088
0.0752247
0.0880972
0.0805544
0.085482
0.0824033
0.0665716