0.0754529
0.0937365
0.0867962
0.076309
0.10711
0.105391
0.0960131
0.119221
0.141107
0.163965
0.176529
0.224215
0.253175
0.314636
0.292683
0.373652
0.428002
0.463224
0.537507
0.54191
0.551983
0.530662
0.473415
0.480533
0.407899
0.36265
0.374854
0.288739
0.28002
0.244262
0.164813
0.157401
0.156714
0.109092
0.0906292
0.0987863
0.0900184
0.106119
0.103604
0.080302
0.107639
0.0770754
0.075068
0.078918
0.0956652
0.0848988
0.0783937
0.0718188
0.0841708
0.0827294
0.0699377
0.090431
0.0770403
0.112184
0.0889887
0.0798166
0.074121
0.0793226
0.0768185
0.0806349
0.0988228
0.0807146
0.0829707
0.0813409
0.0817541
0.118811
0.0791997
0.0691466
0.0904418
0.0958215
0.084327
0.0635658
0.105878
0.0819086
0.10438
0.090599
0.101736
0.0950185
0.0854448
0.0848802
0.0756194
0.081169
0.0732554
0.0981699
0.130166
0.0889825
0.0918691
0.0844583
0.090727
0.0805882
0.0864004
0.0692344
0.0778013
0.0740627
0.0849647
0.0853881
0.103464
0.0802256
0.0849055
0.0929859