0.115826
0.094622
0.0935903
0.0937071
0.101142
0.128421
0.116048
0.122943
0.131095
0.180951
0.189709
0.199239
0.271359
0.287002
0.350577
0.340182
0.456003
0.437894
0.491982
0.478462
0.512347
0.491942
0.460425
0.467775
0.423656
0.416771
0.330059
0.310322
0.237684
0.233349
0.145415
0.153081
0.158657
0.149477
0.116866
0.100977
0.0992275
0.0863099
0.0895973
0.0988735
0.0871598
0.106617
0.0987898
0.0949828
0.0741746
0.0878789
0.0829704
0.0874714
0.0822454
0.0931807
0.0735565
0.0770334
0.0829591
0.091642
0.09618
0.0926434
0.103364
0.0748089
0.0893778
0.106454
0.0935442
0.0945059
0.0840567
0.0921723
0.0805389
0.0879116
0.0860379
0.0737776
0.0781536
0.107017
0.0915171
0.0956381
0.0890973
0.0816365
0.090042
0.0833747
0.0759962
0.074596
0.0846536
0.102196
0.106888
0.07684
0.0844655
0.0840031
0.0894153
0.0780708
0.0811756
0.0932418
0.0667829
0.0998186
0.078637
0.0853702
0.0910455
0.0799042
0.084155
0.0832274
0.0836909
0.0777876
0.092963
0.0889995