0.0897839
0.0983514
0.0952764
0.0822395
0.0943324
0.109812
0.102883
0.108295
0.147246
0.13282
0.186244
0.213627
0.240512
0.345566
0.285766
0.371774
0.448107
0.515282
0.514297
0.549151
0.557135
0.515989
0.488717
0.475525
0.444826
0.362863
0.36967
0.306959
0.217741
0.216732
0.16167
0.179779
0.128731
0.138079
0.112186
0.0869878
0.094361
0.109759
0.107876
0.0927553
0.0886423
0.0717428
0.0959718
0.0814837
0.0853075
0.0825075
0.0755168
0.0847754
0.074776
0.0859215
0.0893284
0.0811735
0.106206
0.0945978
0.0758253
0.0753604
0.0843998
0.100993
0.0937827
0.0708682
0.0827609
0.0764515
0.0732754
0.0875357
0.0907631
0.101218
0.106894
0.0639273
0.0928277
0.0898883
0.116624
0.080763
0.0841316
0.0837024
0.0800484
0.0923397
0.101419
0.086753
0.0870442
0.0779649
0.0847489
0.0857357
0.0718842
0.0778226
0.0934079
0.0864392
0.0780813
0.0900677
0.0731426
0.0880065
0.0827041
0.09029
0.0830714
0.0812994
0.0731527
0.0867045
0.0740003
0.0812563
0.0804559
0.0825083