0.0782153
0.0617567
0.0876953
0.100725
0.123245
0.109343
0.104184
0.126853
0.115227
0.165428
0.152797
0.150894
0.20589
0.290443
0.344853
0.336472
0.435166
0.539056
0.487672
0.592369
0.538998
0.522209
0.50525
0.434378
0.480082
0.361367
0.376496
0.36965
0.224036
0.199501
0.178052
0.159252
0.146843
0.147976
0.110545
0.0961768
0.0784492
0.0768768
0.0920531
0.0762097
0.0856918
0.0825558
0.0799404
0.101124
0.0803005
0.0781412
0.087941
0.0823044
0.090288
0.0853468
0.101953
0.0865407
0.0866409
0.0838108
0.0754616
0.0841849
0.0849456
0.0968806
0.0799137
0.0863959
0.0876602
0.0880014
0.0948668
0.0828823
0.100085
0.0795929
0.0989226
0.0748752
0.0839873
0.0789123
0.0982435
0.0815486
0.0900103
0.0927816
0.0729108
0.100992
0.0828881
0.0870895
0.0827553
0.0773776
0.0790571
0.0648569
0.0970433
0.0687463
0.0820453
0.0764132
0.0947849
0.0940474
0.100464
0.0779883
0.0850467
0.0984285
0.108405
0.0850775
0.102571
0.106721
0.0830568
0.0927835
0.0877562
0.0752767