0.0888225
0.0910635
0.0816506
0.101891
0.119082
0.140209
0.106779
0.120627
0.142406
0.17114
0.154673
0.220916
0.23833
0.295816
0.326929
0.380206
0.474163
0.443254
0.495231
0.505189
0.516246
0.487424
0.513921
0.436151
0.461432
0.418679
0.375677
0.285205
0.231015
0.222969
0.191641
0.187582
0.14059
0.122949
0.116057
0.0942943
0.101364
0.0982967
0.0874618
0.0978992
0.0871043
0.0846811
0.0764148
0.105948
0.0730009
0.0967225
0.0734504
0.0756764
0.0854393
0.0907844
0.0999682
0.072112
0.0816596
0.0850126
0.076643
0.0799112
0.0986055
0.0913443
0.089414
0.0759416
0.0897653
0.0817384
0.0847622
0.0861424
0.092951
0.0781972
0.0890027
0.0767637
0.0902256
0.0820656
0.0894161
0.0945694
0.0770932
0.0836411
0.0817621
0.0862456
0.112848
0.0733621
0.0696563
0.0793354
0.0878635
0.092905
0.0769267
0.0766748
0.0961746
0.0837097
0.0879964
0.0875174
0.0838683
0.081504
0.0861617
0.0904501
0.105577
0.0712404
0.0674945
0.061496
0.0961347
0.0876457
0.111313
0.0827368