0.0847938
0.0827149
0.0851779
0.0942979
0.105083
0.115318
0.122896
0.14492
0.158674
0.139127
0.195776
0.20922
0.255783
0.28746
0.333313
0.370089
0.378383
0.440365
0.480331
0.478876
0.535251
0.503993
0.508961
0.46884
0.495755
0.40579
0.305666
0.265112
0.249364
0.220066
0.208118
0.181825
0.139056
0.118412
0.109752
0.107549
0.093197
0.0838344
0.103308
0.0920234
0.086164
0.0769103
0.0843728
0.107216
0.0774271
0.0823301
0.0988574
0.0852584
0.08059
0.0874623
0.0895923
0.0652226
0.0984301
0.105893
0.0959768
0.0914993
0.0766581
0.116223
0.0956536
0.106373
0.0704833
0.0838605
0.0862074
0.0847839
0.076105
0.090515
0.0915382
0.0864544
0.0987568
0.0816333
0.0974419
0.0797874
0.0815908
0.0814975
0.087735
0.0875696
0.0809799
0.0711399
0.0907644
0.0937278
0.0818567
0.0709396
0.0989879
0.098897
0.0927427
0.084859
0.0898728
0.0853508
0.081916
0.0934486
0.0739732
0.0961865
0.0912652
0.0806594
0.083919
0.0985181
0.0877716
0.071231
0.0800347
0.0884172