0.092932
0.100497
0.109611
0.0976933
0.0915697
0.0952392
0.126675
0.0993597
0.141081
0.199197
0.175803
0.218271
0.274645
0.345233
0.364374
0.355631
0.408927
0.490257
0.453787
0.427006
0.486855
0.512948
0.538259
0.475969
0.353686
0.36696
0.336243
0.328085
0.225772
0.189969
0.170052
0.157967
0.12884
0.133621
0.135352
0.107571
0.0910675
0.103281
0.0911522
0.10035
0.0890904
0.0961008
0.0940509
0.111709
0.0851419
0.0933211
0.107936
0.0862205
0.115451
0.0960335
0.0988401
0.0805334
0.0879446
0.082434
0.0872955
0.0917475
0.0860424
0.0638918
0.0842935
0.0742739
0.0844051
0.104451
0.0945875
0.0850247
0.0732142
0.0843962
0.0923781
0.0977908
0.103688
0.0928236
0.0847957
0.0967551
0.0807577
0.100726
0.0869961
0.0994165
0.0860226
0.0714575
0.0870259
0.0904526
0.0909264
0.0788054
0.0746854
0.0870979
0.0898586
0.0843144
0.0527874
0.0978986
0.0746407
0.0768107
0.0769935
0.0962239
0.0697596
0.0819873
0.105553
0.0967582
0.0681571
0.0866092
0.104882
0.0939462