0.0890403
0.0909592
0.0961051
0.0797914
0.100527
0.12048
0.112554
0.124818
0.147867
0.147933
0.189322
0.191987
0.266084
0.293225
0.301319
0.390958
0.470407
0.477963
0.51487
0.539153
0.505576
0.509981
0.475503
0.462179
0.429547
0.354562
0.306407
0.303183
0.248582
0.191289
0.178542
0.1806
0.125554
0.129151
0.12691
0.0850213
0.100774
0.0933143
0.0942451
0.0841826
0.115953
0.0917337
0.0744377
0.0861491
0.0898978
0.0796613
0.0900992
0.0958755
0.104652
0.11395
0.0818429
0.0897427
0.0901641
0.0773345
0.0980493
0.081817
0.0933553
0.0913799
0.0789716
0.0768278
0.0973408
0.0873976
0.0848729
0.0981824
0.0893515
0.0718902
0.0918807
0.0828173
0.0895123
0.106631
0.0865344
0.0766417
0.0721968
0.103016
0.0904286
0.100231
0.0845174
0.0789969
0.0963592
0.0937421
0.0856614
0.0806614
0.0866434
0.080043
0.0896672
0.0838191
0.0934234
0.0892265
0.0731597
0.07972
0.0932833
0.07272
0.0841396
0.07541
0.0890487
0.0817722
0.093323
0.0661471
0.0933976
0.0938307