0.0929465
0.0983128
0.0798336
0.123133
0.0928566
0.092417
0.0908316
0.113645
0.1476
0.15654
0.151108
0.2571
0.289023
0.374797
0.349369
0.349483
0.405178
0.458373
0.492799
0.568833
0.497383
0.506736
0.535623
0.395003
0.466346
0.383107
0.354498
0.298815
0.227849
0.269877
0.185591
0.139654
0.131673
0.118037
0.12749
0.100656
0.096295
0.0757221
0.0870355
0.0671734
0.0948237
0.102484
0.0922373
0.0980506
0.089983
0.0833295
0.0899146
0.0865967
0.0936497
0.0804491
0.095251
0.0969241
0.0729032
0.101813
0.0819997
0.0901577
0.0745729
0.0936118
0.0822193
0.0749234
0.0806398
0.09077
0.0756952
0.0948362
0.0859959
0.0817491
0.0900441
0.0776445
0.094601
0.0920608
0.0890474
0.0712014
0.0730035
0.0792177
0.0999752
0.0747664
0.0886064
0.0999271
0.0914273
0.079193
0.0705848
0.0707103
0.0778094
0.100738
0.078485
0.07692
0.084049
0.0809901
0.0784692
0.0860933
0.083013
0.0773617
0.0983649
0.0903625
0.0873991
0.0818517
0.0744754
0.101874
0.0810916
0.0843204