0.0848352
0.101791
0.0883262
0.0965442
0.129652
0.113191
0.143564
0.131435
0.141706
0.143718
0.167552
0.248196
0.232266
0.306969
0.304705
0.367505
0.454558
0.424409
0.528748
0.501907
0.51792
0.552877
0.489644
0.446567
0.391121
0.444008
0.3548
0.279753
0.252285
0.223065
0.18879
0.180174
0.157489
0.107663
0.0951063
0.127946
0.0850687
0.112968
0.0803338
0.0920774
0.086187
0.0908083
0.0937616
0.0708499
0.0819529
0.0772797
0.0913995
0.0860252
0.0647909
0.0894489
0.0796007
0.101163
0.0718095
0.0978621
0.0760611
0.0761698
0.0879603
0.0833082
0.0881408
0.0779009
0.0932925
0.0905734
0.0721235
0.090139
0.0689159
0.0899426
0.0800388
0.0779984
0.0955755
0.073494
0.0899291
0.0849844
0.0791645
0.121913
0.079452
0.109191
0.0803646
0.093537
0.113485
0.0905391
0.0799349
0.0916791
0.0828854
0.0806916
0.0765308
0.077407
0.0828378
0.0881037
0.100864
0.0682448
0.064024
0.0729608
0.105653
0.0825113
0.0960661
0.100173
0.0833819
0.0781109
0.0796812
0.0698935