0.0885903
0.0896855
0.0789331
0.0908861
0.110628
0.0997048
0.0857551
0.120152
0.124374
0.124252
0.152251
0.238107
0.287263
0.279883
0.350726
0.334771
0.502184
0.494041
0.492335
0.547148
0.553009
0.462452
0.511664
0.50492
0.480198
0.338628
0.316658
0.263175
0.290663
0.189658
0.210262
0.166872
0.168194
0.122669
0.107872
0.117555
0.110877
0.114792
0.102606
0.127424
0.113675
0.0799784
0.0841327
0.0873598
0.0807389
0.0794142
0.0946696
0.0860624
0.0837654
0.0770752
0.0999105
0.0810431
0.101015
0.0757971
0.0876321
0.0643337
0.105497
0.0883679
0.0649035
0.0924275
0.0752369
0.0811418
0.096971
0.069454
0.0885098
0.0764728
0.0959909
0.0740052
0.0885007
0.0955224
0.0861308
0.0846879
0.0653568
0.0842565
0.0743283
0.0792977
0.0798372
0.0789279
0.0794884
0.0735774
0.0752192
0.0923014
0.0884418
0.0655523
0.0809304
0.0724505
0.0840457
0.0895989
0.0990212
0.094102
0.0824321
0.0666647
0.0877277
0.089593
0.0731026
0.0907724
0.0785125
0.0914759
0.101629
0.0891141