0.112766
0.0727533
0.0858893
0.0852758
0.0895294
0.110657
0.117131
0.136168
0.165975
0.147157
0.191162
0.241836
0.256391
0.272982
0.364077
0.368405
0.42138
0.451036
0.481807
0.520071
0.529676
0.525469
0.461584
0.50482
0.466502
0.354941
0.311991
0.311294
0.236626
0.2516
0.209757
0.159731
0.157261
0.0961639
0.13328
0.0889897
0.0749302
0.0921289
0.0803477
0.0854509
0.0781719
0.0680776
0.0824786
0.097298
0.0888344
0.088421
0.0905614
0.0777775
0.0703231
0.0810989
0.0771442
0.0760283
0.111528
0.0741855
0.0831035
0.110737
0.084944
0.0861316
0.0795856
0.0855915
0.0951317
0.0867978
0.073584
0.0746698
0.0897757
0.0764323
0.0866628
0.0809479
0.0892502
0.0936885
0.0891209
0.0961903
0.106256
0.0855252
0.0889115
0.0804691
0.105807
0.0713157
0.0934847
0.0725376
0.0823767
0.0757611
0.0929231
0.0776286
0.0885653
0.0844153
0.0881736
0.0894146
0.0880901
0.0813678
0.0817881
0.0851206
0.0700504
0.0815603
0.0860423
0.0904008
0.0924253
0.0889771
0.0969047
0.12444