0.0893331
0.117698
0.0908811
0.0881002
0.0792594
0.122182
0.126541
0.104263
0.162138
0.166703
0.18098
0.22414
0.2472
0.283257
0.321837
0.358814
0.437777
0.46783
0.481131
0.518813
0.56647
0.558961
0.515042
0.469874
0.459812
0.350363
0.307426
0.279789
0.231731
0.209581
0.190218
0.165081
0.124961
0.134001
0.108111
0.0923604
0.102092
0.113621
0.0891791
0.103447
0.108123
0.103301
0.0910595
0.0815199
0.0784741
0.093492
0.0770953
0.102511
0.0868393
0.0899668
0.0887835
0.0803495
0.0844205
0.108527
0.0757381
0.0931108
0.0947038
0.0886159
0.0769474
0.0905113
0.0808134
0.0829684
0.0864858
0.0780186
0.0840326
0.0827053
0.0997486
0.0904049
0.0818191
0.0677331
0.0959958
0.0750484
0.0827215
0.0888738
0.0863923
0.074109
0.0774901
0.106967
0.0824024
0.0824423
0.0872742
0.0879438
0.0739434
0.0730544
0.0779889
0.0682763
0.0823521
0.0997471
0.0854878
0.0744843
0.0829216
0.0737144
0.08211
0.0728495
0.0791912
0.0970445
0.0885924
0.0941246
0.0905354
0.106104