0.0750895
0.0909384
0.0807902
0.102863
0.105177
0.104878
0.106844
0.135564
0.143832
0.146367
0.198303
0.229307
0.252422
0.290095
0.360587
0.375895
0.390669
0.451527
0.519949
0.546419
0.493331
0.482203
0.500383
0.411855
0.452162
0.400049
0.369021
0.324144
0.222477
0.198093
0.182855
0.193646
0.151359
0.144244
0.117682
0.138339
0.0980328
0.104461
0.100611
0.128703
0.0859885
0.0875528
0.0959276
0.100611
0.0691618
0.0807084
0.0712094
0.0778234
0.0842258
0.0831564
0.0825901
0.0746689
0.094744
0.0841843
0.086459
0.0925231
0.0925783
0.0667503
0.100289
0.0965348
0.0886563
0.0699368
0.0671033
0.0967721
0.0728273
0.0892734
0.0995693
0.0796782
0.0945009
0.077865
0.0862272
0.0763591
0.0775562
0.0763692
0.0780831
0.0807822
0.100917
0.085536
0.0708248
0.0934364
0.0965246
0.0891148
0.0818905
0.0895899
0.102778
0.0780199
0.0841197
0.0828701
0.0902183
0.0818266
0.0915575
0.0756378
0.072899
0.0832021
0.0718611
0.0920776
0.0868693
0.0915878
0.0795187
0.0867043