0.0839396
0.0928745
0.0768769
0.090856
0.106647
0.146776
0.115267
0.126061
0.151392
0.162547
0.202548
0.244041
0.223231
0.276381
0.346428
0.421879
0.393972
0.484749
0.518102
0.491411
0.494203
0.500732
0.444608
0.446863
0.491204
0.387159
0.353083
0.292189
0.259011
0.241942
0.174867
0.171026
0.123795
0.115757
0.148823
0.104431
0.0995221
0.111615
0.097656
0.0824805
0.0958454
0.0701351
0.0926772
0.0872669
0.0869329
0.0845559
0.0847238
0.0899889
0.0876739
0.088531
0.0994358
0.0762255
0.0690551
0.0947053
0.0855988
0.0771574
0.0953804
0.0926595
0.0917022
0.103914
0.072428
0.0904309
0.0804474
0.0863844
0.0772914
0.0803798
0.080919
0.0865455
0.0752989
0.106022
0.077328
0.081304
0.0899508
0.0984325
0.102813
0.0777129
0.0844509
0.0904306
0.0802305
0.0941293
0.0775112
0.0647076
0.0751426
0.07326
0.085354
0.0929169
0.0807461
0.0888271
0.0666002
0.0801832
0.0813004
0.0957923
0.0766294
0.0864177
0.111234
0.0801075
0.0678999
0.0696403
0.103179
0.0785101