0.0940009
0.105975
0.110963
0.0708382
0.114107
0.112072
0.0949117
0.120047
0.147922
0.154498
0.150596
0.224104
0.258975
0.275407
0.359924
0.465544
0.406887
0.539418
0.510816
0.535102
0.603568
0.501788
0.535391
0.433821
0.433079
0.393581
0.339573
0.253184
0.230296
0.206194
0.18108
0.190708
0.150909
0.122061
0.111596
0.110519
0.118184
0.0839611
0.0872861
0.0861774
0.079241
0.0812941
0.10101
0.0630078
0.0830572
0.0880384
0.0954365
0.073206
0.0842403
0.0967917
0.0771715
0.0853136
0.0768079
0.0849145
0.0810213
0.0794464
0.0768678
0.069178
0.0886723
0.0852228
0.0773923
0.0732783
0.0757148
0.103496
0.0846404
0.0886393
0.0896313
0.0780813
0.0723411
0.0890078
0.0919053
0.0763826
0.0887769
0.0848532
0.087709
0.0808315
0.0767587
0.0639411
0.0844913
0.0832175
0.0861812
0.0768356
0.0958044
0.0869904
0.0758669
0.0788836
0.0958712
0.0759896
0.0970582
0.0967304
0.0821588
0.0808962
0.0626367
0.0684244
0.0934566
0.0878818
0.06975
0.0846261
0.0856373
0.0922262