0.0781623
0.107244
0.0902073
0.113962
0.100743
0.140809
0.110917
0.143597
0.163713
0.182189
0.186936
0.206645
0.224382
0.314032
0.325437
0.368551
0.489296
0.448603
0.459403
0.522884
0.49724
0.485053
0.546521
0.502904
0.385412
0.400772
0.391373
0.224222
0.223858
0.186925
0.188868
0.203039
0.132089
0.125058
0.140882
0.0874069
0.0952924
0.0817247
0.0789143
0.0695091
0.0800337
0.0813458
0.092175
0.0917887
0.11085
0.0930227
0.0987653
0.105172
0.0899585
0.0896704
0.0772705
0.0879357
0.090543
0.084349
0.081342
0.0918758
0.0871694
0.0743619
0.0818669
0.0776639
0.08936
0.0688538
0.100669
0.0831328
0.0872519
0.0814464
0.0871981
0.0840712
0.0801845
0.075832
0.0912788
0.0828682
0.0724685
0.0860303
0.0812211
0.086844
0.10192
0.0782019
0.0690236
0.0972299
0.0711717
0.0779494
0.0873234
0.100033
0.103142
0.0762775
0.0848606
0.087211
0.088451
0.0848694
0.0770667
0.0807346
0.0659842
0.0877665
0.0801726
0.084974
0.117351
0.0929213
0.0728172
0.101902