0.0857388
0.108407
0.0797131
0.0704268
0.115049
0.0918144
0.128318
0.106021
0.122104
0.172935
0.170903
0.221197
0.204036
0.295871
0.306155
0.36439
0.451952
0.488773
0.533572
0.516362
0.524963
0.463521
0.511818
0.557173
0.474022
0.370975
0.329308
0.287221
0.24829
0.207505
0.171355
0.171843
0.160049
0.148488
0.100711
0.101509
0.106885
0.0953192
0.0832328
0.0936139
0.107472
0.0861259
0.0875708
0.0936938
0.0795083
0.0675586
0.0747189
0.094136
0.0737138
0.081633
0.0940176
0.0693129
0.0840469
0.0907522
0.0959888
0.0883023
0.0906933
0.0757597
0.0973979
0.11055
0.0834465
0.102299
0.0794678
0.0859506
0.0815671
0.0866882
0.0819448
0.0905304
0.0920566
0.0917973
0.0992828
0.0665289
0.086663
0.0662124
0.0815324
0.0823035
0.0883795
0.08249
0.092732
0.0915013
0.0814019
0.0826014
0.0830932
0.0844377
0.075617
0.0889262
0.0936514
0.0761537
0.0983937
0.0918486
0.0815638
0.0670159
0.0956447
0.0944772
0.073202
0.0817895
0.0912339
0.0840553
0.0848569
0.0921664