0.0788312
0.0916981
0.0925527
0.0977018
0.107622
0.120285
0.118016
0.121574
0.122891
0.190031
0.187229
0.213522
0.236822
0.304305
0.3593
0.417151
0.451495
0.418845
0.527829
0.530847
0.5299
0.558598
0.472596
0.441171
0.434232
0.301766
0.278215
0.291271
0.268599
0.217033
0.190492
0.138719
0.15125
0.165032
0.123158
0.107677
0.0919684
0.122461
0.0968169
0.0961806
0.0953112
0.0879356
0.0909531
0.0829511
0.0838122
0.0843823
0.0925997
0.100285
0.0927281
0.0736122
0.0981381
0.103797
0.0731405
0.0997092
0.0908438
0.0793936
0.0748449
0.0782386
0.0657587
0.0913315
0.0893324
0.0717407
0.0823877
0.0922612
0.0761739
0.0896394
0.0911504
0.0910813
0.0800476
0.0977389
0.079503
0.07621
0.101811
0.0786357
0.104027
0.099027
0.0730289
0.0873198
0.0894357
0.104633
0.0876681
0.0849891
0.0817519
0.0875349
0.065703
0.0781652
0.0549981
0.0824709
0.08051
0.0903342
0.0889795
0.080515
0.0838743
0.077964
0.0950361
0.0795536
0.0952585
0.0707646
0.0965073
0.0767886