0.0861185
0.0842838
0.0814322
0.0836463
0.098982
0.0926995
0.122173
0.114178
0.137529
0.162969
0.192714
0.192843
0.23357
0.347042
0.327147
0.365232
0.497972
0.465686
0.472723
0.525078
0.484272
0.506802
0.55275
0.498641
0.423402
0.370813
0.375494
0.268885
0.200098
0.237907
0.199668
0.164619
0.123839
0.12514
0.099857
0.109123
0.0911188
0.0905601
0.0999921
0.110768
0.0709188
0.0787794
0.0991358
0.089744
0.0779423
0.100308
0.0964919
0.0957783
0.0895266
0.0859765
0.0802664
0.081432
0.0805547
0.0810633
0.0699416
0.0792199
0.0624319
0.0871277
0.0748418
0.0726038
0.0809109
0.080913
0.0801024
0.0741226
0.0830135
0.0660306
0.0842585
0.0900688
0.0712135
0.0934123
0.0865244
0.0923119
0.0999767
0.0837801
0.0826544
0.0907455
0.0991723
0.11971
0.0959625
0.0986716
0.0735642
0.0782515
0.0949851
0.100231
0.0965227
0.109069
0.0819934
0.0977019
0.0853282
0.0890844
0.0818247
0.0827235
0.0909541
0.0691123
0.0861895
0.0969851
0.0913759
0.0772375
0.0978916
0.0935677