0.0808584
0.0824006
0.106565
0.096075
0.114793
0.0933644
0.12747
0.13289
0.149125
0.166577
0.189632
0.206625
0.268999
0.315603
0.350642
0.454861
0.398338
0.501089
0.491907
0.529444
0.503073
0.51635
0.484907
0.486329
0.405962
0.357805
0.32563
0.279506
0.209584
0.243927
0.19414
0.146488
0.130973
0.12405
0.108372
0.103479
0.0788937
0.0929164
0.0855816
0.0890606
0.10091
0.0745221
0.081623
0.107348
0.0992514
0.0777392
0.0753922
0.0904947
0.0990907
0.0767972
0.0866553
0.0972224
0.0853116
0.0795753
0.0670985
0.0799346
0.0922149
0.0998751
0.0970043
0.0821633
0.0851522
0.0741721
0.0980808
0.0931223
0.0857344
0.0791349
0.0811537
0.0944471
0.0815993
0.0937624
0.0872749
0.0710655
0.0759996
0.0722203
0.0988298
0.0942482
0.0734683
0.073962
0.0901403
0.0950054
0.0880011
0.0897748
0.0706103
0.0813378
0.0946797
0.0697979
0.0848729
0.0831216
0.0956813
0.0869446
0.119706
0.0926342
0.0760708
0.0883236
0.0850339
0.0810808
0.0874687
0.0982256
0.0825844
0.070966