0.0912097
0.0895131
0.0816651
0.0998968
0.0904477
0.102225
0.0998815
0.118199
0.118568
0.16703
0.174797
0.225568
0.262035
0.25232
0.32657
0.318234
0.465314
0.410239
0.51825
0.510808
0.516717
0.522371
0.52227
0.450294
0.442425
0.413573
0.387165
0.260842
0.33518
0.22559
0.190741
0.162013
0.138386
0.138221
0.112073
0.0964598
0.0870359
0.077259
0.0840246
0.0879163
0.0905566
0.0848178
0.0773144
0.0859716
0.0852754
0.126127
0.0829058
0.103916
0.0645624
0.0902073
0.0812907
0.0894941
0.0785341
0.0888128
0.092328
0.094336
0.0721742
0.0694392
0.0842637
0.0805097
0.0913701
0.0882001
0.0819309
0.101405
0.0784182
0.0893672
0.0721432
0.0894046
0.0972449
0.0765893
0.082635
0.0889975
0.0961727
0.0792558
0.081903
0.116297
0.0715212
0.07857
0.0965765
0.07568
0.0744116
0.0850611
0.0825624
0.0830387
0.0693996
0.0935583
0.0852132
0.0952826
0.0899145
0.0799606
0.0823297
0.0878124
0.0839393
0.0964863
0.0892287
0.0936345
0.0896558
0.0985611
0.11387
0.0962321