0.0868982
0.0895345
0.0916251
0.109909
0.0995414
0.133322
0.123017
0.107853
0.119514
0.159208
0.19746
0.220659
0.236213
0.322758
0.299155
0.426874
0.472684
0.464389
0.457228
0.470477
0.465323
0.479868
0.50601
0.407378
0.440388
0.390204
0.346141
0.333178
0.222574
0.198937
0.205883
0.148302
0.158818
0.132149
0.11344
0.116495
0.102001
0.118092
0.118187
0.0795618
0.0907511
0.0805243
0.100738
0.0945708
0.0934485
0.0782835
0.0868701
0.101907
0.0993498
0.110871
0.110379
0.0897847
0.0747926
0.0973233
0.0946143
0.0877794
0.0776611
0.0928675
0.0786061
0.0868639
0.0618873
0.102594
0.0826567
0.0889236
0.0980637
0.0797342
0.086242
0.0765436
0.0760482
0.0826074
0.0753968
0.0960052
0.0881876
0.0843838
0.0854492
0.0890074
0.103946
0.0827837
0.0849975
0.077645
0.0883084
0.0827462
0.0809491
0.103702
0.0934412
0.0774745
0.0734758
0.0814065
0.100927
0.0758099
0.0751245
0.0919394
0.0961823
0.0680044
0.0804515
0.0959559
0.0845151
0.0858137
0.0851543
0.076284