0.0914671
0.094688
0.0924334
0.103441
0.0937861
0.114472
0.130286
0.140568
0.131042
0.164027
0.18497
0.188889
0.245313
0.267565
0.377899
0.359371
0.450568
0.438706
0.50074
0.534111
0.483478
0.504289
0.490377
0.434073
0.420925
0.363978
0.395558
0.308573
0.235686
0.265623
0.186134
0.174053
0.145432
0.132909
0.111367
0.110045
0.076659
0.0861934
0.0859911
0.0945308
0.0800882
0.0933502
0.0902824
0.0949759
0.0755962
0.0795035
0.0942306
0.0786721
0.0894548
0.0979035
0.0978106
0.0884634
0.10001
0.0690336
0.0776211
0.0805983
0.112401
0.0788059
0.0805841
0.065005
0.0864755
0.107357
0.0902298
0.106234
0.0732031
0.111818
0.0810841
0.0919446
0.0889862
0.0766037
0.0803823
0.0907382
0.0904267
0.0842708
0.0856874
0.0678111
0.0926328
0.0668138
0.0794376
0.0851454
0.0761222
0.108431
0.0670511
0.0839027
0.114976
0.0820173
0.090755
0.0739865
0.076613
0.0847087
0.123211
0.088214
0.0896865
0.0997316
0.0739166
0.058924
0.0935344
0.0751206
0.0880606
0.0791487