0.0863776
0.09434
0.0926268
0.0867502
0.0915347
0.138113
0.115222
0.131443
0.142695
0.137522
0.186748
0.192279
0.255076
0.294853
0.366549
0.393817
0.463375
0.508399
0.54066
0.52673
0.558871
0.487383
0.498922
0.48253
0.425502
0.430926
0.303377
0.299868
0.2365
0.24344
0.198351
0.14877
0.138666
0.137431
0.111803
0.0877775
0.106593
0.0906891
0.0884138
0.0789104
0.0881672
0.0931122
0.0845829
0.0716154
0.101983
0.0820045
0.0912117
0.07993
0.0874085
0.0820568
0.123452
0.0792805
0.0761104
0.0813415
0.0729974
0.0926584
0.0778856
0.0775863
0.093661
0.0796923
0.0780105
0.0815122
0.0770371
0.0808852
0.083646
0.0929894
0.0855635
0.0806389
0.0955139
0.0864053
0.0964126
0.0591267
0.0793063
0.0901011
0.09482
0.0795804
0.0677568
0.0674307
0.0795672
0.0649086
0.0842294
0.0709283
0.0931662
0.0811715
0.0804642
0.0709939
0.0941785
0.086818
0.077484
0.0722934
0.0831398
0.0841916
0.0761258
0.10703
0.0665392
0.078695
0.0951587
0.0784426
0.0835215
0.0976436