0.0798376
0.0770433
0.0910903
0.0943638
0.0989788
0.0971366
0.136759
0.117869
0.150776
0.173863
0.197653
0.211975
0.260132
0.278743
0.437877
0.381861
0.423447
0.438173
0.516701
0.51941
0.540587
0.492147
0.48517
0.49928
0.456966
0.402755
0.336703
0.328841
0.24478
0.191029
0.178416
0.18421
0.128953
0.123842
0.121908
0.108545
0.111523
0.085157
0.0880389
0.0940927
0.0957803
0.0838607
0.100266
0.0751461
0.0792653
0.103999
0.0933568
0.079793
0.0806416
0.0676073
0.0683825
0.0742675
0.0878764
0.0816169
0.0851586
0.0708206
0.0863659
0.0852032
0.0689127
0.0714113
0.0978956
0.0648858
0.0844939
0.0803015
0.0929399
0.083554
0.0849901
0.0915856
0.0928515
0.0707105
0.0933341
0.085039
0.0747921
0.101805
0.0716851
0.0719527
0.0979924
0.103234
0.0755527
0.0691562
0.0850654
0.0906729
0.0727916
0.0848369
0.0922662
0.0794181
0.0717452
0.0855851
0.0814324
0.0820385
0.0922266
0.0866514
0.0721726
0.0779537
0.0709637
0.0948064
0.0962783
0.0986487
0.0908637
0.0784639