0.086817
0.0964339
0.0936608
0.106971
0.104465
0.0944958
0.0982983
0.126022
0.130451
0.185369
0.194804
0.220212
0.216911
0.306174
0.328971
0.370775
0.378956
0.43316
0.450812
0.569571
0.567341
0.516168
0.525935
0.477246
0.442472
0.420078
0.384054
0.317214
0.222385
0.236571
0.225139
0.168243
0.122942
0.148092
0.107055
0.100712
0.0971052
0.108528
0.0840362
0.0806329
0.0853265
0.0984265
0.082207
0.081716
0.0817112
0.0840406
0.0810642
0.0862188
0.0923522
0.081939
0.0716794
0.0802223
0.0783656
0.0848037
0.0925341
0.0693452
0.0862882
0.0774815
0.0821237
0.0983038
0.0783101
0.086741
0.0981767
0.0875923
0.0911024
0.0715827
0.0830993
0.0722445
0.0780793
0.0899982
0.0691694
0.0875692
0.0927601
0.0915722
0.0889973
0.0786187
0.0743881
0.0858287
0.0701737
0.0810154
0.0833344
0.0761513
0.0691948
0.0754024
0.0777445
0.0888332
0.0815478
0.0981919
0.088658
0.079096
0.104167
0.0766946
0.0894046
0.0835312
0.0767146
0.0812144
0.100116
0.0923954
0.0882613
0.110898