0.0979239
0.0934846
0.0907022
0.0867884
0.108752
0.135741
0.0997341
0.108433
0.120457
0.166626
0.182777
0.227668
0.178534
0.257084
0.363842
0.351098
0.433079
0.488874
0.491495
0.528586
0.502447
0.556701
0.541061
0.51076
0.435906
0.407775
0.306264
0.287111
0.225874
0.198805
0.213564
0.17553
0.14589
0.141123
0.152331
0.108454
0.11081
0.088319
0.0853885
0.072472
0.0859337
0.0811502
0.0926097
0.0826732
0.0988253
0.096422
0.0829208
0.0616821
0.0604607
0.0829477
0.0905318
0.0916173
0.0840194
0.0823614
0.0875158
0.084786
0.0766105
0.0795282
0.0961478
0.0884576
0.0945814
0.0972068
0.0677946
0.0986132
0.104328
0.0813944
0.10949
0.0754478
0.0917425
0.0927581
0.0695116
0.0805671
0.0957905
0.0757132
0.0701063
0.0696653
0.080961
0.0889505
0.0841922
0.0920197
0.0864037
0.092358
0.0839722
0.0817632
0.103646
0.0924436
0.0822042
0.0678658
0.0785688
0.0840692
0.0886569
0.0843234
0.0919503
0.0818435
0.0827476
0.0776747
0.105636
0.0898526
0.0843194
0.0734029