0.0857386
0.097446
0.0818086
0.0899539
0.116625
0.0964178
0.110821
0.140939
0.143191
0.123757
0.206192
0.212938
0.284915
0.303289
0.358237
0.386092
0.421318
0.487062
0.514154
0.502113
0.515811
0.5736
0.47475
0.463256
0.41498
0.389502
0.274565
0.30966
0.238716
0.217301
0.205855
0.190175
0.122797
0.110074
0.130216
0.0981131
0.131237
0.0710044
0.101517
0.0889662
0.0816494
0.0887278
0.0873636
0.0621533
0.110372
0.0916443
0.0934827
0.074636
0.082098
0.0803255
0.0813641
0.115754
0.0988893
0.0985491
0.0933079
0.0756109
0.0811816
0.0764071
0.0896749
0.0851128
0.0687106
0.0710595
0.0831301
0.0831968
0.0834655
0.0875671
0.0679165
0.107482
0.0785933
0.0780169
0.0907366
0.0935941
0.0865589
0.0828219
0.0894368
0.0958284
0.0991219
0.0880237
0.083373
0.0828256
0.0708479
0.0856646
0.082488
0.0805291
0.10921
0.0826303
0.0858174
0.0858838
0.0965573
0.0611654
0.084755
0.083297
0.0870472
0.0923153
0.085068
0.0864735
0.0700231
0.0698206
0.0875758
0.0779627