0.0870116
0.0863652
0.102747
0.0977408
0.107637
0.109092
0.130377
0.138859
0.140226
0.170479
0.19821
0.21074
0.30016
0.324493
0.344136
0.363014
0.426227
0.469342
0.481795
0.469147
0.506624
0.480234
0.47826
0.437472
0.399367
0.339854
0.324955
0.314236
0.266661
0.213577
0.169447
0.184412
0.14171
0.130335
0.10831
0.123769
0.115918
0.0934014
0.0934609
0.0924884
0.0871462
0.0926992
0.0976935
0.0700636
0.102593
0.0758129
0.0837007
0.0929757
0.0883896
0.0892737
0.104914
0.0866507
0.0819332
0.0806371
0.0783052
0.0939842
0.103022
0.0846788
0.0940571
0.10719
0.0735726
0.101643
0.0803052
0.100511
0.0900096
0.0815017
0.100247
0.105596
0.0706876
0.0872567
0.0878589
0.0879315
0.0753175
0.0969522
0.0865287
0.0795683
0.0834048
0.090103
0.0875204
0.083
0.0838112
0.0853048
0.0858862
0.0841765
0.0782365
0.0743613
0.0839469
0.0828732
0.0876962
0.0908962
0.0908598
0.0825969
0.0907517
0.0758921
0.0886505
0.0960069
0.078614
0.0776528
0.0774268
0.0868321