0.0888994
0.107205
0.094373
0.106313
0.0905707
0.0814559
0.114563
0.0981417
0.119768
0.172707
0.173173
0.222275
0.288558
0.300042
0.314423
0.389034
0.43162
0.453107
0.459092
0.524718
0.510228
0.564776
0.533851
0.376321
0.470262
0.348378
0.376601
0.326391
0.212218
0.198626
0.221099
0.170091
0.159803
0.144458
0.131753
0.10188
0.0930104
0.105574
0.0985668
0.114697
0.087713
0.103268
0.0862238
0.0848456
0.0850378
0.0837523
0.0871867
0.101092
0.0953842
0.0995341
0.0813622
0.0929585
0.109477
0.0863314
0.0721366
0.0785287
0.0770281
0.0826167
0.0932455
0.0931526
0.0894397
0.074036
0.101184
0.0807778
0.0811714
0.0688575
0.0902617
0.0734092
0.0934481
0.0732223
0.10271
0.094477
0.0944354
0.0934936
0.0734021
0.0983255
0.0805401
0.0950261
0.0772107
0.078861
0.0689594
0.105786
0.0805302
0.088729
0.0673069
0.0751052
0.0931085
0.0708452
0.102902
0.0802182
0.0763564
0.0761287
0.0720879
0.0913164
0.0845551
0.0777387
0.0689614
0.0677527
0.0923921
0.0754373