0.0863127
0.0804521
0.104454
0.104425
0.0968268
0.107539
0.141386
0.122132
0.101821
0.15595
0.208931
0.219724
0.229294
0.29384
0.325254
0.365306
0.427799
0.500453
0.499005
0.536816
0.494733
0.543267
0.528939
0.445338
0.436568
0.370663
0.319509
0.300711
0.26551
0.19214
0.237644
0.154029
0.134428
0.124539
0.0934219
0.118519
0.115319
0.0852963
0.0993259
0.088161
0.0913732
0.0928334
0.0857978
0.104639
0.0938734
0.0682968
0.0754122
0.0821372
0.0941316
0.0996474
0.0851678
0.0719821
0.0855808
0.070582
0.0734528
0.0892401
0.0783204
0.0735683
0.0793396
0.0971145
0.0871281
0.0949709
0.0797653
0.0874017
0.0821673
0.0891897
0.0871299
0.0896234
0.0887528
0.0814732
0.0901812
0.0776253
0.087559
0.0908608
0.0830858
0.0882224
0.086484
0.0744317
0.07492
0.0796612
0.0851621
0.0908756
0.077713
0.0906109
0.106254
0.0940198
0.094177
0.0738629
0.0871445
0.0632077
0.0848391
0.0895298
0.0799614
0.07038
0.0778407
0.0695021
0.103105
0.101896
0.115008
0.0960025