0.137623
0.0810069
0.101944
0.0916593
0.108929
0.101884
0.111175
0.126422
0.168498
0.140683
0.198563
0.243151
0.2338
0.274361
0.359701
0.385824
0.430306
0.479964
0.488673
0.554556
0.509091
0.488199
0.499675
0.406563
0.393947
0.347432
0.336028
0.268741
0.27789
0.208572
0.192177
0.152368
0.145859
0.14073
0.103689
0.111761
0.100091
0.109558
0.101407
0.094389
0.0815516
0.0811925
0.0671049
0.085529
0.0932048
0.0868335
0.0880815
0.0836609
0.101441
0.0810121
0.0930367
0.090228
0.0897683
0.0755347
0.077015
0.0930243
0.0878887
0.0903489
0.104125
0.084935
0.0703989
0.075861
0.0817398
0.0758073
0.085893
0.0873468
0.0919289
0.0898391
0.0725501
0.079463
0.101522
0.0981425
0.0946942
0.0786358
0.089072
0.123781
0.0937483
0.081034
0.0822274
0.0856713
0.0960723
0.084189
0.0787627
0.0813962
0.0755353
0.0851261
0.0959108
0.079251
0.086397
0.103918
0.0876312
0.09571
0.0802596
0.10624
0.0752514
0.0888249
0.0815012
0.0700051
0.0890097
0.0772448