0.0852562
0.103688
0.10608
0.108211
0.0924576
0.0946145
0.104392
0.114214
0.145385
0.19647
0.20789
0.225087
0.226016
0.331897
0.321541
0.384357
0.42781
0.485433
0.559512
0.48862
0.515238
0.529291
0.519091
0.420102
0.370415
0.376713
0.304651
0.288991
0.287699
0.189909
0.172842
0.16746
0.122129
0.144304
0.115332
0.106635
0.112543
0.101433
0.079881
0.083784
0.0819369
0.0821442
0.0670628
0.0643933
0.0988458
0.10049
0.0725694
0.0675812
0.0988049
0.0814334
0.0743315
0.0836591
0.0710587
0.0781735
0.0863841
0.0908507
0.0818439
0.0912999
0.099523
0.0885388
0.0960287
0.0908374
0.104028
0.10754
0.0906864
0.0932283
0.0730147
0.0850247
0.0791198
0.0844455
0.102219
0.0784157
0.0879252
0.0864764
0.0873683
0.0786708
0.0774315
0.0928489
0.0865867
0.0924234
0.0735921
0.0909175
0.0829171
0.0887836
0.0929075
0.0790281
0.101777
0.101051
0.0761695
0.0941308
0.0638503
0.07974
0.0983332
0.100181
0.0820118
0.0789087
0.0906244
0.0854684
0.0817078
0.105283