0.0666791
0.0774428
0.0789472
0.0966529
0.103604
0.102471
0.114722
0.128224
0.139276
0.163827
0.258832
0.200856
0.233071
0.323642
0.331982
0.402925
0.425138
0.481326
0.545058
0.482086
0.55665
0.500897
0.48727
0.50579
0.406756
0.385242
0.3488
0.287855
0.225494
0.220081
0.186654
0.124979
0.130266
0.091997
0.128547
0.108016
0.0943893
0.0978174
0.102199
0.104483
0.0823235
0.0771877
0.0936003
0.0837595
0.0915106
0.0862092
0.0932896
0.0705277
0.0818191
0.0636236
0.0960524
0.0999323
0.0779883
0.0740542
0.0728639
0.0953621
0.078533
0.0798102
0.0852246
0.108223
0.084898
0.0908179
0.0841085
0.0923983
0.0752871
0.0741848
0.0925786
0.0852491
0.0878266
0.0721258
0.0712247
0.0902398
0.0979406
0.0901352
0.100956
0.0862962
0.092159
0.110244
0.0764557
0.0822119
0.0936694
0.081989
0.0808754
0.0673565
0.0946027
0.0860526
0.099389
0.0712856
0.0837593
0.0814972
0.0868042
0.0993731
0.093807
0.0850294
0.0839784
0.0788702
0.0967152
0.0786267
0.0957415
0.0803989