0.0900848
0.0819084
0.106224
0.118848
0.101202
0.111785
0.129583
0.123753
0.152974
0.157767
0.18538
0.166391
0.246034
0.273405
0.338805
0.403406
0.398642
0.455845
0.491732
0.570323
0.511792
0.55071
0.532203
0.473215
0.414701
0.385498
0.298309
0.287731
0.213351
0.193691
0.178962
0.188376
0.133945
0.105455
0.12866
0.106362
0.103949
0.113234
0.101858
0.0929183
0.0789833
0.0894924
0.0879448
0.0789871
0.0835727
0.0854255
0.0962816
0.0911533
0.0735777
0.0728254
0.0986757
0.0916577
0.0858984
0.095251
0.0854501
0.0762307
0.0801226
0.0823361
0.0992881
0.0949148
0.0806858
0.0799565
0.0721338
0.0808284
0.0785703
0.0989235
0.110373
0.107727
0.0785651
0.0817223
0.0816081
0.0703967
0.10136
0.0915719
0.0758199
0.0945152
0.0995875
0.0942403
0.0871744
0.0841632
0.0872376
0.081651
0.0733308
0.0779703
0.0766112
0.0742183
0.0832113
0.0978126
0.0819324
0.072709
0.10681
0.0801819
0.101653
0.0920818
0.0836181
0.0829841
0.0761076
0.0892266
0.0843183
0.09933