0.11029
0.088667
0.102554
0.0917311
0.0890462
0.0812594
0.119262
0.118713
0.120388
0.181354
0.170522
0.204342
0.229562
0.251271
0.337103
0.406793
0.410554
0.446365
0.505755
0.526774
0.510506
0.543256
0.51195
0.481001
0.43351
0.436307
0.347914
0.247454
0.2402
0.214278
0.15695
0.21208
0.140773
0.12322
0.10676
0.121719
0.0911257
0.0913199
0.105095
0.0791339
0.11951
0.0876693
0.0953712
0.0754097
0.0950653
0.0939973
0.089015
0.0829124
0.0855967
0.0884209
0.073852
0.065278
0.0915281
0.0799189
0.0838317
0.0812744
0.0658159
0.0744423
0.0819138
0.0816471
0.0834028
0.0794185
0.102666
0.0831156
0.0954883
0.0820044
0.0654186
0.0864103
0.0894069
0.0949372
0.0942096
0.0767412
0.0991043
0.0868563
0.0891639
0.0877363
0.0862223
0.0893181
0.0893584
0.0873808
0.108421
0.0825642
0.0761869
0.097994
0.0877195
0.0956835
0.09019
0.0852553
0.0868942
0.0993837
0.0739769
0.082589
0.105043
0.0725596
0.0844618
0.0843325
0.0891218
0.0952232
0.085747
0.0889629