0.0995373
0.109345
0.0672033
0.0915785
0.0968421
0.115224
0.116063
0.136846
0.120436
0.148254
0.192341
0.219077
0.257397
0.302718
0.313507
0.367255
0.416724
0.444314
0.4983
0.533735
0.550632
0.516357
0.50755
0.470046
0.427995
0.359437
0.288986
0.246869
0.251858
0.181743
0.185906
0.192447
0.159505
0.122624
0.115212
0.1148
0.0982906
0.0975719
0.10478
0.11425
0.0799705
0.0945628
0.083742
0.0712406
0.0785921
0.084885
0.10429
0.080363
0.0834149
0.0891457
0.0824037
0.0938225
0.0947373
0.0889553
0.094703
0.0916212
0.0984813
0.0757409
0.0770883
0.0824349
0.0774618
0.0918197
0.105661
0.083468
0.0708687
0.074108
0.0765506
0.09274
0.0837959
0.0795378
0.0942765
0.0912986
0.0932612
0.0839402
0.100069
0.0927565
0.0934728
0.0973702
0.0869554
0.0787716
0.0811335
0.0935362
0.0771311
0.0766586
0.091362
0.116089
0.0940384
0.0763051
0.0941164
0.099142
0.0809364
0.0760886
0.0779281
0.0728571
0.0933696
0.0894052
0.0934455
0.0959854
0.0891423
0.0993932