0.0841774
0.0811009
0.0943762
0.0963061
0.134734
0.112878
0.108845
0.122664
0.123905
0.164352
0.166583
0.210726
0.278103
0.295909
0.390142
0.345353
0.405313
0.445577
0.480555
0.478537
0.521619
0.547942
0.479808
0.445381
0.444081
0.385693
0.355771
0.320281
0.254413
0.204435
0.165011
0.1481
0.128244
0.115402
0.120955
0.10164
0.0892101
0.0875184
0.0924297
0.0952281
0.0860175
0.0940817
0.087272
0.0862509
0.101689
0.0807955
0.0848389
0.0947267
0.0756438
0.114927
0.105392
0.0763653
0.0941587
0.0713568
0.0875901
0.0950989
0.0801952
0.082623
0.086804
0.0701746
0.0955324
0.0938426
0.0976847
0.0777051
0.0928798
0.0806011
0.100051
0.0767032
0.0864719
0.092484
0.0900393
0.0798428
0.067185
0.0766863
0.085992
0.0855901
0.0915736
0.0765791
0.0805554
0.0873391
0.0770913
0.0810469
0.0924687
0.089108
0.0802039
0.0868
0.0877064
0.0905206
0.0875421
0.089745
0.10606
0.0925091
0.10162
0.115073
0.0773832
0.0842576
0.0960474
0.0948094
0.095272
0.0800942