0.082372
0.0870934
0.114419
0.0824082
0.0883508
0.120109
0.152879
0.112061
0.144242
0.142984
0.16647
0.237036
0.245387
0.287178
0.399683
0.328741
0.486787
0.52047
0.501843
0.492805
0.502643
0.509898
0.488559
0.48197
0.368932
0.402658
0.379252
0.269737
0.228108
0.242488
0.18152
0.183244
0.124484
0.154968
0.117196
0.111331
0.116118
0.111338
0.0673105
0.0859009
0.0981103
0.103028
0.0836478
0.0832423
0.0735702
0.0902469
0.071441
0.0801386
0.106605
0.0893481
0.0692949
0.0921514
0.0821628
0.0916675
0.0658793
0.0829794
0.0774986
0.0629907
0.0987411
0.0724528
0.0893003
0.0838592
0.0925375
0.0946241
0.0766514
0.0660509
0.0867924
0.0892577
0.1018
0.0938479
0.0689428
0.0872715
0.0821646
0.0896225
0.0772368
0.0861821
0.085971
0.0711629
0.0884463
0.0982675
0.110962
0.0724925
0.0933733
0.0909668
0.10228
0.0820148
0.0817322
0.104929
0.0769813
0.0761977
0.0928902
0.0696514
0.0786674
0.074006
0.0768019
0.0748757
0.0933198
0.0772769
0.0843125
0.0801045