0.0780049
0.109099
0.0968191
0.10424
0.0935036
0.104172
0.118315
0.108934
0.139298
0.155652
0.192487
0.214153
0.224977
0.354705
0.337913
0.392896
0.408959
0.472481
0.477431
0.506934
0.472695
0.472087
0.52759
0.394035
0.37175
0.396321
0.317399
0.280392
0.251562
0.204734
0.177249
0.171498
0.178462
0.136344
0.0960448
0.10481
0.118159
0.0942081
0.0847972
0.0832698
0.0885261
0.0867956
0.0720547
0.100973
0.0960127
0.0806648
0.0843923
0.0864828
0.107622
0.101684
0.0816323
0.0828525
0.10055
0.10119
0.0808108
0.0848968
0.0842308
0.0815308
0.0767707
0.0888439
0.0926148
0.0925769
0.102516
0.0933045
0.0787471
0.0892775
0.0873596
0.0848522
0.0920069
0.0905332
0.10131
0.0990795
0.0968273
0.0975021
0.0798073
0.0975238
0.0772592
0.0827162
0.0888159
0.0880721
0.0890335
0.0951443
0.0880685
0.102419
0.0799777
0.0882125
0.0802181
0.085919
0.0610216
0.0950874
0.0874575
0.0665995
0.0785268
0.0937932
0.106117
0.101877
0.0968145
0.0928964
0.0991476
0.106069