0.0683259
0.0903827
0.092321
0.113686
0.115786
0.111489
0.104285
0.130993
0.138392
0.185724
0.161427
0.180961
0.236755
0.321249
0.31735
0.352067
0.475194
0.47806
0.489255
0.509513
0.52799
0.512367
0.478619
0.474177
0.393761
0.370415
0.363536
0.348819
0.221726
0.21304
0.207223
0.177805
0.130175
0.108207
0.121714
0.0976984
0.115637
0.0970751
0.113608
0.0815583
0.0928717
0.0883478
0.109252
0.0862438
0.09944
0.0874468
0.0766491
0.0883563
0.0977857
0.0843197
0.0992242
0.0768217
0.0835214
0.0824585
0.102251
0.0741531
0.0857353
0.0970485
0.0769437
0.0846503
0.0797715
0.0794446
0.0871391
0.0915424
0.0817298
0.0850283
0.0923486
0.0823716
0.0839654
0.0932027
0.0908212
0.0900411
0.0831762
0.0850175
0.0691718
0.0874015
0.093515
0.0752391
0.0740998
0.0899653
0.0792636
0.0805877
0.102341
0.0694037
0.0730911
0.0779922
0.0942325
0.0892756
0.0885963
0.0855017
0.0917125
0.069894
0.0805883
0.106322
0.0885893
0.0873577
0.0872875
0.0762632
0.083811
0.0910079