0.0795477
0.106417
0.0900652
0.0824008
0.092728
0.107688
0.116423
0.120395
0.134841
0.148335
0.180102
0.239968
0.257329
0.345096
0.322538
0.354556
0.497104
0.507864
0.524154
0.464382
0.484478
0.506056
0.55254
0.448933
0.392817
0.402336
0.315635
0.320224
0.269723
0.235548
0.175486
0.155224
0.161884
0.127471
0.136752
0.115937
0.0962755
0.0980356
0.0819111
0.0988546
0.0995878
0.080206
0.0595683
0.106971
0.0874123
0.0868517
0.0803982
0.100877
0.0789587
0.0708702
0.0731347
0.0908006
0.0809786
0.0894459
0.0947049
0.085342
0.0968548
0.0886728
0.0710187
0.0755249
0.0746323
0.101914
0.0788503
0.081674
0.0872314
0.0754668
0.0851139
0.0911098
0.0814244
0.0807613
0.0831915
0.0753449
0.0801558
0.0877307
0.0872261
0.0801651
0.0692469
0.0699494
0.0753332
0.0845594
0.0927443
0.0969341
0.0830219
0.0909385
0.092228
0.0789456
0.088395
0.0936487
0.0855651
0.104235
0.080499
0.0762628
0.0679603
0.0903901
0.0764695
0.0952096
0.0697495
0.0916899
0.0915725
0.0762266