0.0940395
0.0933727
0.0741958
0.0884915
0.101173
0.0910375
0.0979511
0.138192
0.141903
0.164551
0.217981
0.225182
0.280041
0.278506
0.313199
0.431377
0.458205
0.44931
0.448541
0.534596
0.52615
0.497866
0.512969
0.445556
0.391107
0.364873
0.323205
0.272681
0.231721
0.207181
0.195249
0.152622
0.16214
0.125355
0.129899
0.0920541
0.0991436
0.103778
0.092559
0.112569
0.0784312
0.0876169
0.0852357
0.0790066
0.0832386
0.0824756
0.0815106
0.0831597
0.0827099
0.0933033
0.0961549
0.0938279
0.067576
0.088
0.0838645
0.0941469
0.0713198
0.0765822
0.107458
0.097441
0.0934909
0.0922379
0.078248
0.102209
0.0748065
0.0777695
0.0928918
0.0998965
0.0827085
0.109584
0.0873008
0.120301
0.101653
0.0838299
0.100992
0.0953161
0.0868366
0.079441
0.0835809
0.0774878
0.0808294
0.0785138
0.0899645
0.0771327
0.0760496
0.0778104
0.0814844
0.0658332
0.0981188
0.083892
0.0852025
0.0902191
0.0835952
0.0757804
0.103867
0.0815092
0.0935519
0.0919098
0.0958204
0.0947531