1696229487
481510867
2781610586
4270080670
1939525233
57781053
2569048489
2428369540
3639037455
1089600321
2892880279
2843387571
2977792979
3005313046
2617578783
1775411980
2966479392
2427112092
825844173
1060431021
1479205200
3624472157
2796103507
1925528755
1302375306
1451686410
69387849
2737791040
1267544092
1744902553
753041860
2957528136
1027034459
1854661669
2883894228
4170949140
307244864
3391684033
3310391778
2935097643
1199544326
885442492
2586995656
1912159869
8314556
1143462193
2635206978
1298675339
2470271866
3999899433
1907565311
1504510141
139185917
1978382839
286773804
3779322136
2898720291
3829465438
4228010828
3432938489
1858850995
4007968779
1146641350
736157656
1600713303
2994578689
3083592885
1790527131
4293864695
3798425129
3864878987
1125382409
3166208258
4144997861
643026782
796216192
1865962287
3947744004
1424376825
1166635399
3853077605
1153282020
2062138137
3781168846
3253080041
2864667962
2772382358
1789959330
3439995656
3566041488
4272515468
3425763747
3923772379
549007717
3825392944
1764520197
3919969284
3381111411
3996311615
2054722918
