0.00035089
0.0136348
0.00062321
0.012527
0.000142833
0.0120388
0.00156859
0.260756
0.0123406
0.00085627
0.921422
0.99764
0.00142374
0.20998
0.0008099
0.0417761
0.000685313
0.000296783
0.972438
0.963215
0.0111799
0.0388301
0.436373
0.96737
0.990406
0.172783
0.479476
0.00019232
1.99333e-06
0.02908
0.0121116
0.00028222
0.00168594
0.00183939
0.0399786
0.849061
0.000156573
0.00130383
0.00366495
0.00784233
0.00745248
0.00184483
5.912e-05
0.00169238
0.00146158
0.979273
0.000762553
0.000207043
0.000116107
0.00118868
1.50733e-05
0.00065487
1.94733e-05
0.000268593
0.000364443
0.000539113
0.000303827
0.35057
0.000476953
0.00470769
0.00804295
0.0156552
0.943199
0.00103051
4.84e-06
0.000243453
0.0441217
0.00120511
0.000534377
0.000744403
0.0948282
0.000719737
0.000188367
0.00017516
0.110439
0.000139487
0.259065
0.00122547
0.865483
0.880083
0.0083909
0.9024
0.0002562
0.00397263
0.00101232
0.000279963
0.00063165
0.00946983
0.973709
6.239e-05
0.0161524
0.00826494
0.00281847
0.0132186
0.000272853
0.0034875
0.00058744
0.000284707
0.000121787
0.00735915