0.309734
0.000794093
0.00672791
0.00607076
0.188679
0.775002
0.0116018
0.00609403
0.00055974
0.0106661
0.413814
0.932324
0.33675
0.0282065
0.00466717
0.000539847
0.0242642
0.480166
0.197683
0.978437
0.0111344
0.511802
0.0151638
0.00204255
0.722808
0.0404141
0.99159
0.00025382
0.0750228
0.0130579
0.0168782
0.000711797
0.0289774
0.0466114
0.0107857
0.0142248
0.181149
0.0431462
0.715596
0.00022807
0.0931056
0.0419566
0.0477361
0.00112755
0.00557183
0.0574376
0.00109274
0.000240793
0.00568503
0.873139
0.492241
0.0107182
0.00211235
0.036768
0.0768445
0.0815865
0.00329435
0.000563757
0.00227129
0.00205166
0.0126014
0.00878119
0.00122558
0.0158951
4.57e-06
0.000471487
0.00290643
0.0136064
0.639993
0.0215581
0.0344118
0.00237199
0.00136754
0.628749
0.00343389
0.000171437
0.968697
0.109579
0.00235141
0.0127358
0.0124541
0.00732818
0.00132505
0.00155294
0.221685
0.428769
0.0754984
0.559579
0.0276343
0.0501212
0.276274
0.370944
0.0972976
0.178162
0.0125532
0.10111
0.00684239
0.000413643
0.0424358
0.0571842