0.00547826
0.0127245
0.00108745
0.211368
0.00214067
0.0605322
0.414519
0.285104
0.00877796
0.010159
0.362239
0.527026
0.180113
0.702017
0.011877
0.0180173
0.497111
0.00950086
0.0114018
0.100748
0.0275166
0.748113
0.0737085
0.304672
0.482643
0.209255
0.107988
0.304302
0.301008
0.234501
0.0500191
0.089747
0.642024
0.327111
0.70766
0.06139
0.318702
0.0953339
0.0266576
0.0566858
0.00155665
0.126515
0.279203
0.0468147
0.0115731
0.0794099
0.0239937
0.00463878
0.0190256
0.0187498
0.00612953
0.0441297
0.108747
0.0656058
0.0222157
0.44888
0.00173207
0.0302685
0.00801212
0.00383986
0.213904
0.0111407
0.0829879
0.578162
0.00883152
0.389049
0.167394
0.0675836
0.118261
0.00670463
0.219656
0.0497768
0.018325
0.100511
0.0428248
0.127979
0.0193002
0.135289
0.65096
0.148265
0.0400344
0.0347789
0.116081
0.0209147
0.00466189
0.0321372
0.0105171
0.285322
0.0644927
0.0779336
0.014221
0.312586
0.00147854
0.0245725
0.137976
0.428924
0.0188924
0.104087
0.100797
0.0606683