0.927905
0.666959
0.00267563
0.0102655
0.112318
0.000254757
0.83975
0.00612952
0.749542
0.00130422
0.836933
0.292851
0.155999
0.0143652
0.95179
0.00963502
0.00953396
0.0278207
0.983994
0.818292
0.057671
0.0409206
0.000596917
0.422689
0.923061
0.00819361
0.0524898
0.802416
0.129004
0.011515
0.00110861
0.0500463
0.938193
0.00919995
0.0188313
0.00217856
0.693581
0.00225165
0.00132739
0.0098454
0.0435521
0.00197069
0.0257681
0.00278283
0.0088434
0.00247267
0.00436717
0.00210874
0.00026742
0.0064586
0.000705383
0.0100264
0.00056952
0.0102249
0.00338682
0.0091747
0.00253878
0.0030828
0.0129087
0.00044787
0.0791016
0.0224672
0.00082703
0.00833706
0.0076152
4.701e-05
0.413981
0.0724152
0.000445107
0.00334152
0.0375059
0.0382278
0.00108439
0.398396
0.0150697
0.0193659
0.555642
0.227443
0.00356606
0.00733751
0.0181592
0.000955783
0.000282813
0.0222285
0.100983
0.0157746
0.103645
0.194592
0.0194194
0.66621
0.0642821
0.0353301
0.00202501
0.00208373
0.00300095
0.00023094
0.0056184
0.0494529
0.0379084
0.000504843