0.00364699
0.702949
0.00365713
0.120557
0.303567
0.838472
0.122695
0.0468732
0.146791
0.108538
0.0180954
0.066441
0.165354
0.126449
0.0630398
0.0255427
0.396569
0.69008
0.214886
0.734743
0.0318549
0.777466
0.617307
0.0166714
0.102313
0.0344366
0.0971145
0.0161528
0.698064
0.190628
0.00426826
0.00261602
0.0441402
0.0236106
0.00607781
0.00255744
0.00629177
0.225724
0.000607907
0.00122088
0.0268996
0.00383
0.0140284
0.0731172
0.0015332
0.181733
0.00179317
0.0123802
0.373256
0.0844015
0.00727026
0.0386104
0.0331596
0.800242
0.0543351
0.542616
0.0119835
0.448766
0.809435
0.138339
0.00822425
0.0889058
0.0120218
0.00666761
0.460322
0.0809838
0.0340181
0.0719579
0.643564
0.00345184
0.0252298
0.294675
0.00683474
0.0137584
0.0688806
0.00128101
0.00673238
0.00604716
0.0475387
0.041227
0.0906664
0.00256915
0.014836
0.209722
0.182048
0.000314503
0.0268761
0.0183205
0.0254359
0.135437
0.0675987
0.00184881
0.0017021
0.316892
0.326064
0.00156872
0.0834099
0.0244728
0.0266003
0.0654967