0.00801926
0.00592031
0.000940683
1.263e-05
0.0346152
0.0396767
0.554962
0.587996
0.00292651
0.0013588
0.0420756
0.00846978
0.00399004
0.0130795
0.840617
0.947466
0.844221
0.0151879
0.929464
0.116103
0.0193578
0.288533
0.0352325
0.196234
0.0368126
0.98394
0.00566734
0.0470304
0.291507
0.960441
0.682424
0.260079
0.804979
0.935721
0.675619
0.000985923
0.00406492
0.00449999
0.403515
0.00661844
0.0084505
0.00101883
0.066694
0.0761786
0.00829789
0.0127454
0.00578636
0.000480627
0.0201374
0.00744485
0.00215247
0.15265
0.00459053
0.0944051
0.0704474
2.05833e-05
0.000669767
0.130608
0.00914874
0.00120181
0.00493827
0.000114807
0.00333758
0.148973
0.478596
0.0608251
0.0533224
0.00424869
0.0237719
0.0275492
0.134754
0.0035917
0.00664229
0.0679115
0.000718527
5.996e-05
0.0658999
0.000334767
0.00423777
0.00243942
0.069686
0.000607663
0.0940487
0.012221
0.00480993
0.867703
0.0867006
0.00145997
0.117283
0.0105606
0.0568086
0.028173
0.00170699
0.00331092
0.00224551
0.222205
0.00838946
0.00470136
0.00160415
1.629e-05