0.00687361
0.00069981
0.00097413
0.877728
0.32511
0.000858093
0.00749398
0.00641321
0.0037307
0.00328798
0.0361305
0.0762909
0.020074
0.970822
0.0229785
0.0009763
0.00149206
0.27226
0.0259898
0.0235702
0.00582839
0.992057
0.00697814
0.99594
0.052039
0.98424
0.961375
0.000613497
0.460367
0.00643841
0.958585
0.262236
0.00156396
0.047852
0.0900378
0.0100142
0.219521
0.00645467
0.00092525
0.00213784
0.00197291
0.0286766
0.00881574
0.00360508
0.00221996
0.00031511
0.0107754
0.000202603
0.569037
0.0183604
0.000633443
0.0809181
0.001177
0.0110679
7.49733e-05
0.00163673
0.270037
0.00923028
0.0086117
0.000731693
0.731936
0.0138178
0.0622665
0.00318113
0.0250667
0.477356
0.0217287
0.0293695
0.000589237
0.000651127
0.000326933
0.00217524
0.012897
0.00459543
0.048191
0.91266
0.498173
0.0040575
0.000802963
0.161764
0.962322
0.0335455
0.0065602
0.00461408
0.000523137
0.989431
0.000456967
0.000523237
0.000866067
0.0187204
0.00028618
0.0202021
0.00645523
0.151757
0.00227082
0.00014368
0.00711491
0.00159397
0.00308772
0.000863223