2.417e-05
0.180222
0.00082185
0.000958723
0.0120781
0.239922
2.31267e-05
0.00080188
0.00076727
0.00036627
0.00106748
0.000368983
0.98451
0.00774923
0.0131761
0.0228973
0.9532
0.93996
0.991758
0.0295299
0.00031268
0.00807525
0.0194141
0.822619
0.975931
0.0375099
0.0162923
4.392e-05
0.00230551
0.584996
5.34867e-05
0.929096
0.00113966
0.00087022
0.0222724
5.73e-06
0.00345801
1.43333e-07
0.00269767
0.322096
0.0133217
3.05867e-05
0.00298387
0.983899
0.815282
6.69067e-05
0.0140611
0.973947
0.00367832
0.0115885
0.0150123
0.0102525
8.33667e-06
0.000407173
0.0873141
0.00253082
0.00036356
0.000731923
0.00856047
0.00053646
0.00333003
0.00483534
9.817e-05
0.00202842
0.000170003
0.00243508
0.0701373
0.000240557
4.47233e-05
0.000184437
3.31133e-05
0.757803
0.00312614
0.0139503
0.0133084
0.000272243
0.0026627
0.000185307
8.15367e-05
0.0107956
0.34349
0.0500581
0.000621693
0.331039
0.970456
8.33733e-05
0.985575
8.42e-05
0.00134464
0.000563427
0.0153449
0.0086611
0.28789
0.0374091
0.0054326
3.07667e-06
0.00153122
7.429e-05
0.00017775
0.000470083