0.00568816
0.00681051
0.783877
0.0754352
0.0608255
0.549817
0.00278075
0.00371631
0.0133847
0.00600599
0.163998
0.0381417
0.0375935
0.0607197
0.895066
0.625382
0.728573
0.00399025
0.3324
0.00074491
0.546219
0.443623
0.0108287
0.439497
0.00224818
0.0803475
0.00347995
0.120226
0.617295
0.127795
0.182742
0.0785229
0.086327
0.0559726
0.0879694
0.814102
0.0106497
0.00112438
0.0308049
0.0584075
9.507e-05
0.0530592
0.00368314
0.00690196
0.00504345
0.00361016
0.0713076
0.316592
0.0462789
0.0375983
0.0403304
0.00978284
0.606157
0.142044
0.00294131
0.0188144
0.0547046
0.0331391
0.0272234
0.00288737
0.0998884
0.0002652
0.00181705
0.0178077
0.00313604
0.0118178
0.0289051
0.0138168
0.0338568
0.804475
0.00329015
0.235431
0.00341646
0.571711
0.00227949
0.811829
0.0384327
0.0321279
0.0216266
0.201752
0.000814103
0.131441
0.0781419
0.0914197
0.000934097
0.0376169
0.00195105
0.252927
0.00550451
0.560568
0.00654605
0.121236
0.0677666
0.0399209
0.0465391
0.0022336
0.163127
0.0140883
0.224065
0.54015