0.0263474
0.000781927
0.389286
0.000389407
0.0420485
0.103295
0.315445
0.00462856
0.0403194
0.122994
0.695112
0.886622
0.934037
0.000224093
0.871088
0.074269
0.00511203
0.0381825
0.0414213
0.0355568
0.00275321
0.103095
0.236143
0.940825
0.00828128
0.0325191
0.0010458
0.0161309
0.272005
0.00116302
0.0197421
0.0243983
0.00293838
0.209268
0.0168692
0.0115382
0.00212889
0.0100841
0.0183114
0.00165548
0.0181036
0.172556
0.118917
0.103729
0.0309368
0.00926878
0.706127
0.0443973
0.00634018
0.00157919
0.024413
0.0404862
0.00111998
0.0413847
0.000904333
0.00182092
0.756415
0.125503
0.0200132
0.0992073
0.00362757
0.701303
0.00590129
0.00866413
0.0656918
0.00469169
0.00231677
0.703405
0.250762
0.0240359
0.00146634
0.00421927
0.898005
0.00308343
0.0112788
0.422042
0.0103763
0.00275627
0.0140798
0.416662
0.00423627
0.00666133
0.0629442
0.0153196
0.00271164
0.0547797
0.00539568
0.0564186
0.00382281
0.131783
0.0174468
0.954808
0.00733331
0.849909
0.00403558
0.0189965
0.15923
0.00371828
0.0117794
0.193025