0.151708
0.000315417
0.0307695
0.0168971
0.0148217
0.00138022
0.657089
0.664034
0.0158777
0.571268
0.853225
0.00899559
0.00267121
0.0109586
0.955566
0.26587
0.00971587
0.0275913
0.0589995
0.883431
0.0979885
0.116162
0.054488
0.327224
0.0252076
0.969149
0.763488
0.00836168
0.691164
0.00160247
0.00677535
0.0566952
0.00207747
0.167473
0.823281
0.0364786
0.000325533
2.721e-05
0.420985
0.00100827
0.00836228
0.0144327
0.00042033
0.0152818
0.00693811
0.451026
0.0012307
0.0008212
0.00234601
0.244734
0.00327323
0.0017554
0.00192362
0.0052565
0.128515
0.793815
0.026101
0.00839429
0.190989
0.00102704
0.026777
0.0722847
0.132555
0.0437101
0.000343453
0.0192077
0.0259923
0.0211203
0.0118308
0.0133176
0.00359397
0.000310083
0.00567343
0.00471142
0.0219323
0.270693
0.00183465
0.00015306
0.155726
0.89093
0.000819997
0.00565305
0.0222921
0.0126379
0.00524607
0.00542519
0.062348
0.0582662
2.70267e-05
0.942858
0.0387571
3.18867e-05
0.00973565
0.00347921
0.00427837
0.0537753
0.214502
0.035992
0.00168224
0.121704