0.00834102
0.00151583
0.028874
0.292186
0.0778176
0.0117797
0.0203279
0.00499933
0.0126933
0.0879265
0.0936441
0.0202026
0.0202219
0.783626
0.435729
0.00433954
0.577795
0.0925933
0.00258843
0.774688
0.00365388
0.0106374
0.287661
0.0548636
0.163752
0.0568841
0.116204
0.266055
0.0312732
0.743919
0.0183108
0.0394512
0.0122334
0.000271313
0.00672015
0.00957164
0.0883455
0.00590572
0.0116251
0.0399601
0.00248039
0.0151612
0.0793493
0.0123098
0.00305392
0.00191855
0.0011977
0.0474058
0.246966
0.00398761
0.0420723
0.008185
0.0895671
0.0246335
0.00545756
0.673227
0.483343
0.701799
0.0180916
0.0214168
0.0229387
0.00179175
0.0371873
0.0856713
0.00234338
0.00328945
0.00325095
0.0330804
0.0004037
0.44368
0.00254757
0.0316015
0.151082
0.0337541
0.0906748
0.127436
0.03037
0.0219063
0.0285165
0.0220106
0.0373658
0.0120011
0.00732849
0.07956
0.333435
0.00078779
0.0498767
0.772403
0.955411
0.0183682
0.0179057
0.95244
0.724547
0.00162541
0.00248208
0.378554
0.327693
0.00256196
0.608789
0.742517