0.137918
0.00068184
0.0029757
0.648441
0.244306
0.0328636
0.377175
0.128439
0.156733
0.00103768
0.017955
0.00133
0.272779
0.0142532
0.115015
0.254377
0.0279884
0.0960161
0.108769
0.0352575
0.877461
0.000205243
0.00254861
0.0065997
0.226312
0.0420184
0.789883
0.043613
0.0245984
0.00198782
0.620705
0.0786322
0.280078
0.721069
0.00485537
0.315351
0.00400728
0.0311113
0.0516396
0.281395
0.0276774
0.506889
0.430748
0.00550106
0.0232513
0.015197
0.0014886
0.00162287
0.00266031
0.0080315
0.0121223
0.156316
0.00540291
0.21913
0.0458696
0.0127114
0.00259825
0.0369366
0.00633763
0.679485
0.0118911
0.0181497
0.665516
0.00120937
0.96015
0.318236
0.0761931
0.0486784
0.0216466
0.00715003
0.00056425
0.00141689
0.107026
0.00046186
0.048183
0.0085419
0.00138714
0.00704197
0.004318
0.861399
0.00545649
0.00174167
0.176187
0.050856
0.0345543
0.00015291
0.000136683
0.226175
0.408597
0.0618539
0.0123057
0.072142
0.000282327
0.000831723
0.0124175
0.413785
0.00184346
0.0590383
0.197258
0.816868