0.00151156
0.0032588
2.48467e-05
1.09033e-05
0.0238526
0.000286973
0.0367064
0.000775617
0.0189792
0.00079233
0.0188251
3.07967e-05
0.938002
0.00704462
0.00175693
0.302233
0.0337869
0.84889
0.001248
0.0271916
0.993996
0.806983
0.0018154
0.000228257
0.00162673
0.00482899
0.0089538
0.0808469
3.24767e-05
0.041386
0.00540944
0.000146453
1.322e-05
0.178999
0.98845
0.0106424
0.000642753
0.896753
0.00700303
0.00187374
0.00061428
0.00091452
0.000191653
0.013412
0.004266
0.00071687
2.62e-06
0.000137613
8.87667e-06
4.51467e-05
0.119601
0.00173317
0.00224933
0.00188703
0.00473487
0.00111612
0.000437157
0.949126
0.000344697
7.30933e-05
0.835983
0.00300967
0.986141
0.000624253
0.000675183
0.0845836
0.00861114
0.066219
0.00441975
0.000279467
0.00125533
0.00897565
0.000565113
0.00309045
7.18e-06
2.812e-05
0.000283593
5.55433e-05
4.84333e-06
0.00122857
0.00226553
0.000181397
0.00262155
0.00253943
0.953483
0.0043817
0.00239221
4.782e-05
0.0235446
0.0023832
0.945243
0.00010591
0.903692
0.992494
0.762061
0.00558015
0.00320894
0.989388
0.000857707
3.946e-05