0.306896
0.00924633
0.00247711
0.0125871
0.0856431
0.00051775
0.989175
0.0512746
0.00257587
0.0340589
0.00621781
0.000149873
0.0128765
0.00188809
0.0421582
0.0185881
0.214149
0.0846236
0.0108048
0.0104178
0.0110515
8.48067e-05
0.000752733
0.00955318
0.00137724
0.93769
0.970621
0.528993
0.05083
0.00302056
0.00907973
0.0001643
7.076e-05
0.0572486
0.00252316
0.0146698
2.86267e-05
0.634376
0.000647653
0.00200543
0.00115248
0.0400135
0.58566
0.0166237
0.868912
0.279888
0.000476453
0.00942989
0.000484813
0.00010724
0.00110432
0.00134759
0.0018865
4.87567e-05
0.0102348
0.000253277
0.000762967
0.00048466
0.00561318
0.000157153
0.00136332
0.00109731
0.000999557
0.00214862
0.680355
0.0362335
0.0597225
0.937611
0.00174437
0.0136693
0.00287175
0.000329023
0.964791
0.0318279
0.124084
0.00759275
0.0172336
0.0500768
0.876755
0.162214
0.913786
5.72133e-05
0.00454334
0.994873
0.998207
0.000741573
0.00423566
0.00239684
0.00201134
0.00647269
2.697e-05
0.00180195
0.987897
0.00312936
0.00615434
0.000745423
0.00257612
0.00045601
0.136788
0.00462567