0.0465046
0.1321
0.0208997
0.00250108
0.00154289
0.000304357
0.106631
0.0286751
0.171711
0.926142
0.00041556
0.0287985
0.0443989
0.381757
0.0210454
0.00457168
0.00272773
0.2446
0.904632
0.757177
0.047953
0.94706
0.015451
0.884323
0.000743797
0.87263
0.00341063
0.00653141
0.0169415
0.00288553
0.905728
0.00941346
0.00065256
0.297088
0.0351842
0.000667017
0.0177842
0.0471904
0.0285902
0.704701
0.00266934
0.00113784
0.00135368
0.000650797
0.921731
0.248942
0.000216353
0.00166085
0.0191668
0.0165857
0.00112171
0.00274694
0.00288653
0.000179567
0.0801322
0.00246263
0.0155364
0.0987632
0.0392801
0.00124327
0.0677956
0.0332236
0.00510054
0.0056169
0.764167
0.00935146
0.0825105
0.24662
0.00111212
0.00381997
0.00482486
0.0295513
0.0190251
0.00431806
0.256129
0.00331151
0.0059252
0.047971
0.0149147
0.0583756
0.800449
0.00842597
0.0469292
0.000968593
0.0022194
0.933133
0.0465858
0.00111263
0.00230176
0.909124
0.00568214
0.181739
0.0212387
0.0371466
0.000493537
0.000116593
0.00274679
0.172722
0.000775237
0.0318966