0.00998568
0.0221581
0.175461
0.00187854
0.00110693
0.0017256
0.000133127
0.42616
0.00101041
0.334876
0.0884238
0.0069669
0.611135
0.840524
0.273617
0.0145406
0.123606
0.938639
0.0150897
0.0247485
0.0555037
0.213579
0.582329
0.00661207
0.705002
0.71204
0.628687
0.042552
0.300183
0.158361
0.713382
0.00127698
0.361172
0.109966
0.00103138
0.0239448
0.179358
0.0615159
0.614931
0.312526
0.0273527
0.0142494
0.0360028
0.200263
0.0210375
0.0949838
0.00237141
0.00193881
0.0365958
0.00674383
0.0193658
0.00724304
0.758978
0.000860137
0.220374
0.011461
0.02627
0.00118549
0.00810828
0.00107516
0.0126144
0.170583
0.0241014
0.0202884
0.03732
0.00152289
0.00545115
0.157719
0.00408981
0.00183788
0.0466847
0.415734
0.0758613
0.0040617
0.235039
0.0132764
0.0058044
0.00506767
0.0463512
0.0268825
0.0059295
0.700575
0.00190109
0.00453333
0.294662
0.607976
0.0110867
0.00539445
0.00104567
0.0858748
0.0155496
0.478958
0.00346811
0.00625785
0.0801056
0.0185623
0.0249367
0.00153016
0.00115644
0.148008