0.00431767
0.0113977
0.0175526
0.010157
0.00033475
0.586594
0.00183847
0.0007034
0.0531821
0.0145635
0.695846
0.0321668
0.0209848
0.846248
0.37082
0.874246
0.593056
0.645126
0.747586
0.101023
0.0526709
0.0189111
0.145346
0.130131
0.103773
0.0124927
0.307692
0.123085
0.0575542
0.0347673
0.427976
0.376326
0.0210244
0.0113747
0.0305965
0.244348
0.00769667
0.0421184
0.46369
0.0363425
0.00451345
0.0158946
0.0099331
0.587904
0.650589
0.0339526
0.0592937
0.0512143
0.00377163
0.362598
0.716196
0.255336
0.103241
0.111745
0.0032232
0.194049
0.0422718
0.0312315
0.0983916
0.254093
0.0355375
0.00989814
0.000163743
0.226889
0.0634357
0.475532
0.0134564
0.00519512
0.270534
0.0251532
0.00519779
0.0382569
0.0476521
0.468943
0.155182
0.00474637
0.0186439
0.224664
0.0128851
0.222957
0.000921933
0.0775085
0.00024542
0.0194829
0.0202265
0.0782945
0.0328894
0.00026977
0.0404794
0.0216114
0.0226801
0.13055
0.00105075
0.000364607
0.119972
0.00408232
0.119006
0.0872919
0.000612663
0.0324377