0.515685
0.0151482
0.00129667
0.0236727
0.010236
0.00269802
0.2138
0.891582
0.00435754
0.117828
0.938295
0.817791
0.527843
0.00313456
0.0214128
0.0109665
0.00192483
0.305965
0.0170802
0.0379838
0.0082281
0.0403387
0.266098
0.944494
0.286324
0.683319
0.00757266
0.124703
0.740168
0.00197837
0.947954
0.00954837
0.00363134
0.197097
0.000280433
0.00866856
0.0217722
0.00175833
0.0781291
0.00019141
0.0482
0.00105237
0.0360576
0.00399189
0.00141168
0.00028927
0.0102046
0.00010232
0.000665357
0.0915823
0.0268031
2.933e-05
0.0226807
0.000407773
0.883758
0.0595411
0.0127929
0.244844
0.000103533
0.0145197
0.000749807
0.14298
0.00037562
0.053702
0.0014461
0.0759104
0.039141
7.33767e-05
0.00219722
0.00601294
0.71649
0.00353841
0.0035908
0.962912
0.00261961
0.0268285
0.00850576
0.00227716
0.00626193
0.0252081
0.012325
0.00164818
0.773393
0.873154
0.000746263
0.0026166
0.0174929
0.0186714
0.00869335
0.000286337
0.00227693
0.0242429
0.754079
0.0233342
0.00497646
0.0307789
0.0343257
0.0243199
9.30867e-05
0.00173197