0.00756463
0.0154402
0.0668776
0.0624917
0.0120564
0.236638
0.012265
0.0728074
0.0987068
0.72685
0.047692
0.0647536
0.295913
0.0978726
0.125453
0.0318551
0.0791049
0.0167136
0.021706
0.66085
0.0882221
0.0244294
0.0163084
0.187384
0.878132
0.728036
0.0235814
0.0951678
0.22807
0.0757967
0.0487984
0.747339
0.16509
0.629214
0.324888
0.539602
0.0111627
0.0169293
0.0141227
0.00215973
0.0108191
0.173482
0.214877
0.064564
0.00112076
0.00183675
0.046645
0.296192
0.00225914
0.0626268
0.0080756
0.00670636
0.0502788
0.470599
0.0792493
0.0989907
0.0110462
0.0718026
0.739071
0.210891
0.0920997
0.0369908
0.0656577
0.788608
0.129949
0.00355772
0.0503594
0.000422883
0.0210096
0.00636478
0.00729342
0.10144
0.0280146
0.000287753
0.100329
0.00963466
0.00377947
0.018492
0.0053822
1.136e-05
0.0146314
0.01496
0.0750058
0.0401339
0.00647604
0.0490707
0.0595502
0.752571
0.749945
0.0949206
0.000959053
0.00129324
0.00712073
0.00585057
0.0569204
0.058797
0.0147637
0.635887
0.664846
0.00743512