0.00463477
0.0542857
0.0419901
0.182043
0.244127
0.244286
0.00624358
0.0541423
0.196287
0.239692
0.193869
0.111304
0.334883
0.00995825
0.793051
0.215588
0.755541
0.00158273
0.0109928
0.692239
0.110475
0.475239
0.195396
0.125111
0.834473
0.355972
0.232299
0.02139
0.209646
0.175022
0.291384
0.00265129
0.171948
0.27533
0.380743
0.108134
0.00062129
0.241775
0.00059325
0.0601544
0.0182302
0.29965
0.00555054
0.00070733
0.00285447
0.00031235
0.126795
0.208489
0.00079153
0.136628
0.196971
0.140577
0.0694972
0.0310334
0.484921
0.00449101
0.349107
0.000142413
0.31402
0.0656346
0.347955
0.0182048
0.00264038
0.0108603
0.0501607
0.204529
0.0649852
0.0476592
0.000174957
0.142548
0.00301582
0.342735
0.00112402
0.00565437
0.0671584
0.00114171
0.2866
0.00281431
0.026082
0.095054
0.027534
0.0276643
0.206377
0.00100141
0.0931757
0.107439
0.0560206
0.269388
0.00473912
0.128996
0.340411
0.0872221
0.00453558
0.0638467
0.00191851
0.0229886
0.0142718
0.0049322
0.122367
0.58257