0.00121455
0.00181314
0.000585223
0.990433
0.985914
0.95923
0.00304395
0.000156497
0.00016342
0.0896307
0.00108203
0.000882373
0.0221291
0.884601
0.00840497
0.00102897
0.722854
0.384682
0.00730742
0.00327327
0.0327075
0.0220184
0.0145439
0.36787
0.87399
0.282857
0.0456248
0.0163324
0.00228912
0.00054498
0.00765893
0.00232706
0.00122861
0.00012588
0.00177426
0.277766
0.0205601
0.50832
0.00281411
3.963e-05
0.269217
0.722048
0.000628753
0.440863
0.00184518
0.00507493
0.504343
0.0867556
0.000256057
0.983149
0.00625303
0.818564
0.0481344
0.0016342
0.000697173
0.00127012
0.0864546
0.791635
0.00797553
9.45133e-05
0.0453424
0.395619
0.00949726
0.144182
0.00160813
0.00530858
0.000359643
0.0175474
0.053392
0.0028558
0.103426
0.0457366
0.00335287
0.00054839
0.230084
0.000118507
0.0241088
0.0101438
0.00798564
0.00474556
0.000386143
0.434082
0.00611662
0.00925753
0.00331734
0.00629433
0.00092376
0.985681
0.00898837
0.0109558
0.0170499
0.000446837
0.00892416
0.0499745
0.000138737
0.018633
0.00105925
0.000166957
0.00442192
0.000506077