0.000767803
0.00115491
0.000256203
0.000662897
0.927836
0.000608837
0.00436882
0.00423285
9.899e-05
0.984101
0.0344366
2.169e-05
0.970144
0.03609
0.00289495
0.00228763
0.00253713
0.972969
0.0563203
0.000872937
0.321338
0.573761
0.012574
0.000717193
0.787665
0.00208574
0.319336
0.444495
0.0107922
0.0484325
0.0111012
0.0614006
0.138027
0.00244078
0.225765
0.0004291
0.00712319
0.0139089
0.0157113
0.00169054
0.00124332
0.790425
0.0851249
0.00474522
0.000897443
0.00060544
0.146686
0.0648333
0.128014
0.0111856
0.193369
0.017085
0.418247
0.00106626
0.332121
0.00011718
0.0769304
0.862497
0.189609
0.0119003
0.000961923
0.112145
0.00045987
0.00371648
0.335307
0.00723896
0.00130294
0.110723
0.000195603
0.892648
0.0012207
0.00158102
0.0315555
0.000203157
0.990872
0.0353823
0.00255841
0.0396658
0.017371
0.00506637
0.101895
0.959509
7.73333e-05
3.64333e-05
0.140095
0.0350202
0.000137437
0.000558043
0.0610776
0.446314
0.00951083
0.00909142
0.0133279
0.00782057
5.16667e-05
0.000752183
0.0159114
0.0946928
0.00025803
0.175527