0.209473
0.00663591
0.0100705
6.40467e-05
0.0251254
0.0021458
0.00488751
0.00673296
0.0583129
0.0338596
0.0695427
0.021297
0.0261744
0.0318145
0.684494
0.96676
0.0120781
0.872594
0.201956
0.00200945
0.344252
0.0205957
0.237256
0.117964
0.708983
0.94631
0.0714324
0.0784486
0.00272126
0.427551
0.390644
0.733167
0.949566
0.0188641
0.101795
0.0120687
0.00373653
0.761721
0.0463822
0.00350936
0.0012642
0.0103407
0.0329358
0.281389
0.0678117
0.202282
0.284488
0.185512
0.00438996
0.000107547
0.00090045
0.0382795
0.00402321
0.0362746
0.0143553
0.00269263
0.0114468
0.00021195
0.00153801
0.00090881
0.0268245
0.025535
0.0840744
0.000828197
0.0141764
0.0052031
0.00379995
0.704627
0.0209449
0.742185
0.0263996
0.00604774
0.0661031
0.0116033
0.0432521
0.000709613
0.00857863
0.0109198
0.0562136
0.0785948
0.0102801
0.000468827
0.0465538
0.00555966
0.00124149
0.943096
0.00143106
0.0306545
0.0147432
0.953542
0.228686
0.00813582
0.138005
0.00019452
0.0220181
0.00154433
0.121064
0.015789
0.0988892
0.0173346