0.718835
0.189024
0.00015979
0.509205
0.0140714
0.00769622
0.000617753
0.654848
8.12867e-05
0.0768096
0.605049
0.00786224
0.00475156
0.0532673
0.029802
0.705257
0.0250716
0.00510256
0.238501
0.851476
0.103618
0.00215228
0.103526
0.144417
0.998087
0.0158096
0.00502033
0.000415433
0.0008695
0.0919682
0.000168673
0.00490097
0.013325
0.00762138
0.0140208
0.0402004
0.0212271
0.00157609
0.000115063
0.850884
0.159913
0.00097757
0.00385999
0.00156972
0.00452048
0.00034029
0.0123948
0.00258593
0.00974792
0.00923186
0.00720462
0.00644748
0.128599
0.00105942
0.12775
0.727029
0.154671
0.0093542
0.00168074
0.00315395
3.342e-05
2.571e-05
0.00097322
0.714512
0.00052858
0.00945273
0.00307144
0.00545794
0.00172559
0.000294227
0.00623943
0.00974968
0.00267
0.146738
0.0331053
0.00041082
0.00136569
0.822839
0.911393
0.0577878
0.000134737
0.00707465
0.129902
0.0614556
0.000398577
0.0061338
0.0708386
0.657115
0.0256763
0.000395537
0.378542
0.82688
0.00043256
0.741901
0.307261
0.495398
0.00257887
0.00227204
0.0622562
0.00547792