0.165587
0.0162884
0.0172468
0.214912
0.000608747
0.0288091
0.463905
0.0449366
0.348152
0.573714
0.159075
0.158529
0.449265
0.323169
0.436293
0.00273956
0.564647
0.0848164
0.499576
0.0284997
0.0584638
0.019021
0.818117
0.61918
0.148257
0.222564
0.112247
0.0236985
0.81426
0.0182258
0.0894368
0.324212
0.00973589
0.0111077
0.329026
0.0208907
0.00266138
0.464692
0.00548991
0.00559961
0.00873676
0.0622377
0.0159942
0.0299147
0.148765
0.00128868
0.032655
0.0202958
0.00896053
0.00632498
0.00528444
0.321028
0.00971442
0.073705
0.324077
0.000112167
0.163533
0.0170748
0.00526621
0.0779181
0.0028117
0.00972348
0.430542
0.0436071
0.343498
0.0783577
8.483e-05
0.00052256
0.0177986
0.0150552
0.0271258
0.0101957
0.00667921
0.152704
0.0383233
0.476686
0.0195621
0.352805
0.626261
0.0296019
0.00323418
0.368333
0.200317
0.0851982
0.0260467
0.258463
0.0277142
0.0128278
0.0190694
0.01458
0.0031166
0.104864
0.0997147
0.0020109
0.401864
0.00500632
0.070737
0.0947293
0.117461
0.372224