0.00858453
0.0476101
0.0147215
0.00855313
0.234169
0.0285403
0.145832
0.0165371
0.297171
0.005577
0.138601
0.155868
0.93421
0.00958613
0.382588
0.115523
0.326176
0.029223
0.957706
0.23975
0.1811
0.0074704
0.84174
0.217842
0.0890307
0.011288
0.84749
0.267719
0.628752
0.0201486
0.00414537
0.400898
0.461124
0.0111416
0.0311486
0.0154584
0.00320349
0.0052297
0.385651
0.000411227
3.64633e-05
0.0263835
0.142213
0.374863
0.00631053
0.659984
0.000278843
0.00096559
0.199292
0.091073
0.0116328
0.00147368
0.0359088
0.00523626
0.0491027
0.12216
0.2803
0.0232418
0.0106132
0.0317737
0.153949
0.90647
0.0130264
0.477329
0.00313534
0.00128952
6.40467e-05
0.601137
0.0884006
0.257341
0.117255
0.0527925
0.0286173
0.00950039
0.0861018
0.00941831
0.00664746
0.0524043
0.000245537
0.00029108
0.00371278
0.160992
0.0808036
0.0159359
0.0205071
0.0026446
0.0527491
0.0200467
0.124914
0.0127923
0.223486
0.012838
0.0653599
0.220238
0.000201997
0.435149
0.0270763
0.00526855
0.0466849
0.00282035