0.0645873
0.0206735
0.0294406
0.00558613
0.109921
0.155041
0.00786326
0.032783
0.0107389
0.109923
0.360477
0.0273848
0.00454881
0.123314
0.0399147
0.250091
0.219037
0.428868
0.198974
0.344961
0.158048
0.158739
0.386469
0.749229
0.0167449
0.0419169
0.195688
0.457496
0.00837808
0.0237008
0.0382126
0.137008
0.00459606
0.0766253
0.149942
0.0294625
0.00873256
0.00137391
0.241902
0.298368
0.124589
0.024423
0.476915
0.0342505
0.57974
0.0568546
0.209057
0.508599
0.284016
0.042212
0.0126134
0.209344
0.0347718
0.114025
0.181212
0.133215
0.724068
0.026496
0.0368094
0.30153
0.0163129
0.0386244
0.0885551
0.0163081
0.0750891
0.00142559
0.313597
0.264026
0.00109814
0.0205288
0.208678
0.00307646
0.00337701
0.0633963
0.575784
0.0884571
0.000295947
0.00106151
0.0356301
0.115159
0.144965
0.00386842
0.24403
0.0345596
0.0996714
0.0946463
0.0105044
0.0827978
0.012732
0.733904
0.051803
0.00523748
0.656925
0.037799
0.0270881
0.226207
0.603308
0.109147
0.0470167
0.00181012