0.0302682
0.0411378
0.643605
0.0206274
0.104723
0.132257
0.348163
0.0306743
0.0439414
0.438285
0.565722
0.0175118
0.0417522
0.471753
0.555853
0.0463003
0.158906
0.175875
0.125987
0.0127105
0.376592
0.00502128
0.274596
0.534743
0.0859817
0.00833692
0.0110703
0.197864
0.0137556
0.242459
0.0405323
0.0239361
0.801305
0.0332199
0.0578802
0.393329
0.0632529
0.0199635
0.237561
0.123083
0.0910672
0.125416
0.0472335
0.201907
0.00995849
0.25689
0.389618
0.0949749
0.072649
0.0809324
0.103442
0.00228781
0.0944603
0.164083
0.0342095
0.315157
0.0774287
0.0406262
0.057004
0.0782161
0.121226
0.00665165
0.558516
0.0270803
0.221169
0.00477959
0.0816154
0.013962
0.0186078
0.0883175
0.0434099
0.62208
0.00922744
0.514935
0.797149
0.0234059
0.0564264
0.00104532
0.0469959
0.198485
0.558589
0.042252
0.0854053
0.298435
0.0526037
0.0673916
0.0985506
0.0507529
0.0442669
0.00726801
0.0565966
0.119206
0.0135432
0.00255149
0.0185775
0.0490851
0.019551
0.00295315
0.0420719
0.0271658