0.0179556
0.4399
0.00426217
0.000300213
0.0104776
0.000580203
0.394786
0.0738969
0.0180388
0.0522157
0.399248
0.000870223
0.273246
0.877089
0.263949
0.958254
0.00570371
0.581645
0.0192766
0.00822327
0.134645
0.619963
0.165189
0.0447525
0.901689
0.00481765
0.902514
0.199151
0.452048
0.888708
0.00196385
0.751687
0.142061
0.00043937
0.00388584
0.291826
0.0050649
0.0203625
0.000889387
0.00333318
0.0536285
0.00410032
0.00803019
0.0152344
0.0221932
1.80633e-05
0.255088
0.00502095
0.00187666
0.725078
0.0588718
0.000405653
0.0224401
0.0686293
0.00020023
0.0352277
0.000459003
0.107346
0.0130188
0.0273252
0.0335014
0.000557497
0.0145859
0.551195
0.0332734
0.00082618
0.00224078
0.00153452
0.00123655
0.00157344
5.379e-05
0.00667143
0.00141223
0.0253935
2.18767e-05
0.0670678
0.135934
0.411869
0.0008465
0.000869553
0.311033
0.868568
1.75333e-05
0.292837
0.0637942
0.139691
0.00349378
0.159864
0.00130818
0.00141695
0.0126242
0.00161786
0.00187838
0.0202594
0.19235
0.236812
0.00574458
0.0122072
0.001341
0.0233759