0.0565542
0.00215739
0.0115361
0.0087453
0.0164217
0.00647233
0.0576197
0.0170498
0.823464
0.810548
0.00630144
0.00284008
0.00366763
0.643123
0.945541
0.0116807
0.543915
0.81111
0.00227301
0.75175
0.0577069
0.900603
0.852814
0.0685699
0.0186153
0.0379688
0.0854255
0.0018282
0.806944
0.884757
0.0223026
0.000514773
0.56388
0.371975
0.0131279
0.932996
0.003256
0.00537447
0.325263
0.000494307
0.0376623
0.0441156
0.108205
0.0178217
0.155708
0.0238416
0.0276324
0.00199847
0.0453008
0.0228454
0.0251889
0.661191
0.000312597
0.00338471
0.302456
0.00165206
0.030691
0.0463317
9.66667e-05
0.00366237
0.00288054
0.017237
0.00678956
0.0101788
0.0286996
0.00101364
0.0185922
0.00612071
5.622e-05
0.0452767
0.0063661
0.0310482
0.00238141
0.000170007
0.00535187
0.0344283
0.0211952
0.00105236
0.000264313
0.840023
0.00026329
0.0227
0.1259
0.0341066
0.0183468
0.026915
0.0673594
0.0109341
0.000801687
0.00479324
0.00396038
0.02195
0.0249033
0.117932
0.0730045
0.033312
0.0657402
0.155311
0.0128055
0.0525506