0.0783458
0.0186825
0.0266856
0.0229787
0.0476107
0.0397649
0.0362115
0.0293512
0.00153268
0.0228905
0.185072
0.00436243
0.486268
0.0509085
0.0328696
0.705652
0.927476
0.035365
0.841128
0.42261
0.791064
0.0004022
0.0163136
0.0898
0.0027494
0.00470851
0.0042716
0.0312367
0.00394028
0.00594962
0.481822
0.187683
0.0508584
0.00360392
0.00462498
0.294858
0.299483
0.00749828
0.0815746
0.00161941
0.895616
0.403954
0.00417334
0.208953
0.00770165
0.00363987
0.658833
0.00244033
0.298885
0.566519
0.72428
0.00108852
0.500851
0.00187181
0.0592959
0.00207615
0.0648017
0.00251527
0.0557105
0.0010609
0.00193667
0.0237196
0.00413333
0.0190984
0.0158071
0.57581
0.00306783
0.00637535
0.00330966
0.711193
2.73433e-05
0.0112428
0.029673
0.000162087
0.00178617
0.157553
0.487538
0.0428541
0.0101887
0.162065
0.732797
0.0458355
0.0591114
0.00593147
0.000405033
0.0134638
0.00105187
0.0343352
0.00567118
0.0328213
0.0168622
0.0085151
0.18086
0.190688
0.019233
0.321974
0.13986
0.0472555
0.0274098
0.00428206