0.419195
0.739928
0.0843413
0.638401
0.41274
0.0158151
0.00447398
0.201175
0.0646817
0.0438737
0.0423357
0.118741
0.0257688
0.385589
0.0225304
0.0822541
0.567827
0.501504
0.0333247
0.125409
0.0182705
0.176778
0.158767
0.251173
0.111776
0.0495779
0.0252361
0.112355
0.015084
0.0886483
0.0243199
0.00472413
0.0232692
0.783149
0.0135434
0.399118
0.0313515
0.00138562
0.0608458
0.020956
0.00394763
0.133628
0.0236259
0.569776
0.104871
0.0306201
0.0987709
0.0630462
0.0361017
0.042291
0.372116
0.0232421
6.746e-05
0.260845
0.0312027
0.00925961
0.00524032
0.0187529
0.118196
0.171219
0.0324865
0.00302151
0.0304065
0.120327
0.0425387
0.485945
0.176609
0.038399
0.284068
0.00318671
0.226729
0.00038552
0.0279716
0.695627
0.0265129
0.0717541
0.0754095
0.00235204
0.757091
0.00373811
0.224201
0.121244
0.0957406
0.0264316
0.0109441
0.576524
0.0824827
0.00842474
0.717933
0.111161
0.0727162
0.0784898
0.0141334
0.318943
0.00301288
0.0871368
0.206961
0.0942309
0.0260593
0.00161794