0.381355
0.00119915
0.000474387
0.0635861
0.128601
0.284645
5.84167e-05
0.0755645
0.00214377
0.682566
0.109228
0.811355
0.821718
0.216637
0.547974
0.021471
0.0247899
0.0107263
0.00749141
0.953433
0.0290027
0.0035177
0.0213551
0.324265
0.0158363
0.0345519
0.882145
0.00171815
0.60007
0.328402
0.0109321
0.107505
0.0828592
0.170288
0.0580721
0.0198409
0.00116052
0.0010264
0.000435837
0.0597118
0.00224816
0.0948987
0.00078551
0.0128458
0.636808
0.0450763
0.263544
0.00503014
0.00196565
0.00700824
0.0479164
0.166859
0.00207534
0.234614
0.000487527
0.0274459
0.0135779
0.00806178
0.000417253
0.510169
0.00640873
0.861564
0.0697668
0.0012762
0.0379403
0.0789131
0.0483013
0.607845
0.582065
6.72567e-05
0.00280524
0.00209066
1.399e-05
0.00511441
0.0079481
0.346731
0.0164426
0.00307761
0.00040156
0.00724595
0.00682264
0.00242176
0.0169888
0.0103336
0.00523961
0.000416933
0.00363658
0.00519453
0.00739577
0.467937
0.00187821
0.0770254
0.000690263
0.809084
0.0267846
0.243129
0.31036
0.00131178
0.00295746
0.334826