0.000122103
0.0657852
0.00755545
0.673334
1.68367e-05
0.00216566
0.417607
0.0200713
0.646636
0.0125448
0.0108109
0.0661974
0.00069182
0.258534
0.0219611
0.889992
0.119713
0.0103469
0.723502
0.928476
0.0571946
0.00953148
0.0160014
0.00337152
0.889919
0.0187182
0.00972018
0.0848354
0.152865
0.00827202
0.00106042
0.0298814
0.00183858
0.0231722
0.337097
0.0351987
0.568626
0.877343
0.0279051
0.0193473
0.00095871
0.00513102
0.000553193
0.000776687
0.00435472
0.00631861
0.0016814
0.805618
0.00055452
0.798913
0.0476296
0.29045
0.00840883
0.667887
0.173016
0.0109698
0.00926739
0.0235574
0.00708913
0.00713853
0.00018539
0.00443384
0.0011161
0.00879727
0.125761
0.00073183
0.0604384
0.00312153
0.0105134
0.0116984
0.114875
0.00354909
0.642741
0.380197
0.0125391
0.887593
0.00125973
8.79167e-05
0.0273334
0.000435287
0.240652
0.00162023
0.104715
0.819706
0.0847432
2.17567e-05
0.00171807
0.040476
0.189955
0.042732
0.00142213
0.00373208
0.00105147
0.0785798
0.000809747
0.0619067
5.225e-05
0.100471
0.0024418
0.00754964