0.0396242
0.39788
0.0292829
0.944431
0.00445883
0.0752794
0.0906947
0.80642
0.0176866
0.00524057
0.000610843
0.00205466
0.0194438
0.160719
0.127326
0.0089012
0.033104
0.00190571
0.941935
0.44179
0.771877
0.14412
0.843238
0.234836
0.00831083
0.105519
0.791767
0.00178048
0.0272053
0.0262194
0.00647699
0.143223
0.312871
0.00620549
0.000510773
0.025704
0.69134
0.0126126
0.0293869
0.0268955
0.0424254
0.0151563
0.0231291
0.00779639
0.807668
0.000251243
0.00144843
0.0374005
0.859422
0.0019811
0.0891623
0.0165706
0.411951
0.0252878
0.00319042
0.00201753
0.018261
0.000316667
0.740521
0.00255931
0.0118331
0.00131044
0.592907
0.165821
0.0010309
0.0213353
0.0122497
0.0148978
0.0294333
0.0220749
0.0272775
0.0335743
0.019631
0.311121
0.0792083
0.144994
0.00219679
0.066831
0.00347088
0.00963208
0.0247852
0.00671996
0.604644
0.259485
0.00103326
0.104365
0.00057135
0.287248
0.000282583
0.0200148
0.165504
0.00235404
0.00786089
0.000727203
0.00042594
0.0861173
0.191591
0.172946
0.000618623
0.0264722