0.879646
0.00101096
0.361729
0.00372025
0.0236843
0.013027
8.09033e-05
0.000439927
0.0818893
0.0295763
0.0639972
0.71573
0.00428356
0.00657139
0.000930743
0.865418
0.00794051
8.86133e-05
0.530787
0.958334
0.106879
0.276789
0.0507398
0.00117977
0.364128
0.0254484
0.022839
0.00514102
0.000899963
0.0803546
0.963793
0.00355725
0.00382671
0.143943
0.00562774
0.390286
0.00095552
0.205054
0.000944063
0.000139853
0.4718
0.00022956
0.00190431
0.000787347
0.00383074
0.0684356
0.00155022
0.00170016
0.0418876
0.000130283
0.760631
0.169319
0.088251
0.137875
0.00058192
0.953404
0.199964
0.000536643
0.000547663
0.0549956
0.0471019
0.0110473
0.000265207
0.0031297
0.000270337
0.882286
0.00283181
0.0216775
0.230034
0.14898
4.62633e-05
0.299148
0.379831
0.080331
0.0047301
0.00591738
0.00177894
0.0162735
0.0320597
0.0210449
0.0401272
0.366721
0.31888
0.0855917
0.00113542
0.00659572
0.0726793
0.198552
0.0235805
0.0698396
0.888633
0.0115661
0.00016232
0.441336
0.0644994
0.00726956
0.000985927
0.00102072
0.00816478
0.0441027