0.0263143
0.157352
0.00319054
0.100474
0.0101124
0.0448871
0.00193434
0.0114075
0.696493
0.0103144
0.00262184
0.000338
0.0193417
0.266272
0.221554
0.220745
0.618985
0.605497
0.834943
0.0311908
0.271257
0.0131509
0.025972
0.0143761
0.011424
0.213518
0.031741
0.00061835
0.0173128
0.110714
0.446549
0.00103435
0.435916
0.0154635
0.163161
0.0257344
0.00601171
0.0204124
0.335285
0.00393912
0.0852821
0.0100594
0.142194
0.0688829
0.0142331
0.739797
0.0792423
0.0903956
0.324547
0.351514
0.610319
0.0119362
0.660214
0.215384
0.241092
0.0635488
0.18255
0.101712
0.0889057
0.00113291
0.00557639
0.00047473
0.106848
0.385636
0.00641459
0.00257512
0.0484569
0.214416
0.205099
0.022757
0.0118084
0.108631
0.00223937
0.00261389
0.00776111
0.0211347
0.00115531
0.854391
0.0912182
0.0908919
0.0523909
0.0147234
0.840698
0.167556
0.0113595
0.000878617
0.137466
0.0149476
0.016159
0.00051838
0.128185
0.00556962
0.714431
0.0736614
0.00607564
0.0395984
0.00897318
0.0120479
0.233919
0.200243