0.11201
0.00938927
0.00461085
0.328763
0.0320828
0.278432
0.140318
0.139909
0.0693307
0.00317401
0.115255
0.17391
0.339106
0.306685
0.0401441
0.292289
0.03793
0.155816
0.555521
0.153127
0.583467
0.142774
0.0532319
0.412395
0.0689022
0.6279
0.288566
0.185509
0.0421593
0.0474485
0.116662
0.00547697
0.0429804
0.52138
0.0718425
0.264114
0.0105789
0.117097
0.0938071
0.0102004
0.407577
0.00544912
0.0171264
0.00069982
0.628644
0.00111113
0.0599339
0.00866819
0.20032
0.0157624
0.000846333
0.126503
0.00588727
0.107889
0.00250292
0.0799967
0.0971072
0.165286
0.372231
0.000472343
0.0450439
0.0164755
0.369846
0.55959
0.0318104
0.00923185
0.104089
0.117828
0.46633
0.0616268
0.0318686
0.0286633
0.00290079
0.0945504
0.000500673
0.10503
0.819684
0.290224
0.0486889
0.0364091
0.0948332
0.0368898
0.00192631
0.538055
0.0353322
0.00268045
0.018764
0.177298
0.0927442
0.00679423
0.0963027
0.00186976
0.00740801
0.0351825
0.00625742
0.0793145
0.259663
0.389113
0.453771
0.127102