0.00278191
0.029931
0.352254
0.0219471
0.569049
0.0255874
0.00130743
0.011302
0.525027
0.455897
0.0210114
0.0604882
0.0110326
0.00414789
0.878096
0.386394
0.107391
0.000948967
0.586086
0.00324708
0.980435
0.552762
0.000233767
0.0668929
0.00109576
0.00015543
0.791087
0.068139
0.514677
0.102446
0.00097779
0.0041573
0.024546
0.47829
0.00823632
0.304059
0.0213763
0.0134661
0.047339
0.00016903
0.0224873
0.0496214
0.268413
0.35625
0.110196
0.00293527
0.0130369
0.000701623
0.00291639
0.00525347
0.0447233
0.0315183
0.00271951
0.0470673
0.546554
0.270013
0.239313
0.0137271
0.00174717
2.48233e-05
0.134343
0.632957
0.177705
0.0261929
0.0141222
0.0600927
0.0001995
0.00019128
0.100454
0.123586
0.00026532
0.00564555
0.203696
0.0124032
0.0917763
0.153792
0.132651
0.391299
0.0943056
0.000142963
0.00752371
0.431411
0.126772
0.214838
0.0074353
0.583524
0.00083391
0.000165313
0.00278342
0.0252263
0.285573
0.00450634
0.00335719
0.00437162
0.000120657
0.165189
0.00241754
0.29044
0.00316066
0.420845