0.000122227
0.358799
0.00385564
0.0343629
0.0105707
0.116393
0.000164497
0.0437336
0.28674
0.882408
0.312917
0.0107759
0.42406
0.41366
0.00450602
0.866668
0.007958
0.993564
0.0970324
0.00916658
0.931744
0.987646
0.595167
0.880922
0.969997
0.0380097
0.883423
0.0713969
0.00636263
0.0214199
0.571655
0.0365422
0.00293343
0.000462157
0.177994
0.0192455
0.00159672
0.00209932
0.0306962
0.0769404
0.000106493
0.00405743
0.0049669
0.0325431
0.0036109
0.000763147
0.000300283
0.00228088
0.635863
0.00270724
0.33123
0.000331183
0.000684073
0.245503
0.000389773
0.00896294
0.150587
0.00017782
0.0180162
0.000680073
0.0612708
0.0235557
0.000268917
0.102051
0.238482
0.0387322
0.000552713
0.0153765
0.00136617
0.0310977
0.00248275
0.00298271
0.00110185
0.0319156
0.00414326
8.37767e-05
0.169647
0.00107133
0.0575298
0.000819443
0.00799424
0.0282066
0.0231898
0.000731793
0.0750642
2.60133e-05
0.337221
0.0129019
0.000952787
0.0680394
0.279875
0.0560519
0.0736112
0.313191
0.208764
0.00949844
0.00194578
0.0436574
0.00036527
0.04671