0.00639372
0.720875
0.00271037
0.112971
0.803473
0.0008382
0.0210357
0.17601
0.0326876
0.371283
0.293517
0.176281
0.25427
0.161398
0.664389
0.390162
0.834601
0.591743
0.00464711
0.8337
0.0444532
0.533404
0.124458
0.839708
0.24472
0.541131
0.205383
0.156003
0.348623
0.0168961
0.451387
0.184262
0.111641
0.0549705
0.0144705
0.00090725
0.00231189
0.0073526
0.0556965
0.0268494
0.0424327
0.0222267
0.218508
0.0562281
0.00928942
0.00397635
0.000196567
0.0450199
0.00267227
0.00292905
0.00409735
0.0307479
0.00076944
0.00175412
0.00861834
0.0224912
0.00145295
0.00111303
0.0874777
0.00129066
0.447606
0.000451057
0.191454
0.00325636
0.0951825
0.00430577
0.0155747
0.0159642
0.229353
0.52766
0.330657
0.208411
0.0351496
0.688572
0.00904417
0.000806923
0.0320597
0.00359851
0.124825
0.0246608
0.110097
0.0061612
0.00505374
0.151106
0.00969337
0.183235
0.00870565
0.0307446
0.204125
0.211816
0.00519055
0.0301858
0.00734681
0.0196269
0.0040314
0.00473541
0.00673506
0.0180033
0.00742039
0.00648678