0.00071397
0.0971432
0.00420774
0.000403883
0.71512
0.892466
0.177848
0.000115543
0.0740748
0.0149749
0.00305664
0.928383
0.00116667
0.0137017
0.0443352
0.0319649
0.00013511
0.00167094
0.100899
0.303364
0.0114042
0.0272202
0.0568142
0.00711472
0.00016891
0.000122503
0.0309788
0.0495778
0.827861
0.476148
0.00016322
0.333987
0.008767
0.141849
0.0514963
0.00467178
0.0204034
0.0309367
0.00328202
0.99285
0.827793
0.0185008
0.00189009
0.907934
4.811e-05
0.00256725
0.0487296
0.0424355
0.00256638
0.7333
0.0594327
0.0006478
0.433943
0.00344734
0.000285153
0.0171217
0.0167282
0.00014687
0.0151955
0.000892607
0.0155048
0.0112236
0.00436179
0.00216988
0.314372
0.00237466
0.877708
0.0141262
0.756916
0.0101699
0.0108474
0.0101503
0.00132447
5.36167e-05
0.00046071
0.000492787
0.479913
0.011482
0.761981
0.0111307
0.0535811
4.17933e-05
0.164432
0.595982
0.00012786
0.0397805
0.00228907
0.182664
0.0383054
1.53133e-05
0.00084457
0.00118372
0.153997
0.000518907
0.478737
0.00019399
0.0129846
0.355518
0.0054561
0.00141913