0.00959641
0.0516839
0.0242841
0.33549
0.00141423
0.0774295
0.00251369
0.0013945
0.1253
0.595862
0.0090903
0.0172566
0.143816
0.0987738
0.0755844
0.142307
0.0348133
0.349905
0.0834607
0.143158
0.0102982
0.407425
0.395882
0.239227
0.0379131
0.240865
0.0931757
0.448542
0.108323
0.681522
0.0117835
0.0465575
0.0902298
0.005778
0.726354
0.294234
0.00355068
0.0138545
0.0467082
0.15619
0.0103777
0.010616
0.00299553
0.0379321
0.00885717
0.000336053
0.0230996
0.0264708
0.698844
0.147136
0.0432324
2.608e-05
0.00927151
0.0464121
0.649867
0.00531181
0.259902
0.0140109
0.00985419
0.202793
0.0263451
0.380471
0.684966
0.238104
0.157672
0.0524867
0.00554885
0.00558002
0.010299
0.755368
0.155872
0.0317117
0.108458
0.000610703
0.000658513
0.00514492
0.399254
0.000160503
0.0187541
0.149561
0.00345904
0.0355808
0.117183
0.0185732
0.112239
0.00325827
0.0821764
0.171631
0.0334771
0.506719
0.0967838
0.720605
0.0213137
0.275993
0.761658
0.00295322
0.00110267
0.0791977
0.0354105
0.144769