0.00244547
0.000276793
0.0313233
0.0329248
0.465006
0.0324047
0.00017357
0.0353838
0.00501628
0.0139048
0.0201979
0.977474
0.00420976
0.0840256
0.960457
0.481611
0.572114
0.00538681
0.0291025
0.0639622
0.00022684
0.289449
0.397593
0.0010424
0.0875145
0.996023
0.334874
0.00534238
0.0525264
0.000475427
0.290288
0.848806
0.00020597
0.0806209
0.0247075
0.675131
0.000691593
0.224242
0.934833
0.979487
6.64333e-05
5.676e-05
0.697039
0.0145916
0.000109037
0.216365
0.0104043
0.0777338
0.0135081
0.00135685
0.00579932
0.00856375
0.0206904
0.00273825
0.00189939
0.00221754
0.00033748
0.0300998
0.00171304
0.115607
0.00839819
0.168657
0.00216136
0.00791459
0.0441634
0.436693
0.00014604
0.00103271
0.0792549
0.00193192
0.00187015
0.27416
0.00038595
0.0202027
0.00045052
0.00787887
0.0558685
0.000411597
0.159733
0.000151307
0.102409
0.951813
0.00759971
0.000168957
0.738951
0.00174229
0.382093
0.000664793
0.00899815
0.000146837
0.00059836
0.0148597
0.0224263
3.218e-05
0.00218076
0.00010963
0.000796677
0.0932584
0.00229116
0.135016