0.00997145
0.0423133
0.716619
0.125565
0.000347667
0.00173586
0.775517
0.458854
0.671635
0.00459081
0.000100713
0.0983757
0.988644
0.0107953
0.012416
0.197468
0.618395
0.00469126
0.175158
0.01938
0.216259
0.985493
0.00513775
0.00629987
0.856672
0.00458109
0.00369513
0.00055748
0.915446
0.0296474
0.00318053
0.00593735
0.0131493
0.0584736
0.530239
0.422603
0.00180327
0.0260547
0.00389538
0.0206157
0.650145
0.0105725
0.00087215
0.00166626
0.203928
0.0205203
0.00147154
0.0148514
0.206045
0.00062968
0.00543655
0.00239659
0.0540686
1.27733e-05
0.966934
0.00900398
0.0150385
0.576124
0.000527593
1.55667e-06
0.685716
0.00585518
0.0128044
0.000666803
0.00071881
0.00200142
0.00021261
0.0154
0.0027473
0.00962324
0.0033846
0.0554969
0.00882053
0.000904227
0.0491021
0.0154998
0.00352658
0.000269317
0.0248014
0.70683
5.47133e-05
0.00229989
0.000133403
0.0449104
0.0771261
9.04567e-05
8.19e-05
0.0306664
0.000441
0.000543377
0.00153686
0.0782411
0.230285
0.0106161
0.0155387
0.00100177
0.015714
0.22581
0.000338847
0.877628