0.0113257
0.0131843
0.733138
0.0283122
0.0830679
0.0092505
0.0253003
0.0127683
0.546501
0.420389
0.0540913
0.610861
0.0152856
0.0109875
0.00111976
0.838924
0.655406
0.03299
0.307297
0.0236065
0.043763
0.756162
0.736324
0.281186
0.897154
0.0539931
0.0914998
0.00976973
0.00612828
0.9137
0.0381241
0.000197007
0.333382
0.0020349
0.0263668
0.695597
0.052428
0.01157
0.0260887
0.00240704
0.0820203
0.00602788
0.020592
0.415312
0.0517414
0.00173427
0.702151
0.0359895
0.126569
0.00497975
0.735222
0.189251
0.00603242
0.0665293
0.0561214
0.00177361
0.000800957
0.0370384
0.0176598
0.0110468
0.0316531
0.0106356
0.0288731
0.00122134
0.00742517
0.00280538
0.00241683
0.585537
0.00107258
0.00659663
0.0283666
0.0507129
0.0059422
0.000398443
0.0619132
0.0350887
0.616319
0.00507705
0.0141752
0.000814827
0.033362
0.0102168
0.189585
0.00533233
0.0128943
0.0438302
0.0349383
0.0729655
0.000551897
0.000473577
0.355669
0.00342433
0.00527169
0.0100124
0.208655
0.0825083
0.0414816
0.00399321
0.000902313
0.406613