0.00295874
0.00504048
0.0015051
0.00217616
0.356628
0.00402567
0.098543
0.938202
0.00189553
0.0102119
0.0379716
0.108006
0.0481849
0.118789
0.00459706
0.994141
0.0985466
0.761707
0.0411672
0.331736
0.00177482
0.189614
0.0429656
0.186167
0.0500667
0.00706562
0.534588
0.980396
0.159516
0.0449999
0.782369
0.00111402
0.829342
0.358593
0.00189735
0.00660517
0.0181018
0.0151803
0.00499183
0.0314795
0.00864407
0.367907
0.00143539
0.546993
0.032151
0.00384262
0.0330746
0.0320868
0.000769593
0.00267926
0.00684919
0.00900724
0.00109867
0.000862177
0.666491
0.000531113
0.000152373
0.00252448
0.000417763
0.492757
0.0349416
0.00891856
0.00059877
0.0281288
0.0146647
0.000206383
0.0223866
0.0117828
0.000575593
0.00964009
0.661339
0.484021
0.00543951
0.00226407
0.0209474
0.204348
0.0230252
0.000349007
0.0027936
0.00219196
0.0139485
0.00361615
0.0414934
0.665719
0.812605
0.00352152
0.00421765
0.00976963
0.000800993
0.00711451
0.00626953
0.00373618
0.140751
0.0260092
0.966489
0.00977962
0.0922347
0.0276392
0.200705
0.00188403