0.00125175
0.00969835
0.00126075
0.00010899
0.785913
0.00395139
0.00041636
0.00026968
0.00115262
0.768895
0.22742
0.000717517
0.00857992
0.0138403
0.942223
0.767531
0.244503
0.145193
0.00303852
0.0462575
0.172144
0.000752053
0.676115
0.154937
0.222615
0.00011393
0.165101
0.169777
0.213539
0.108131
0.0408732
0.00218515
0.690104
0.00160265
0.0426711
0.00341404
0.00021295
0.773911
0.00073398
0.00173217
9.47967e-05
0.0029666
0.00051252
0.605837
0.76876
0.699821
0.0830578
0.00726728
0.195769
0.000415707
0.0019243
0.000964337
0.000649713
0.000115507
0.00400172
0.0121742
0.794171
0.00113867
0.613443
0.0192434
8.091e-05
0.0129655
0.000926443
0.0829085
0.000275523
0.00332271
0.277855
0.0196634
0.000186873
0.763756
0.000436953
0.201497
0.0129001
0.00111318
0.00471837
0.758111
0.000712197
0.00170609
0.0206828
0.00127296
0.00153088
8.87667e-05
0.000230543
0.00457787
0.00739342
0.302164
0.0299021
0.185534
0.00123175
0.000374017
0.35235
0.00386364
0.658635
0.0030646
0.0105093
0.0250302
0.00313327
0.016398
0.00366002
2.273e-05