0.00103387
0.946498
0.000467023
0.00318156
0.00225223
0.00127084
0.00076119
0.000733173
0.00386746
0.0214957
2.838e-05
0.00351577
0.865494
0.953602
0.955454
0.0432905
0.983176
0.973865
0.0136446
0.0586535
0.00455109
0.0050235
0.149922
0.95088
0.936133
0.00762221
0.0002772
0.00515841
0.0636971
0.00597545
9.066e-05
0.0438365
0.00710556
0.919193
0.00371798
0.00739423
0.0225606
0.00399683
0.00139821
0.00217279
0.0244678
4.523e-05
0.000980703
0.00764378
0.120629
0.968037
0.764544
9.00667e-05
0.00427929
0.00520616
0.275126
0.0367095
0.0217236
7.56e-05
0.279904
0.0105971
0.0263273
0.0127394
0.00050741
0.00358041
0.0410468
0.00011282
0.00521524
0.0248642
0.000259757
0.00518542
0.011311
0.0461158
0.00795793
0.00511583
0.000841433
0.000668247
0.0526281
0.000590213
0.00072042
0.0223899
0.00161279
0.955907
0.425184
0.00155135
0.00231955
0.000102937
0.00819086
0.917134
0.00545143
1.24867e-05
0.0220182
2.702e-05
0.000187963
0.00302987
0.842714
0.0251313
4.65833e-05
0.00134947
0.0002115
0.00133391
0.003781
0.0104854
0.00976344
0.00122489