0.0115563
0.092492
0.00586455
0.00838891
0.0123768
0.214505
0.00129755
0.048142
0.00994947
0.393399
0.489925
0.0730072
0.932897
0.0904767
0.770078
0.500911
0.00828755
0.105959
0.843529
0.108461
0.0450652
0.523631
0.694485
0.255132
0.523614
0.0288539
0.242365
0.056595
0.0529331
0.026406
0.0199927
6.144e-05
0.000482707
0.00334136
0.256812
0.736744
0.0133415
0.36301
0.0020444
0.446882
0.00348516
0.028385
0.0597011
0.142994
0.0305808
0.307546
0.00391981
0.00210164
0.0956702
0.00379917
0.00671129
0.0942616
0.000273283
0.00194145
0.0531352
0.217357
0.00132587
0.00234075
0.00291336
0.231299
0.0942752
0.00046161
0.640682
0.00286129
0.00170296
0.0645983
0.000207673
0.0710848
0.139713
0.248176
0.015074
0.00603228
0.00359997
0.0434985
0.866752
0.00474308
0.00672974
0.0580961
0.583447
0.0196817
0.00895842
0.00733944
2.587e-05
0.00220934
0.616814
0.0510799
0.0414012
0.000441753
0.00779714
0.0488949
0.34333
0.0403168
0.00398359
0.00029379
0.00082142
0.0350162
0.452224
0.0788388
0.074808
0.0109517