0.0224149
0.00372785
0.234406
0.00974219
0.0553525
0.0180194
0.00329108
0.405759
0.322788
0.203628
0.141582
0.00117273
0.0413825
0.0396234
0.633404
0.23125
0.819359
0.912184
0.564906
0.343803
0.723429
0.194856
0.169337
0.0964341
0.110782
0.335741
0.453323
0.0887844
0.388624
0.118419
0.0244315
0.179788
0.320268
0.254599
0.00627566
0.311534
0.0324658
0.221515
0.27567
0.287626
0.00781592
0.0131901
0.00147671
0.0175833
0.0354584
0.461028
0.0502043
0.341834
0.00115811
0.0774958
0.0967878
0.0242623
0.0053419
0.0187242
0.114871
0.0179254
0.0872113
0.0230554
0.0494385
0.00609737
0.00297006
0.313722
0.00932564
0.00436405
0.0114518
0.181147
0.128295
0.0480257
0.0590717
0.129431
0.0904581
0.00746316
0.238163
0.00113022
0.0142725
0.298386
0.0122984
0.178283
0.434836
0.00596719
0.0282879
0.0225384
0.185545
0.0214459
0.00024709
0.259636
0.00176723
0.00515829
0.00112205
0.41297
0.335913
0.0445659
0.0151108
0.0557588
0.00282033
0.169593
0.0869666
0.034352
0.0317392
0.0627415