0.598576
0.522386
0.00132658
0.00348643
0.104822
0.00022739
0.139977
0.00555974
0.0145346
0.00265263
0.0490141
0.134377
0.252516
0.0209241
0.687492
0.186041
0.188318
0.0940128
0.200828
0.370143
0.558776
0.282469
0.0912452
0.260861
0.0431562
0.724462
0.615676
0.352349
0.155414
0.00349036
0.0162566
0.00915671
0.00182557
0.243279
0.314107
0.0912438
0.094406
0.206102
0.0455188
0.0190271
0.00322306
0.0350756
0.0848031
0.0717606
0.0308102
0.00119555
0.00550005
0.00182706
0.000429087
0.608708
0.0007804
0.0333045
0.412834
0.0125703
0.00802733
0.00048086
0.00653876
0.00152181
0.800862
0.00861417
4.253e-05
0.000178007
0.203007
0.75656
0.000374357
0.00809538
0.912339
0.00362012
0.0149085
0.124012
0.118806
0.01477
0.00230737
0.0257192
0.0111955
0.0357133
0.00186873
0.0891332
0.104231
0.76587
0.0491381
0.0836458
0.0193326
0.0256257
0.0119619
0.0272208
0.19109
0.0858125
0.0373692
0.00254146
0.00301602
0.00246511
0.00370934
0.0369104
0.0104714
0.570287
0.184761
0.0370063
0.00278464
0.587198