0.0137675
0.00996258
0.0370753
0.0086904
0.0264082
0.00112392
0.0353417
0.216228
0.0180288
0.157512
0.253267
0.0165629
0.0736991
0.00375536
0.23956
0.285199
0.460676
0.151929
0.229956
0.160464
0.698215
0.608164
0.564779
0.763641
0.179004
0.0147352
0.13896
0.036616
0.287926
0.293982
0.00269689
0.654783
0.00875441
0.128856
0.000470263
0.0482117
0.00822076
0.0162364
0.00596602
0.0142704
0.188524
0.00053079
0.0157705
0.23064
0.0343333
0.220952
0.0729063
0.137441
0.025182
0.00012106
0.0313303
0.134975
0.192981
0.0464908
0.00433391
0.0122003
0.277993
0.00708522
5.61e-05
0.000528673
0.000740317
0.0602723
0.0192948
0.00140548
0.0164004
0.000875657
0.0206089
0.760526
0.323974
0.00657506
0.566169
0.0442883
0.697026
0.008318
0.705925
0.0825514
0.130208
0.236401
0.101089
0.178717
0.0120607
0.0196054
0.00438729
0.0168364
0.005262
0.0189464
0.00602425
0.0202388
0.0296844
0.0125481
0.0514049
0.166868
0.0465358
0.244806
0.0115635
0.769077
0.560589
0.225118
0.000478787
0.308532