0.00059149
0.000947427
0.00013461
0.000659747
0.0056768
0.00643251
0.011865
0.0105981
0.86509
0.00134892
0.178986
0.0194029
0.898808
0.00126276
0.000637553
0.00154971
0.952502
0.722803
0.0374532
0.0670903
0.050347
0.0609531
0.0124305
0.0591079
0.144117
0.988669
0.10919
0.858495
0.10569
0.0290892
0.000525253
0.00136586
0.0436549
0.0023653
0.00016742
0.000231483
0.00529838
0.0869329
0.00441869
0.54766
0.0514198
0.00256644
0.0031938
0.00039976
0.0121054
0.207018
0.0029879
0.000297457
0.0316648
0.000544597
0.952548
0.00860297
0.850386
0.305772
0.00307891
0.06676
0.0054813
0.000880223
0.00476138
0.115216
0.0395524
0.0282425
0.0624954
0.00088477
0.00147963
0.00597648
0.000634447
0.00230689
0.00112297
0.0104363
0.90864
0.00123456
0.00336301
0.00562503
0.894112
0.000167537
0.00169041
0.00288012
0.0240104
0.893683
0.173155
0.942095
0.000718207
0.0194458
0.0277901
0.0749143
0.00953841
0.00050014
0.00393499
0.0794337
0.327998
0.000267163
0.00237378
0.899193
0.00053154
0.00163845
0.00578868
0.0159024
0.00220179
0.00381086