0.340734
0.04257
0.00999244
0.284098
0.0492366
0.519141
0.0320536
0.00475028
0.0301373
0.0761427
0.0726356
0.103743
0.017291
0.0104132
0.629021
0.0141753
0.0392565
0.649872
0.258886
0.109329
0.746341
0.0351475
0.165924
0.10765
0.0689489
0.0487518
0.00247159
0.811398
0.115636
0.730771
0.0105936
0.690757
0.00467804
0.0273423
0.109612
0.772594
0.34742
0.482187
0.0998411
0.849973
0.0316962
0.00255272
0.0699625
0.00122085
0.018868
0.11196
0.0729868
0.0184097
0.00546959
0.187645
0.00250099
0.0640531
0.154453
0.0797281
0.222165
0.0315095
0.00292582
0.203981
0.00564984
0.00355925
0.012268
0.0012026
0.648046
0.0469573
0.352101
0.0580417
0.00703216
0.0325265
0.0011048
0.0782931
0.10562
0.025167
0.207574
0.0687665
0.00784012
0.0134107
0.84443
0.83538
0.00661165
0.0138902
0.00604714
0.00656302
0.0168157
0.0372106
0.00398165
0.0004963
0.0169276
0.0040271
0.0651213
0.0135235
0.00403133
0.00069735
1.769e-05
0.30757
0.00193637
0.0212288
0.159841
0.00247252
0.0250145
0.127401