0.0512974
0.00466893
0.00088971
0.0838693
0.166498
0.00683784
0.0286121
0.30354
0.0206453
0.0509928
0.0969335
0.310821
0.143434
0.246491
0.00115126
0.0164178
0.319026
0.0429388
0.107771
0.512055
0.0560584
0.186965
0.387472
0.202288
0.738016
0.427362
0.265114
0.155048
0.427043
0.146694
0.0869324
0.291921
0.143978
0.0208848
0.0131511
0.0687324
0.00051601
0.0651033
0.145961
0.141402
0.000791933
0.0505315
0.339761
0.0597669
0.107867
0.00596538
0.238244
0.00258699
0.0458499
0.120123
0.0685278
0.142394
0.0299561
0.337981
0.0198304
0.014005
0.0246954
0.00306167
0.0137961
0.185468
0.256715
0.26416
0.302758
0.436375
0.691549
0.011818
0.0352288
0.259637
0.0858642
0.00366734
0.175134
0.107748
0.0226321
0.576469
0.0314663
0.101987
0.136317
0.0645023
0.549596
0.0100484
0.195055
0.00554807
0.0318039
0.191974
0.320902
0.177573
0.0379256
0.440174
0.00222685
0.0389216
0.00155247
0.614126
0.0404982
0.000218693
0.0813214
0.00708384
0.345415
0.00152026
0.0278755
0.0178744