0.672756
0.00646984
0.0815638
0.231812
0.00353942
0.192543
0.0287952
0.000990537
0.00124051
0.107097
0.0456458
0.324778
0.0378848
0.0310405
0.11691
0.118963
0.232886
0.2274
0.850309
0.569366
0.0969845
0.106811
0.0439369
0.0435064
0.245156
0.811532
0.0244339
0.0133744
0.187067
0.0110522
0.120378
0.0243207
0.0571041
0.567291
0.0370942
0.011733
0.0049159
0.310058
0.676546
0.000172743
0.0243667
0.0243566
0.706907
0.0780748
0.0392607
0.440252
0.00841961
0.194351
0.00034357
0.244842
0.000214357
8.09367e-05
0.0543736
0.00197491
0.644108
0.046532
0.671345
0.036437
0.717858
0.00522721
0.00626707
0.00303293
0.00808496
0.0508491
0.132822
0.00997878
0.00921466
0.417105
0.000115023
0.0077448
0.170384
0.0158126
0.0216605
0.331281
0.00269971
0.207905
0.00654928
9.80233e-05
0.118706
0.00718285
0.018129
0.00346307
0.0177629
0.0477097
0.117361
0.0526901
0.849746
0.0195787
0.0258789
0.0327513
0.000334967
0.747592
0.237366
2.467e-05
0.0189643
0.0290485
0.0054306
0.00212007
0.0272811
0.00449015