0.682949
0.00654873
0.00271273
0.00096708
0.110239
0.00559892
0.179536
0.341083
0.0740704
0.207205
0.0538003
0.289328
0.0490661
0.502377
0.460424
0.314615
0.579827
0.507769
0.0614079
0.181941
0.121246
0.195484
0.00472893
0.180106
0.111147
0.135851
0.342198
0.0395073
0.0227434
0.0121781
0.199571
0.0219903
0.0351438
0.173772
0.553731
0.309283
0.0242853
0.0280886
0.159702
0.578064
0.0374819
0.0552183
0.114794
0.00750434
0.0916491
0.0369813
0.215461
0.0082936
0.00599437
0.154531
0.0477515
0.0288539
0.0008659
0.0251626
0.0403317
0.212052
0.0201105
0.314992
0.0482755
0.475865
0.234806
0.0173252
0.00851494
0.104859
0.0296959
0.0334492
0.00226714
0.0171323
0.0605226
0.402092
0.00829356
0.0495624
0.275594
0.0125734
0.00010455
0.0384303
0.00286694
0.00145233
0.0120126
0.0440004
0.0319463
0.16294
0.0356799
0.216957
0.13968
0.0263639
0.00502845
0.436657
0.0126914
0.127516
0.201321
0.0797219
0.1563
0.438614
0.362416
0.00191932
0.439159
0.00101196
0.522192
0.443875