0.0512886
0.709448
0.00597848
0.117783
0.196205
0.0587312
0.0585331
0.0928693
0.50753
0.0205527
0.0336229
0.417155
0.719834
0.0582595
0.205667
0.117309
0.0203068
0.813455
0.426915
0.0202067
0.0289362
0.0198317
0.757755
0.116346
0.368604
0.0295168
0.426633
0.11351
0.054939
0.00982571
0.129542
0.0252883
0.0294847
0.719072
0.00167564
0.358309
0.23646
0.0405863
0.0149227
0.00270419
0.0300856
0.00967077
0.0811073
0.0113498
0.0168187
0.279093
0.228719
0.0442895
0.0216976
0.00896579
0.054144
0.00323335
4.264e-05
0.00740234
0.356631
0.0131031
0.0309661
0.196224
0.190306
0.145023
0.00664127
0.00355823
0.00774147
0.418108
0.013341
0.0301474
0.860359
0.0638794
0.0187917
0.000700803
0.0888087
0.0429222
0.00316866
0.0111087
0.00732022
0.0160219
0.104056
0.400417
0.0240519
0.01183
0.0524593
0.746759
0.121404
0.00410807
0.0258912
0.00089429
0.211031
0.163995
0.00302057
0.0834377
0.0361705
0.174689
0.367514
0.0118209
0.394786
0.0113491
0.399957
0.163113
0.0006834
0.0294764