0.7491
0.0236438
0.759349
0.000648193
0.0314439
0.0124399
0.00023041
0.00356952
0.0219537
0.874496
0.00275867
0.0518939
0.0440318
0.130649
0.228104
0.766558
0.039835
0.962932
0.768673
0.521559
0.0207078
0.620372
0.0587318
0.0641127
0.153371
0.552777
0.0117325
0.0327542
0.0503166
0.0384526
0.0678885
0.000723313
0.0067533
0.0303494
0.321407
0.0084037
0.0668063
0.00446216
0.174444
0.000127977
0.0382727
0.0649016
0.0440053
0.0123603
0.000333207
0.00122233
0.0103169
0.0374935
0.114576
0.0182465
0.0409778
0.0347447
0.00723165
0.0415305
0.00304422
0.10118
0.0395469
0.00199373
0.0022252
0.00922268
0.0390659
0.0857061
0.0204806
0.00585076
0.00669542
0.104968
0.00680961
0.000785727
0.0146616
0.846141
0.173874
5.04867e-05
0.0141664
0.140726
0.00207358
0.00223041
0.0136718
0.773639
0.00728442
0.0333777
0.00639293
0.0529386
0.103435
0.227294
0.0301992
0.00679022
0.752917
0.533479
0.0256588
0.0042702
0.00231595
0.00054297
0.0383864
0.439998
0.00336011
0.0117118
0.806868
0.745574
0.00211098
0.0115095