0.00359813
0.636254
0.42113
0.0170849
9.05e-06
0.136244
0.195913
0.0223239
0.00856925
0.0018931
0.775998
0.0849646
0.00828675
0.485934
0.514043
0.00903126
0.00852609
0.259096
0.0364495
0.129205
0.362124
0.302752
0.0446619
0.885783
0.710858
0.584467
0.171995
0.756192
0.117746
0.0111645
0.000314473
0.0435767
0.000322173
0.00903722
0.0893982
0.176329
0.0147001
0.00095555
0.00497818
0.0230896
0.0132201
0.221725
0.262539
0.352438
0.446403
0.0180889
0.300953
0.0272592
0.0144649
0.00657535
0.595933
0.0948591
0.0209452
0.00838478
0.201591
0.226889
6.36067e-05
0.00577772
0.0374401
0.000398013
0.0194782
0.0280472
0.101072
0.153992
0.302827
0.11582
0.0136283
0.000285183
0.00095438
0.00137072
0.00173201
0.0944228
8.73333e-05
0.00917871
0.0204354
0.000834497
0.024793
0.0393522
0.436692
0.0213992
0.0215621
0.00506678
0.215668
0.00411099
0.0439619
0.0728117
0.499859
0.854152
0.0867392
0.173913
0.0218013
0.00332191
0.00434412
0.150027
0.000492107
0.0417578
0.0033495
0.215884
0.0104513
0.263379