0.0344589
0.069164
0.51564
0.000237057
0.00110988
0.00117803
0.0714192
0.000649137
0.00459905
0.000442683
0.00121613
0.199856
0.0677135
0.0366818
0.00878414
0.918535
0.495359
0.940096
0.0194428
0.271721
0.191385
0.998684
0.386494
0.00825284
0.127333
0.997549
0.102527
0.00177421
0.829711
0.0786687
0.00948486
0.0115328
0.0863628
0.0828922
0.214156
0.0174642
0.0361879
0.159121
0.000174997
0.0555788
0.0003081
0.0872231
0.0494843
0.0525024
0.181023
0.000762453
0.033292
0.284072
0.268975
0.0385053
0.195234
0.00257191
0.0340462
0.00556635
0.0774091
0.0386624
0.264315
0.00636051
0.000416157
0.0211192
0.00436933
0.00179468
0.000728003
0.291494
0.00696143
0.172714
0.120358
0.0125497
0.00462171
0.00129596
0.0375986
0.00116042
0.863505
0.012221
0.314629
0.13584
0.0307235
0.404987
0.00239212
0.470382
0.00153974
0.0176034
2.11367e-05
6.088e-05
0.00203951
0.00195184
0.167377
0.0361478
0.11796
0.0467464
0.238557
0.753436
0.20032
0.777847
0.00605812
0.00035102
0.00113958
0.000579437
0.0390905
0.00536207