0.00299413
0.0555492
0.0758169
0.905541
0.00828198
0.028509
0.0289366
0.167771
0.0176407
0.00847488
0.00130661
0.0171504
0.00772254
0.8448
0.0099763
0.958303
0.285027
0.0192458
0.0196588
0.95403
0.831444
0.00838536
0.376508
0.431923
0.0265631
0.0020826
0.000873597
0.0176893
0.000206553
0.0548288
0.00929367
0.0172845
0.00265823
0.007152
0.00029229
0.0569785
0.000117397
1.53767e-05
0.0454946
0.812288
0.158886
0.0003714
0.00104744
0.915198
0.206259
0.0022909
0.000507027
0.0271069
0.900765
0.00088095
0.0128235
0.2036
0.0745467
0.425562
0.00436999
0.00456033
6.918e-05
0.239821
0.0319936
0.000891273
0.00475809
0.00406439
6.22767e-05
0.0014814
0.786457
0.000261433
0.00200038
0.00247976
0.0154044
0.00101887
0.0023692
0.225155
0.0732181
0.00023812
0.00547041
0.000166643
0.969373
0.00931025
0.00119426
0.830535
0.0440049
0.0780099
0.00061761
0.277089
0.00227034
0.00690033
0.0280784
0.000483003
0.0105235
0.0159277
0.0190029
0.0345266
0.738461
0.00151316
0.0325904
0.000547927
0.427749
0.00012291
0.00420804
0.011991