0.00935571
0.000763937
0.0315411
0.0424677
0.00135875
0.00137092
0.0204688
0.000475143
0.0247293
0.00250031
0.0872926
0.000263657
9.90867e-05
0.978834
0.0745249
0.272949
0.0016937
0.000151553
0.1653
0.940818
0.00903916
0.0254481
0.0193011
0.0627922
0.119205
0.962671
0.872313
0.00336153
0.00799783
0.00643792
0.944046
0.961805
0.978301
0.00020254
0.0199412
0.00583956
0.000160453
0.000990387
0.846998
0.0276063
0.00642654
0.000836093
0.00109453
0.0120808
0.0687283
0.00992582
0.0044006
0.999192
0.00014046
0.754409
2.812e-05
0.00558157
0.000259997
0.000123237
0.0125533
0.00246465
0.000776043
0.00441211
0.00045459
0.392518
0.00510186
0.894115
0.00049195
9.35267e-05
0.000200253
0.000217093
0.0494801
0.0806105
0.033875
0.00430507
0.0334502
0.000220203
0.00116156
0.000545637
0.228527
0.554646
0.000669
0.000622443
1.45567e-05
0.0098278
1.061e-05
0.00904033
0.00039667
0.00121596
0.00142036
0.00025693
0.0015481
0.068107
0.00185774
0.135952
0.00012298
0.0017615
0.267006
0.00599809
0.00126211
0.866735
0.892926
0.00482786
0.000634293
0.0329252