0.109626
0.0544657
0.00168964
0.416678
0.12356
0.00278039
0.11653
0.268938
0.438497
0.00354667
0.276121
0.196078
0.0011152
0.0052139
0.00451917
0.698179
0.174997
0.578542
0.965023
0.960416
0.232054
0.0131769
0.886837
0.446325
0.354924
0.212144
0.368053
0.00672128
0.0240738
0.196257
0.0683363
0.00771767
0.858885
0.00368438
0.00758233
0.00165758
0.574082
0.0333951
0.0456853
0.00058449
0.00625531
0.069137
0.00595488
0.00216335
0.00548392
0.00834581
0.019172
0.0114772
0.000472487
0.00502413
6.102e-05
0.00670425
3.73067e-05
0.070154
0.0348776
0.0315985
0.0425684
0.179892
0.00718279
0.0015145
0.358046
0.0530611
0.00103362
0.00038831
0.643233
0.0103872
0.000162073
0.00194994
0.000223823
0.137112
0.00748318
0.000571447
0.0273041
0.218292
0.00268924
0.00650582
0.936262
0.0016929
0.00215544
0.00470229
0.377696
0.0431244
0.00196184
0.00166983
0.00424308
0.00791825
0.0131186
0.00307783
0.00180078
0.00275517
0.86246
0.111062
0.00242045
0.00010821
0.0125646
0.0196716
0.00500856
0.26698
0.00124666
0.601088