0.0189916
0.170066
0.751095
0.666727
0.003812
0.0940058
0.0169908
0.328862
0.012421
0.00415926
0.116108
0.281991
0.580438
0.00612607
0.312867
0.0406736
0.458092
0.0400375
0.103459
0.295852
0.0173897
0.0621581
0.48391
0.00487378
0.0106585
0.00728884
0.400636
0.572777
0.00153864
0.00915289
0.0494779
0.0107658
0.133984
0.00886712
0.00293045
0.00943385
0.00350897
0.525045
0.000438067
0.0143822
0.00364361
0.0106467
0.00171379
0.257045
0.0309919
0.308833
0.00458349
0.0503551
0.0184074
0.0103011
0.0281585
0.206195
0.234487
0.0120506
0.00133694
0.0593216
0.00648077
0.625455
0.0440438
0.00078293
0.0348051
0.00528267
0.298674
6.64667e-05
0.254151
0.00234601
0.633553
0.00510749
0.00243226
0.0371605
0.339159
0.0105976
0.00582244
0.0194209
0.56172
0.00171614
0.00017246
0.460069
0.00511604
0.000517043
0.00287021
0.00249348
0.00240886
0.24001
0.0337718
0.554318
0.166416
0.0148421
0.574707
0.973552
0.00180891
0.80678
0.00201793
0.321669
0.0044969
0.064694
0.00406446
9.41e-06
0.000137387
0.00421969