0.24851
0.671293
0.0145812
0.170824
0.0553609
0.421885
0.0399309
0.0372181
0.0259377
0.00402089
0.148925
0.119429
0.225952
0.398976
0.105793
0.0496368
0.635135
0.00864942
0.76542
0.0724364
0.00719568
0.972432
0.0636818
0.00016545
0.116353
0.0771994
0.652912
0.0717329
0.00571232
0.0446438
0.000193257
0.254385
0.0972527
0.00014499
0.0239154
0.00260326
0.00355131
0.0704897
0.0248147
0.923967
0.0146355
0.0267587
0.000394883
0.00292529
0.00274854
0.00718932
0.0198514
0.708418
0.204187
0.192515
0.000344937
0.0558795
0.00803296
0.0225149
0.141471
0.00013488
0.0045062
0.00160084
0.763531
0.00497315
0.0230988
0.0792885
0.179602
0.00201242
0.000639987
0.0321246
0.00028643
0.209919
0.183108
0.00200178
0.0627441
0.210006
0.934144
0.0203726
0.256819
0.941242
0.00433557
0.0150207
0.00066036
0.079053
0.660914
0.474332
0.00236497
0.0011445
0.238038
0.0816503
0.0170164
0.0019051
0.023708
0.00593081
0.000734807
0.000577813
0.10788
0.0085901
0.00338636
0.00996335
0.210558
0.0503449
0.0300505
0.0185568