0.0147515
0.000710413
0.0540949
0.00044668
0.00083645
0.701537
0.0226336
0.0029042
0.0107813
0.910542
0.000751643
0.000188173
0.433264
0.000829887
0.364596
0.0470334
0.000973823
0.028869
0.207365
0.00227978
0.980886
0.134486
0.00364915
0.0475762
0.00771729
0.0582198
0.976203
0.0182933
0.768695
0.147172
0.000428293
0.00784177
0.00810451
0.96311
0.00250658
0.0578223
0.0526383
0.00602471
0.00151191
0.0201768
0.000361473
0.0044124
0.00235544
0.0110075
4.15767e-05
0.0942801
0.000907883
0.00766655
4.74e-06
0.00401609
0.116941
0.000601103
0.0211034
0.0337477
0.489296
0.0204468
0.00157393
0.00893596
0.000746063
0.000137073
0.45253
0.480764
0.00104562
0.00870362
0.0542961
0.00205064
0.977599
0.00526212
0.456699
0.0360888
0.439088
0.0661013
0.000108757
0.00158692
0.000949157
1.77967e-05
0.000307173
0.719878
0.000445177
0.00130796
0.00645768
0.000105097
0.918687
6.91e-05
0.000173967
0.00109019
0.0512277
0.00783328
0.368298
0.00237007
0.0118715
0.000525577
0.207988
0.247019
0.00231352
0.000742567
0.875378
0.654672
0.0350125
0.0163029