0.000885653
0.249428
0.0446232
0.0411069
0.00260521
0.0298275
0.136714
0.000476267
0.0270292
0.000537383
0.134334
0.87118
0.128953
0.786858
0.0380818
0.00240109
0.0604539
0.229414
0.825879
0.561774
0.0166055
0.310766
0.104412
0.0146199
0.0155047
0.0580568
0.472732
0.685547
0.96638
0.147144
0.00477772
0.784825
0.000722987
0.019392
0.00990868
0.0393404
0.127486
0.00648708
0.000399023
0.142624
0.173
0.00475227
0.111287
0.0256494
0.412202
0.258343
0.00169892
0.014005
0.0159874
0.0219106
0.27169
0.0252493
0.284907
0.800255
0.00675481
0.00227003
0.754887
0.00198837
0.000879147
0.0268593
0.648495
0.00122813
0.0155088
0.0318775
0.00898532
0.0040752
0.376615
0.704309
0.00111577
6.09233e-05
0.0452465
0.000475733
0.000527053
0.0128723
0.000434653
0.00247411
0.128332
0.453114
0.00160246
0.013895
0.00454072
0.010897
0.0781795
0.00376944
0.0113829
0.0870208
0.0145638
0.0161758
0.110938
0.0103441
0.00341558
0.00408789
0.0131649
0.00547712
0.0307993
0.0962337
0.0531813
0.118109
0.561063
0.0005423