0.0361702
0.0979064
0.00280295
0.0115288
0.301917
0.0112233
0.11653
0.0231657
0.0491004
0.0467345
0.104501
0.223832
0.171646
0.406305
0.427114
0.733511
0.00477243
0.804682
0.160084
0.123355
0.575549
0.897155
0.923228
0.476796
0.0313693
0.652138
0.178775
0.0193807
0.378186
0.00139572
0.846643
0.150278
0.000156017
0.0322457
0.000627683
0.00409436
0.000974257
0.199051
0.0188445
0.00298857
0.00126338
0.00201011
0.017202
0.00342028
0.00177136
0.0318001
0.00173052
0.0714806
0.0287487
0.00267777
0.00386987
0.036553
0.557971
0.302487
0.00288081
0.0014488
0.121901
0.586864
0.00677726
0.00114006
0.000804603
0.00226877
0.0365559
0.00131275
0.000880037
0.00268612
0.00774838
0.422067
0.814056
0.000394083
0.00554274
0.0105884
0.00200428
0.0373058
0.0490142
0.00161506
0.0935085
0.0691343
0.159442
0.0061193
0.431042
0.00147394
0.0025645
0.000958563
0.0234393
0.00133311
0.00042381
0.124121
0.755532
0.00711704
0.00474407
0.430216
0.00691177
0.065564
0.0771668
0.00643689
0.00101485
0.149674
0.154276
0.00218521