0.0151288
0.00625638
0.0468756
0.0190263
0.0901309
0.0852432
0.00707753
0.0367212
0.00517179
0.426989
0.231525
0.0764675
0.274015
0.0699527
0.611574
0.0519116
0.597739
0.0851649
0.0375113
0.00262705
0.0311426
0.426257
0.661602
0.707673
0.298167
0.0192533
0.509674
0.0251262
0.176345
0.0346118
0.00619825
0.210175
0.00206631
0.504083
0.0191405
0.417265
0.322323
0.360579
0.373464
0.0137276
0.00799534
0.140995
0.00435655
0.00253444
0.0132079
0.00280915
0.00184756
0.000715313
0.0177849
0.568646
0.00275638
0.00563515
0.00021458
0.0315861
0.00427474
0.00476719
0.046069
0.00406038
0.284114
0.0732516
0.190693
0.00274772
0.00913202
0.0820771
0.00291773
0.360425
0.562789
0.00619061
0.645607
0.00328683
0.364085
0.460526
0.0872085
0.0663169
0.122244
0.0918644
0.0292241
0.0144669
0.752199
0.00365338
0.0116182
0.0520018
0.0435361
0.209602
0.531828
0.00237377
0.0779274
0.095578
0.0672906
0.0885872
0.0422406
0.00890046
0.11622
0.00587311
0.0397088
0.424177
0.0560161
0.141417
8.53567e-05
0.0137596