0.0868892
0.0933831
0.147539
0.00280251
0.0848743
0.00442102
0.00152307
0.073873
0.00529468
0.0421558
0.690219
0.0900783
0.0529747
0.0181521
0.135841
0.0263398
0.796544
0.588452
0.166459
0.588434
0.851669
0.136766
0.0186645
0.532906
0.157373
0.359613
0.0139528
0.158813
0.758705
0.265791
0.0120484
0.583453
0.170672
0.102428
0.628795
0.00582367
0.0858276
0.00634369
0.0393936
0.00909168
0.00017981
0.010887
0.0160988
0.0360636
0.0010087
0.00865781
0.00035257
0.0341385
0.00734712
0.00235962
0.31551
0.133792
0.10893
0.0402506
0.240717
0.0336273
0.0105543
0.136897
0.0278086
0.000168047
0.12445
0.00117818
0.0986336
0.0489105
0.637625
0.0705904
0.215511
0.00510574
0.0767839
0.537212
0.482436
0.000318893
0.0235246
0.277684
0.00661501
0.024104
0.00413314
0.507304
0.00348594
0.00582299
0.0814922
0.54812
5.46367e-05
0.00417422
0.0218495
0.0191514
0.146012
0.00219694
0.0115064
0.00566031
0.248635
0.00941569
0.384031
0.490878
0.00248822
0.0342034
0.0021778
0.00604791
0.0706897
5.64167e-05