0.00493781
0.0163107
0.0742423
0.112506
0.092532
0.036271
0.106355
0.593995
0.268743
0.056561
0.523714
0.0603178
0.174748
0.313261
0.0857502
0.163779
0.207376
0.128051
0.181192
0.853256
0.409951
0.0948238
0.838834
0.0140756
0.249777
0.181539
0.147779
0.0654869
0.0154805
0.0646449
0.00317016
0.0415186
0.0520038
0.0416201
0.0603654
0.0356658
0.0367209
0.143766
0.347983
0.544153
0.0299524
0.00122163
0.00215288
0.520555
0.0744142
0.000871457
0.647457
0.0221988
0.0118025
0.144846
0.154491
0.568638
0.222824
0.000263003
0.0844728
0.0319013
0.21785
0.050929
0.041041
0.207869
0.270278
0.00427994
0.0158354
0.041598
0.189723
0.0105519
0.22569
0.0158516
0.00741252
0.00234134
0.0272892
0.0202685
0.465371
0.0655123
0.0380848
0.0393269
0.0390497
0.167159
0.0450126
0.663633
0.0619172
0.00532548
0.107499
0.00167872
0.0588899
0.260676
0.0129171
0.0020656
0.262638
0.00346076
0.0019811
0.36512
0.0179486
0.662995
0.0888853
0.0721583
0.096235
0.00844875
0.00824488
0.0676383