0.00019935
0.00280121
0.35352
0.00906212
0.00506971
0.0182319
0.00906156
0.0690694
0.00617013
0.785953
0.00422893
0.135738
0.00140238
3.36833e-05
0.0129113
0.00609744
0.00108448
0.0619857
0.907573
0.996997
0.00610008
0.967159
0.00118434
0.0553949
0.821136
0.909225
0.951436
0.0585875
0.00516129
0.107609
0.0437995
0.0092935
0.593786
0.880652
0.0245372
0.0105463
0.00183709
0.000460183
0.024108
0.66007
0.0222489
0.103095
0.000472
0.902397
0.000471687
0.00432319
0.000457867
0.00458634
0.0066701
0.0118001
0.00149473
0.0010836
0.00175532
0.0274908
0.0837402
0.00155234
0.000318153
0.000581573
0.000218873
0.0158126
0.00049684
0.021427
0.951263
0.00054073
0.00256858
0.000197737
0.0221139
0.0179016
0.0018824
0.000850833
0.00632173
0.0201836
0.985167
0.0248376
0.0467515
0.00021678
0.00042865
0.0161
0.058223
0.00057052
0.000195093
0.000158083
0.0461585
0.00990564
0.00106571
0.00178185
0.0244147
0.00136077
0.000463363
0.00341749
0.0033112
0.923157
0.0482514
0.000416567
0.0503737
0.0146157
0.950936
0.00442091
0.0271381
0.000569383