0.00364127
0.818186
0.0177663
0.105056
0.00466745
0.189637
3.30567e-05
0.00228267
0.000205807
0.0562863
0.00520998
1.69833e-05
0.000251337
4.37267e-05
0.00313697
0.828078
0.0359401
0.106244
0.790885
0.94531
0.142048
0.00935152
0.15927
0.934672
0.00104902
0.00041588
2.29967e-05
0.00387159
0.0357893
0.953009
0.0942127
0.000228537
0.0104899
3.18433e-05
0.00120754
0.00333009
0.689425
0.422843
0.00406534
4.95e-06
6.95267e-05
0.143109
4.663e-05
0.00466777
0.178206
0.18591
0.0162494
0.0322643
0.020563
1.66567e-05
0.000249533
0.0237908
0.00973117
0.266024
0.00237553
0.00012062
0.00860387
0.00377876
0.0180921
0.0688541
0.0859701
0.00320566
0.000850153
0.0223413
0.852824
0.0732933
0.000578893
0.043965
0.0654693
7.09767e-05
0.0166449
2.80333e-06
0.00161872
0.000969547
0.00167307
0.00473438
0.00234272
0.000195863
0.680721
0.00635379
1.53433e-05
0.00463585
0.0227223
0.909892
0.145477
0.0440485
0.0710039
0.00067981
0.00859189
0.00135895
0.0313294
0.671049
0.00168999
0.829329
0.0460863
0.00027561
0.00840343
0.994321
3.89133e-05
0.984288