0.00529604
0.0910199
0.00114201
0.00505249
0.536955
0.000224647
0.0600561
0.0248786
0.413213
0.0135255
0.0333217
0.00254689
0.0499549
0.186118
0.496997
0.0134513
0.911586
0.00233779
0.881674
0.00294491
0.0072134
0.104479
0.320509
0.0834935
0.0138361
0.00351299
0.0513567
0.10075
0.698519
0.0383829
0.861851
0.736635
0.00938882
0.110409
0.437903
0.0103695
0.0157622
0.0463609
0.0107958
0.00312605
0.10704
5.862e-05
0.0374906
0.00266422
0.000745197
0.0815024
0.551974
0.00013102
0.062578
0.000902613
0.0397913
0.508745
0.00046757
0.221651
0.00208811
0.0288047
0.0300486
0.0259843
0.0109992
0.0153058
0.00937211
0.914164
0.859261
0.0654018
0.294072
0.00178942
0.0103218
0.78662
0.00496835
0.0203482
0.00044139
0.0534397
0.654767
0.0459843
0.0315908
0.00164895
0.00398953
0.0366183
0.00939224
0.0561092
0.602536
0.00302273
0.0149099
0.00271215
0.000783873
0.00639085
0.00240068
0.177834
0.0433525
0.0164805
0.00559939
0.00120063
0.0184489
0.00134303
0.00889793
0.147649
0.809337
0.00666895
0.141141
0.00306629