0.0101778
0.710513
0.0212767
9.929e-05
0.0338503
0.0263396
0.116512
0.000504487
0.00690995
0.251863
0.0280722
0.0964583
0.00034906
0.138908
0.173733
0.00799549
0.731081
0.201128
0.00484201
0.836128
0.327469
0.0510074
0.77191
0.0355103
0.789041
0.0992964
0.0562002
0.161432
0.073338
0.354711
0.00042245
0.801895
0.00094636
0.00225132
0.0162613
0.0280504
0.00465251
0.00350452
0.0585485
0.0067383
0.0353805
0.00169295
0.0548647
0.504226
0.0564882
0.00041764
0.0401073
0.0695184
0.00708026
0.00361174
0.911023
0.749669
0.000480847
0.00233697
0.0430322
0.310466
0.0145156
0.149217
0.000997373
0.00696203
0.0199169
0.0208741
0.814966
0.153384
0.0166291
0.000164343
0.0387791
0.00210497
0.000823887
0.796205
0.0186998
3.644e-05
0.0526147
0.00944509
0.157245
0.0113274
0.000935857
0.00307779
0.0390637
0.0291697
0.0509128
0.0364074
0.00346775
0.613531
0.583665
0.00411315
0.00877338
0.0566698
0.418187
0.197713
0.143984
0.00531789
0.289292
0.236462
0.0122774
0.00304902
0.0228316
0.0465997
0.0184027
0.060865