0.603914
0.496176
0.0114029
0.000842453
0.00748864
0.0850153
0.0113681
0.0266926
0.0382456
0.0114815
0.0456525
0.716059
0.561164
0.780853
0.172674
0.712925
0.277196
0.0455574
0.022705
0.756876
0.743457
0.0134208
0.0790461
0.0788608
0.280194
0.00286744
0.485899
0.399009
0.00115025
0.0572286
0.244885
0.000880453
0.0883614
0.161136
0.0439031
0.0804043
0.00026623
0.15943
0.00217989
0.117466
0.00266799
0.0941947
0.0279647
0.0763787
0.776431
0.000405327
0.126228
0.0193281
0.0137955
0.159423
0.00252401
0.00188232
0.0192366
0.0714698
0.546809
0.0196422
0.00571569
0.337911
0.0169878
0.0239093
0.0741438
0.0631907
0.153792
0.00120177
0.537198
0.241288
0.0129315
0.0194585
0.266613
0.113382
0.359911
0.012724
0.0353105
0.000438153
0.13424
0.80444
0.0191593
0.230396
0.0623942
0.0336802
0.00302429
0.0429243
0.000661747
0.0134016
0.0610492
0.0486454
0.00906133
0.0613615
0.255041
0.00749456
0.132718
0.00389711
0.0126582
0.0447743
0.318898
0.0156506
0.00943733
0.00713586
0.00192184
0.00711159