0.0445299
0.0002769
0.666067
0.322531
0.0306408
0.0423737
0.0385248
0.120642
0.00534727
0.851232
0.117376
0.0721644
0.033799
0.0290947
0.698777
0.307718
0.0645172
0.00106344
0.0305424
0.444586
0.467561
0.572173
0.0410957
0.0021241
0.0670905
0.977986
0.0932611
0.304732
0.0112898
0.0126566
0.00338997
0.0153371
0.580978
0.0391167
0.0186125
0.0199624
0.0122491
0.101327
0.045547
0.634034
0.0229671
0.0243387
0.399666
0.0022359
0.000430503
0.205504
0.77483
0.000474727
0.00315758
0.234601
0.0586734
0.0815494
0.485147
0.0654992
0.0303693
0.0131544
0.164549
0.00272346
0.00302609
0.00137956
0.131297
0.0496875
0.206765
0.0303903
0.000334607
0.000946987
0.00364535
8.83433e-05
0.345719
0.00271206
0.00096202
0.0451103
0.00055438
0.0419757
0.00916895
0.127419
0.332488
5.40167e-05
0.903977
0.00398418
0.0377731
0.00972467
0.0295065
0.00575084
0.683482
0.0301291
0.0298061
0.00971118
0.00473285
0.0367528
0.0649034
0.182563
0.0432405
0.0184661
0.00864899
0.0302515
0.00212765
0.862933
0.00176789
0.153845