0.105467
0.493753
0.143585
0.0562853
0.00061309
0.031638
0.192296
0.193213
0.115881
0.428573
0.0336149
0.0101484
0.187746
0.210748
0.020821
0.00422635
0.449695
0.355169
0.0762816
0.360195
0.00746579
0.459432
0.0970965
0.0016213
0.386601
0.157361
0.00328731
0.718108
0.613729
0.0358435
0.00531263
0.0662298
0.0248819
0.0087515
0.00117091
0.0139882
0.183646
0.00138024
0.0493694
0.418103
0.0574175
0.00399016
0.0015653
0.159809
0.425966
0.34655
0.0332612
0.637892
0.00200141
0.733533
0.428269
0.0277113
0.00251944
0.0379566
0.0137357
0.00796849
0.754899
0.0119965
0.0608038
0.0460555
0.0179187
0.201586
0.29791
0.0262956
0.0570076
0.0715969
0.388823
0.00355026
0.000182353
0.0251452
0.122888
0.173512
0.00411028
0.00894367
0.19787
0.00471485
0.37932
0.0140504
0.0022383
0.0726824
0.00492772
0.00118206
0.0216009
0.145597
0.0509081
0.00116042
0.00110763
0.0122327
0.493287
0.372281
0.0667327
0.721382
0.00360957
0.017931
0.0602219
0.0697041
0.0038135
0.134814
0.204917
0.0250125