0.00245681
8.30467e-05
0.0145379
0.00572364
0.00434181
0.496034
0.300293
0.00191276
0.560374
0.00800537
0.0257796
0.0174023
0.521114
0.910659
0.0061209
0.0314461
0.666915
0.00105272
0.521413
0.0215213
0.966605
0.687479
0.0814335
0.0406157
0.0609043
0.0102718
0.137436
0.725413
0.220912
0.008438
0.00999246
0.0873687
0.34714
0.0990842
0.000312093
0.00212338
0.0149844
0.217818
0.00083976
0.00371679
0.0034322
0.0107752
0.0212558
0.399062
0.0119604
0.0080418
0.0214664
0.889196
0.000257523
0.00414923
0.00040173
0.120867
0.00012775
0.0451585
0.893436
0.00604777
0.276274
0.00029216
0.0534818
0.0410766
0.0940726
0.479622
0.17886
0.000788537
0.844763
0.00259506
0.00700221
0.0222667
0.00377279
0.00124803
0.0229216
0.00109192
0.289599
0.00114632
0.0017928
0.0182493
0.0345994
0.144209
0.0435549
0.00013138
0.0167985
0.221774
0.0602901
0.821452
0.00235279
0.117633
0.000468153
0.000585437
0.0142739
7.42133e-05
0.154782
0.0604663
0.00296603
0.00514588
0.0103884
0.506472
0.0145322
0.0143433
0.107303
0.0287801