0.0661123
0.00719926
0.598107
0.194025
0.016745
0.254699
0.000326187
0.00132314
0.556894
0.00038084
0.0143108
0.0321192
0.754404
0.686806
0.00213185
0.260642
0.694437
0.144273
0.107283
0.137319
0.798537
0.657875
0.308979
0.800927
0.0397111
0.0404755
0.0243447
0.092593
0.00032474
0.00781402
0.0288706
0.333337
0.260947
0.609288
0.00159772
0.396802
0.0413561
0.512992
0.0137011
0.0186278
0.081413
0.0117438
0.000748793
0.337032
0.0123304
0.0193381
0.296514
0.00041949
0.00088587
0.0418276
0.0292347
0.00261204
0.427113
0.000286337
0.0144859
0.177523
0.0616454
0.0149991
0.0320239
0.199198
0.00621894
0.0952989
0.00367085
0.0991336
0.00157136
0.210184
0.0739757
0.0918012
0.0138721
0.0870211
0.103309
0.20519
0.150743
0.00443388
0.00206452
0.76011
0.00460765
0.0168059
0.043112
0.00538497
0.0280652
0.0919586
0.0096417
0.010335
0.480249
0.00154673
0.0300087
0.000928887
0.0374913
0.0192651
0.00304788
0.0134658
0.0309444
0.00793511
0.514056
0.0719467
0.245782
0.0102898
0.13447
5.297e-05