0.178023
0.803788
0.0215221
0.0813833
0.677562
0.591643
0.03398
0.00103945
0.0141092
0.172801
0.00891736
0.0746782
0.00367837
0.16231
0.166575
0.140788
0.106528
0.0728809
0.315494
0.267474
0.728261
0.213502
0.02745
0.462449
0.0852543
0.199362
0.229646
0.2205
0.108337
0.652315
0.00464031
0.0229492
0.199947
0.262878
0.010551
0.0582811
0.0103801
0.106269
0.0251719
0.071077
0.0512917
0.148629
0.186142
0.129748
0.556878
0.289922
0.00376696
0.00842984
0.0305601
0.626749
0.00589886
0.00187494
0.639462
0.00720995
0.00709629
0.00695937
0.0372505
0.0246629
0.721079
0.0610032
0.0053087
0.0507473
0.00174553
0.000444697
0.266741
0.00085656
0.0932339
0.00142198
0.0517534
0.0733569
0.0118534
0.00165815
0.0567824
0.0429183
0.0092224
0.00462101
0.0341918
0.0531037
0.0394895
0.1365
0.0109842
0.00643394
0.441046
0.0529515
0.502359
0.00194057
0.113221
0.655798
0.0231213
0.00610846
0.0401547
0.0231143
0.0169509
0.154411
0.0728908
0.639208
0.0625285
0.0208525
0.0640948
0.016868