0.0868752
0.65631
0.0708162
0.175901
0.00574142
0.403365
0.0297363
0.00584175
0.267386
0.389063
0.000349753
0.00063772
0.00349242
0.0104713
0.0129941
0.0158146
0.149856
0.353803
0.921462
0.864406
0.00102005
0.0635758
0.339478
0.106533
0.0666858
0.0700546
0.273376
0.959722
0.000154107
0.436857
0.0389635
0.00957761
0.0163557
0.0222923
0.0921567
0.0144826
0.0145403
0.0418493
0.0054602
0.00310722
0.182989
0.0202305
0.0831073
0.000764833
0.273942
0.0184893
0.182734
0.169443
0.0514303
0.00265958
0.0148377
0.259419
0.0479999
0.0269378
0.0749517
0.869744
0.504247
0.0297671
0.0539237
0.0103575
0.136772
0.000881407
0.00166165
0.0475424
0.0423562
4.64667e-05
0.0170052
0.0797288
0.00829126
0.0879147
0.676666
0.027725
0.000403733
0.00233706
0.00211589
0.00340564
0.00282024
0.00461003
0.041459
0.00274673
0.181752
0.00065314
0.655166
0.0803817
0.000334953
0.000435427
0.0359083
0.00101748
0.0114299
0.0011086
0.0575272
0.610687
0.632656
0.000405253
0.00296736
0.287009
0.0381056
0.0057797
0.419896
0.91175