0.000628717
0.0283539
0.123208
0.00068367
0.00509721
0.00446292
0.0125446
0.0155572
0.000541957
0.173302
0.0017612
0.00358791
0.740448
0.0187743
0.0219987
0.305831
0.625411
0.092501
0.322403
0.290091
0.748744
0.0209132
0.139316
0.250944
0.169201
0.296572
0.0951407
0.417496
0.65616
0.0694335
0.0588771
0.141979
0.16651
0.0510662
0.061449
0.595969
0.0322826
0.153143
0.0527685
0.319077
0.0292878
0.00078834
0.365467
0.0445427
0.0483556
0.00247835
0.126016
0.663577
0.116619
0.00618308
0.0277673
0.0396259
0.0132925
0.01948
0.323141
0.538471
0.061593
0.16971
0.00097477
0.0690763
0.0481498
0.000697067
0.00065346
0.00934936
0.0901616
0.0862754
0.203732
0.00327106
0.000353393
0.0712554
0.00892799
0.0679141
0.451864
0.0305488
0.0144291
0.0305108
0.00642822
0.582968
0.233833
0.00101298
0.00721748
0.0089253
0.210983
0.579219
0.0456118
0.0675674
0.202585
0.212266
0.621739
0.353279
0.000762453
0.695285
0.00370903
0.00851329
0.00980445
0.0279583
0.00793469
0.000581493
0.0101167
0.0329296