582159833
745218997
3345613385
2941010573
164573604
1277589331
2802537315
3719549098
335824742
2410193744
3638941409
3639993755
1680445957
2935698970
3681999002
3543432550
2391224902
4291231881
723802096
3369605206
296306866
2781979242
880109949
4122002246
1966539635
1503732953
1398588444
2319016835
1132944443
2861709673
2526302586
1588125663
938565269
893560358
829271846
27529471
2972712202
4173592452
1744357735
1694865357
233311729
2522111498
404716307
3396874044
2569385096
2059744277
1944255267
2632086913
2711869357
258208932
3025168854
1142306295
1241493000
2915606233
4184783016
3426621975
1289210363
2829533151
82699167
1478781340
278865006
1753718826
3037127264
3782005208
540316752
1668921812
3646357634
624162251
4037378362
3003666901
2573244299
2149561289
2920306051
2148602669
4241645498
3727498946
2881560904
604571014
539463886
3532585452
1977454271
385465679
1188306524
3041326810
3479568017
1710704699
3427451439
781168533
4057275735
1757836516
1381285046
3347343191
3942565368
2406496648
1759055074
2671783080
480891202
2107981386
2380467647
232843779
