0.489853
0.556874
0.507812
0.535206
0.563994
0.470721
0.509709
0.428299
0.501784
0.471081
0.403495
0.42228
0.436456
0.480275
0.599667
0.571072
0.465134
0.588252
0.53206
0.439967
0.559216
0.48415
0.570335
0.532249
0.571666
0.569547
0.450566
0.594784
0.553114
0.451613
0.498145
0.530419
0.584695
0.593638
0.57265
0.563663
0.423618
0.451594
0.492428
0.49597
0.405038
0.442615
0.494256
0.473243
0.472568
0.426728
0.55178
0.416361
0.43291
0.58735
0.563896
0.557814
0.548893
0.548391
0.419136
0.548564
0.488347
0.562507
0.563689
0.45937
0.409549
0.403896
0.47126
0.445076
0.548383
0.596993
0.550648
0.551035
0.508319
0.410306
0.497446
0.458151
0.420359
0.538372
0.513242
0.407448
0.523536
0.51745
0.534174
0.402584
0.415295
0.403721
0.407832
0.454384
0.593272
0.448054
0.537529
0.402404
0.56941
0.59443
0.434371
0.409664
0.415921
0.59813
0.427561
0.592633
0.580738
0.497491
0.599138
0.594908
0.49691
0.588661
0.591679
0.443159
0.473271
0.515575
0.509441
0.411514
0.59652
0.547992
0.491656
0.454133
0.578871
0.459046
0.571788
0.42312
0.464569
0.599512
0.438878
0.574191
0.497084
0.407325
0.450962
0.530475
0.459252
0.478976
0.400038
0.480942
0.530887
0.552143
0.592457
0.530002
0.431395
0.404714
0.501492
0.483852
0.575593
0.477202
0.595788
0.476984
0.49224
0.519918
0.480155
0.471233
0.436762
0.537341
0.51307
0.569334
0.417666
0.575388
0.599329
0.52145
0.40008
0.529193
0.414262
0.528151
0.501796
0.474077
0.586313
0.585869
0.417047
0.46446
0.423473
0.400302
0.446838
0.474341
0.56114
0.53282
0.433166
0.560674
0.563967
0.454233
0.42757
0.541695
0.479228
0.515115
0.552853
0.515056
0.56178
0.592732
0.569598
0.492848
0.58737
0.447855
0.426397
0.523899
0.499831
0.419501
0.455135
0.492863
0.456264
0.459658
0.447515
0.401478
0.473256
0.594906
0.413406
0.406313
0.472616
0.573183
0.490371
0.514043
0.535035
0.522641
0.472386
0.533492
0.442768
0.481406
0.481035
0.468572
0.506698
0.499267
0.419057
0.521269
0.41529
0.572452
0.515545
0.508625
0.564941
0.506884
0.562649
0.539227
0.419488
0.4009
0.470757
0.552343
0.511242
0.433276
0.521783
0.450195
0.483274
0.516795
0.408706
0.49724
0.58583
0.519069
0.586215
0.52998
0.511488
0.558419
0.50276
0.577997
0.575035
0.444475
0.519768
0.403593
0.460795
0.547561
0.421737
0.487338
0.45142
0.545242
0.41445
0.528642
0.504037
0.592788
0.577583
0.506115
0.485046
0.436312
0.494352
0.401861
0.547231
0.40075
0.441208
0.583496
0.562676
0.47919
0.525792
0.576715
0.447207
0.422382
0.464365
0.546514
0.545735
0.439652
0.489201
0.549299
0.501267
0.409449
0.407122
0.437234
0.542596
0.417715
0.476636
0.586752
0.467221
0.475303
0.570442
0.536854
0.415329
0.463071
0.455795
0.541266
0.511062
0.463309
0.405823
0.435879
0.436375
0.522843
0.585299
0.404865
0.575324
0.469318
0.500231
0.562796
0.490318
0.516098
0.482029
0.468707
0.40827
0.579527
0.411747
0.407801
0.543186
0.489872
0.482928
0.424147
0.567482
0.579056
0.435335
0.448952
0.474304
0.512414
0.494709
0.51279
0.402091
0.401113
0.459643
0.468742
0.454957
0.429519
0.428818
0.545179
0.407947
0.573445
0.443657
0.587427
0.571741
0.429351
0.466393
0.442487
0.576281
0.568001
0.469203
0.421495
0.490043
0.455371
0.422459
0.534849
0.435898
0.467576
0.53407
0.492806
0.541796
0.592382
0.444618
0.448208
0.551001
0.575158
0.520994
0.459931
0.568671
0.588797
0.504098
0.500099
0.427896
0.537344
0.506957
0.467516
0.431884
0.525618
0.502868
0.555518
0.481849
0.569381
0.424448
0.512678
0.598398
0.55793
0.428337
0.469208
0.581404
0.549065
0.474785
0.583869
0.521954
0.40779
0.543811
0.415531
0.495949
0.418348
0.521952
0.56995
0.59316
0.512065
0.485177
0.568301
0.426737
0.587173
0.550945
0.534773
0.471768
0.498027
0.470642
0.582849
0.520553
0.499991
0.482206
0.58662
0.480474
0.503569
0.411577
0.43729
0.434365
0.500262
0.591669
0.598744
0.505041
0.493002
0.462733
0.485548
0.443358
0.580149
0.442334
0.455894
0.565373
0.525108
0.584247
0.589138
0.496042
0.424023
0.588595
0.552164
0.470332
0.506328
0.424011
0.582114
0.544324
0.595594
0.585284
0.548022
0.409321
0.518665
0.480296
0.576414
0.479194
0.516947
0.438776
0.529385
0.52399
0.565244
0.415167
0.443898
0.540255
0.550759
0.554444
0.55564
0.527953
0.406861
0.477164
0.465463
0.463951
0.475675
0.472861
0.481002
0.51001
0.439977
0.473103
0.536112
0.553299
0.499179
0.551107
0.588921
0.506006
0.502684
0.415679
0.426098
0.576146
0.458763
0.477271
0.441571
0.508671
0.496569
0.587582
0.519109
0.592311
0.515158
0.5931
0.402796
0.507918
0.460722
0.490424
0.408963
0.544056
0.491124
0.592087
0.400154
0.562189
0.563492
0.455485
0.575196
0.485269
0.510148
0.443458
0.570513
0.413955
0.502718
0.442794
0.405526
0.469505
0.589437
0.552157
0.519328
0.489633
0.526146
0.435553
0.536671
0.5483
0.489524
0.483764
0.498263
0.497325
0.551808
0.584793
0.569031
0.564126
0.465821
0.542293
0.450229
0.553395
0.47359
0.558805
0.590183
0.416718
0.582685
0.417144
0.584366
0.425341
0.461638
0.563893
0.438288
0.436495
0.426676
0.501111
0.530133
0.479089
0.429374
0.421273
0.583894
0.464556
0.53682
0.576924
0.535551
0.475934
0.508846
0.533998
0.466353
0.431622
0.530813
0.493606
0.470772
0.563055
0.435725
0.44494
0.580247
0.488758
0.472623
0.401849
0.586215
0.489798
0.439189
0.41544
0.423589
0.448558
0.538452
0.483317
0.534047
0.426537
0.402515
0.503163
0.467359
0.509073
0.507114
0.497062
0.521741
0.410263
0.4511
0.513726
0.596826
0.449555
0.583814
0.462728
0.545644
0.493258
0.58392
0.568755
0.534232
0.52322
0.52626
0.544485
0.416359
0.524842
0.47029
0.594058
0.531694
0.495293
0.495599
0.482369
0.494637
0.559407
0.48689
0.488529
0.487295
0.451251
0.527617
0.501334
0.54289
0.517712
0.516708
0.525396
0.480953
0.43556
0.487009
0.474022
0.462037
0.567173
0.422186
0.405077
0.486085
0.402003
0.481232
0.508724
0.476168
0.505705
0.520519
0.551433
0.548545
0.587961
0.469313
0.543757
0.549933
0.494701
0.54551
0.47333
0.555719
0.405066
0.586514
0.563162
0.472288
0.461794
0.420288
0.57214
0.411749
0.595153
0.504393
0.572649
0.435457
0.419488
0.525701
0.443464
0.412063
0.481756
0.552739
0.451726
0.452047
0.509424
0.446002
0.574425
0.542052
0.527088
0.464046
0.522015
0.411859
0.573378
0.498661
0.585544
0.503352
0.599536
0.420942
0.532317
0.407893
0.41376
0.58036
0.404751
0.494232
0.487107
0.569729
0.519851
0.591369
0.536338
0.424421
0.541534
0.46212
0.563887
0.465341
0.563076
0.502143
0.527739
0.404431
0.501124
0.520528
0.4248
0.415584
0.521645
0.494149
0.48501
0.492747
0.569799
0.556855
0.57804
0.485204
0.595343
0.551652
0.522256
0.543499
0.528844
0.521441
0.50893
0.410815
0.559575
0.576006
0.526435
0.589305
0.445363
0.588732
0.432926
0.575524
0.466326
0.504082
0.470301
0.555152
0.546841
0.536892
0.51431
0.560669
0.574065
0.411602
0.495144
0.405119
0.588237
0.445388
0.580633
0.521256
0.46291
0.420955
0.414685
0.592332
0.459741
0.534276
0.529702
0.59917
0.450611
0.430582
0.477313
0.401947
0.449098
0.527004
0.515976
0.504506
0.51127
0.456873
0.440109
0.475818
0.563424
0.58274
0.404274
0.533934
0.423379
0.431723
0.477276
0.50366
0.596348
0.507767
0.535368
0.560835
0.458562
0.506074
0.49381
0.465309
0.43971
0.444978
0.510755
0.543119
0.544235
0.443826
0.538083
0.591016
0.510808
0.479842
0.450638
0.500536
0.537842
0.596721
0.417138
0.506624
0.414417
0.407381
0.591836
0.561872
0.448785
0.435097
0.466434
0.469535
0.593883
0.524293
0.478343
0.466496
0.506377
0.466658
0.403743
0.547916
0.469934
0.535766
0.588505
0.514869
0.414779
0.48027
0.42215
0.568181
0.431849
0.516884
0.586077
0.439952
0.506434
0.491691
0.440021
0.42468
0.568106
0.488505
0.549648
0.571676
0.456074
0.426959
0.420626
0.452531
0.43605
0.575636
0.599798
0.465708
0.409726
0.454967
0.490286
0.573767
0.558929
0.484659
0.525528
0.526287
0.541376
0.523748
0.414547
0.520677
0.552731
0.442692
0.592854
0.505714
0.443639
0.463017
0.541174
0.437187
0.454515
0.544686
0.443432
0.432172
0.42621
0.422342
0.408639
0.59867
0.481555
0.447246
0.425105
0.407316
0.533967
0.425643
0.428808
0.461372
0.491449
0.424381
0.415216
0.437116
0.588759
0.532209
0.518674
0.445033
0.459507
0.513568
0.484079
0.468708
0.450075
0.495831
0.470935
0.518206
0.589653
0.544858
0.455068
0.592565
0.429337
0.427401
0.475226
0.449956
0.573803
0.431549
0.485762
0.500723
0.488954
0.571949
0.406755
0.418728
0.543609
0.590597
0.514688
0.445819
0.485179
0.468686
0.43159
0.502603
0.567723
0.544741
0.477908
0.425611
0.478926
0.400953
0.535547
0.495675
0.570223
0.593137
0.455309
0.534206
0.445053
0.54561
0.438767
0.425674
0.556934
0.483096
0.538488
0.583661
0.507542
0.505441
0.580218
0.565363
0.404172
0.54259
0.484192
0.554857
0.566194
0.451615
0.413294
0.454042
0.423033
0.426238
0.464304
0.428149
0.46934
0.430651
0.515701
0.534585
0.519685
0.538968
0.529059
0.584416
0.531248
0.571298
0.560897
0.408403
0.487431
0.59812
0.487741
0.518537
0.402489
0.544004
0.525494
0.503227
0.522605
0.479578
0.593281
0.491479
0.408138
0.439811
0.40792
0.46796
0.551158
0.416695
0.483392
0.51495
0.435882
0.528871
0.56509
0.446801
0.497575
0.485314
0.444754
0.411677
0.437241
0.449878
0.514064
0.572873
0.415439
0.554278
0.537997
0.500604
0.464267
0.400299
0.447515
0.594926
0.476201
0.432841
0.414752
0.404285
0.510849
0.504003
0.447866
0.491173
0.583452
0.466811
0.565244
0.4639
0.403789
0.534723
0.573912
0.532966
0.441695
0.587846
0.571795
0.435279
0.563537
0.532594
0.400544
0.447318
0.536712
0.576775
0.547362
0.49928
0.450192
0.428768
0.422469
0.491565
0.454116
0.557814
0.599103
0.42207
0.558949
0.417983
0.597894
0.424268
0.495576
0.428313
0.470217
0.584619
0.444072
0.464425
0.550075
0.472089
0.534649
0.591925
0.4553
0.508446
0.578539
0.595158
0.409048
0.55403
0.446629
0.590542
0.468277
0.542025
0.55442
0.520084
0.472572
0.469473
0.567716
0.524171
0.585547
0.437082
0.53594
0.473893
0.522843
0.592663
0.424999
0.499796
0.549475
0.525476
0.595857
0.489269
0.558517
0.407211
0.536605
0.513724
0.544844
0.57148
0.465132
0.412118
0.453134
0.575699
0.525169
0.519853
0.582199
0.443319
0.514147
0.459046
0.401774
0.482677
0.455223
0.423716
0.53246
0.418244
0.578764
0.456277
0.4232
0.597806
0.479794
0.482655
0.409772
0.57314
0.586942
0.500916
0.434967
0.40865
0.493869
0.464678
0.485368
0.413357
0.485681
0.463336
0.423834
0.587714
0.477776
0.556008
0.530087
0.567074
0.424425
0.443066
0.40904
0.502363
0.433845
0.496532
0.458567
0.41532
0.485192
0.410074
0.473899
0.449659
0.411158
0.59443
0.459833
0.471699
0.44329
0.579412
0.550016
0.439937
0.587425
0.560135
0.56827
0.585144
0.528569
0.412796
0.599715
0.437579
0.548339
0.404088
0.536715
0.538154
0.553598
0.573771
0.426778
0.424318
0.555505
0.583995
0.478874
0.475832
0.516777
0.427555
0.548038
0.532251
0.500987
0.403326
0.580547
0.509489
0.529028
0.489048
0.451961
0.419601
0.45213
0.572059
0.578153
0.561548
0.59821
0.441675
0.595589
0.407602
0.52467
0.499331
0.585273
0.422961
0.587566
0.447187
0.533874
0.439403
0.535829
0.422758
0.520434
0.478163
