0.00747324
0.0630959
2.10333e-06
0.0745247
0.885899
2.72333e-06
2.13e-06
0.000309277
0.000672927
0.0999986
0.00408726
0.0305243
0.915833
1.70667e-06
0.962805
1.73867e-05
2.76667e-07
0.00953761
0.00100217
0.62641
0.0258151
0.363876
0.0251061
0.00172238
0.0972649
0.000224603
0.00973714
0.878494
2.10333e-05
0.0035974
0.0455744
0.000137377
0.0025093
0.576896
0.000524437
0.00117681
0.00304356
0.00149586
0.0808142
0.995709
0.0708275
0.0347103
0.000100003
0.003461
1.62767e-05
0.911126
0.0034288
4.635e-05
2.91833e-05
0.00320252
0.000557697
2.47333e-06
0.00125244
0.113824
0.000230187
0.00227466
0.00043568
0.00086978
0.0044779
0.00232431
0.0102008
0.996131
0.841785
3.238e-05
0.00014985
0.717224
5.69333e-06
1.767e-05
0.0286715
0.116956
5.21533e-05
1.01133e-05
0.000344483
3.82067e-05
0.041485
0.0692115
0.629224
0.000113207
0.907625
0.000144687
0.494494
0.149068
4.55e-06
0.077505
0.0594321
0.027544
4.60067e-05
8.01333e-06
0.00189845
0.00082054
0.0262603
0.000395003
0.0060546
0.943242
0.0554835
0.00299151
0.793073
0.0103961
0.0390548
0.00367145