0.000825377
0.00705522
0.0132957
0.0376111
0.00552462
0.018954
0.142316
0.632873
0.00422866
0.159647
0.0338027
0.00192511
0.063135
0.770999
0.238155
0.473688
0.274476
0.403
0.273432
0.171593
0.0631023
0.199148
0.524915
0.146652
0.280092
0.14943
0.11688
0.230468
0.0355432
0.0866891
0.139165
0.285281
0.00182918
0.000183143
0.00559629
0.281586
0.42368
0.0471629
0.0292943
0.0716636
0.00028088
0.0122643
0.00242864
0.00523577
0.00138999
4.67567e-05
0.0010022
0.0598829
0.0299971
0.0828533
0.0603952
0.0560254
0.0672807
0.00542152
0.0273263
0.636212
0.00040169
0.343847
0.197749
0.0635452
0.00478893
0.249436
0.0175426
0.0304213
0.271289
0.0384605
0.00040991
0.000117803
0.0131497
0.00907753
0.0893014
0.527379
0.20833
0.00021286
0.223299
0.0951087
0.0211438
0.644435
0.00357593
0.00130586
0.705795
0.0961138
0.268825
0.0169814
0.0130972
0.697518
0.284727
0.0198377
0.00683636
0.245453
0.607401
0.0429601
0.24884
0.037005
0.00807445
0.0257234
0.0238437
0.00071006
0.664859
0.0381301