0.482359
0.0182406
0.101643
0.107835
0.000310497
0.994805
0.00266795
2.275e-05
0.117894
0.044359
0.910256
0.00384012
0.842863
0.00388634
0.0002517
0.000155403
0.0175117
0.00160574
0.00615051
8.01267e-05
0.98711
0.00652103
3.615e-05
0.000220173
0.00175525
0.00099581
0.00013783
0.793218
0.000657953
2.33333e-08
0.000270717
0.157477
0.0155835
0.000355417
0.168207
0.824765
0.00329394
0.0239523
0.000683713
0.156152
0.000617863
0.00234803
0.134126
0.00048953
0.0029575
0.76957
0.000131203
0.00395496
0.0697162
0.00110873
0.0114924
0.0060884
2.129e-05
7.28933e-05
0.019641
0.0493653
0.00816195
0.00050771
4.272e-05
0.00468451
0.00011922
0.097778
2.58233e-05
0.053213
2.49533e-05
0.203596
0.660259
0.161459
2.05833e-05
7.374e-05
0.0176935
0.277557
9.35333e-05
0.82988
0.0687277
0.000891923
0.00376362
0.000272837
0.576788
0.428305
0.0276616
6.56e-06
0.00429993
0.298997
0.000114523
0.000102473
0.00322263
0.322447
0.998249
0.78249
0.219027
2.61667e-06
0.00921534
0.000588337
0.0154049
0.00472418
0.180671
0.860516
0.00845854
3.295e-05