0.963696
4.59367e-05
0.0219624
0.000157087
5.99267e-05
3.98667e-06
0.0143722
0.00377296
0.00201787
0.018124
0.877098
5.23667e-06
0.00214571
0.000205757
0.0614302
0.000224867
0.00847105
0.969822
0.00242277
0.975382
0.832509
0.0264151
0.0265475
0.0203449
0.00812504
0.0419061
0.985132
0.0266464
0.00625268
2.29333e-06
9.639e-05
0.972636
0.000353873
0.0109271
2.43e-06
0.911327
0.0702864
0.00366836
0.00506227
0.000393297
1.04033e-05
0.000147133
9.8e-07
0.0428387
0.00153695
5.88e-06
0.0268793
1.15167e-05
0.0656731
0.00027831
0.018972
4e-08
0.000368603
0.000435073
0.000131963
7.43333e-07
0.000386253
0.00780681
0
1.13333e-06
9.17667e-06
0.923391
0.964474
0.0026201
0.788873
0.0138876
0.0108058
9.026e-05
0.000251157
0.999787
1.66667e-06
0.0199273
0.0102623
5.23667e-06
0.00454033
0.948869
0.00361611
0.0049307
0.000110083
0.000959843
0.942812
0.0160396
0.349492
0.000930427
0.000965373
0.0159393
0.0220727
0.0278546
0.000160677
3.67533e-05
0.0001693
0.889606
2.85933e-05
1.27e-06
0.00056604
1.05e-05
0.000281767
4.43667e-06
5.55367e-05
2.353e-05