0.109537
0.0113014
0.0286521
0.7148
0.00406438
0.00344448
0.0251741
0.39603
0.092958
0.881661
0.0156064
0.0285872
0.0223298
8.43033e-05
0.0272971
0.0491487
0.915046
0.874877
0.966994
0.0420933
0.262677
0.0257471
0.0551995
0.813025
0.0333666
0.241124
0.00311786
0.0513917
0.127099
0.87109
0.0125529
0.875051
0.0411245
0.0986817
0.00842463
0.00263249
3.772e-05
0.000250333
0.0141133
0.0294976
0.0352608
0.132381
0.914104
0.000153283
0.000257967
0.000705197
0.00041092
0.410517
0.0344898
0.544912
0.00336699
0.0208918
0.0326846
0.325173
0.00357347
0.0174572
0.0349541
0.0715629
0.006857
0.044338
0.0996629
0.0688598
0.00232041
0.054305
0.880537
0.00692832
0.0466368
0.286102
0.00533538
0.00128609
0.0108045
0.00631273
0.00354295
0.1611
0.0270285
0.000100773
0.00151941
0.00632386
0.00013835
0.881526
0.000597353
0.000293903
0.0191132
0.00911732
0.0312958
0.00820331
0.0383576
0.0358696
0.00599273
0.00291846
0.0002837
0.000378883
0.00209587
0.0100911
0.868974
0.00204442
2.58e-06
7.73433e-05
0.00156802
0.00241407