0.00719364
0.0241885
0.83284
1.58533e-05
0.0968267
0.123739
0.271439
0.00233094
0.953747
0.0029309
0.0677955
0.00170013
0.0179825
0.00025481
0.0531618
0.00305161
0.806103
0.957651
0.00152202
0.00251063
0.0409612
0.0281143
0.923467
0.000582613
0.0179337
0.101878
0.000189893
0.0712325
0.00115485
0.320513
0.0285467
2.497e-05
0.00224866
0.00213137
0.0156944
0.00097327
0.0095968
0.0237401
0.0224147
0.000293967
0.00713072
0.00011258
0.660478
6.18333e-06
0.00284197
0.916777
0.00866345
2.668e-05
0.0060995
0.00508824
0.00129449
0.0264743
0.375251
0.00139675
0.0209712
0.0166388
0.00158947
0.907606
0.00378138
0.000141623
0.910125
0.0112022
0
0.845722
0.948027
0.000415577
0.00109522
0.104678
0.00787932
0.000522733
0.0879422
0.00285422
0.00326085
0.0316156
0.00140177
0.00444309
0.0759951
0.00206553
0.000193897
0.00659941
0.182017
0.00012037
0.00029737
0.0259571
0.0015307
5.26733e-05
0.0451595
0.00334233
0.0535527
0.0439018
0.00143054
0.99679
1.11567e-05
0.0221041
0.00701432
0.0819091
0.0554713
0.928737
0.701648
0.00187004