0.00645915
0.121585
0.00653773
0.0026687
0.0472939
0.00168773
0.11835
0.277618
0.000262097
0.0044149
0.158629
0.0476736
0.0990539
0.0624027
0.342788
0.100036
0.36765
0.555812
0.0113075
0.346345
0.0129653
0.0889341
0.616742
0.869368
0.592567
0.25923
0.625452
0.151411
0.0222235
0.738025
0.220412
0.211011
0.00435669
0.0224762
0.327248
0.054897
0.511839
0.0498199
0.123735
0.0166626
0.0354028
0.123848
0.0665961
0.266908
0.000626337
0.0531712
0.0908086
0.132
0.00292271
0.013242
0.0212437
0.0104754
0.0113705
0.113918
0.507782
0.000173253
0.0891758
0.00106533
0.209574
0.0545941
0.475987
0.00731025
0.0105033
0.000216887
0.0998433
0.0471174
6.23633e-05
0.187948
0.0007705
0.0104649
0.000810863
0.184883
0.00992726
0.025362
0.000292697
0.0848184
0.00588415
0.131904
0.174802
0.194159
0.00162437
0.00270899
0.000419533
5.19567e-05
0.807848
0.0548791
0.279635
0.0524413
0.110684
0.884203
0.206464
0.0566221
0.353744
0.0700524
5.99e-05
0.0505604
0.250253
0.0691022
0.0927217
9.05667e-06