0.00466603
0.901544
0.84412
0.0311133
0.0550995
0.391063
0.249374
0.0119134
0.036936
0.018218
0.588876
0.902487
0.0128618
0.00526795
0.00200785
4.14e-05
0.424748
0.975641
0.500138
0.00121604
0.019321
0.000890787
0.0168186
0.0997631
0.980838
0.182478
0.117768
0.0103091
0.00481003
0.18158
0.0882409
0.958816
0.0008244
0.393878
0.0200837
0.010874
0.00378513
0.00205412
0.0114826
0.000398223
0.00609104
7.519e-05
0.0235311
0.0405994
7.24667e-06
0.00180119
0.00370533
0.0001382
0.374876
0.89037
0.0145796
0.00832926
0.437108
0.000318393
0.117346
0.00767656
6.186e-05
0.00268142
0.000119927
0.000848667
8.56e-06
0.980536
0.000196283
0.0116574
0.0031562
0.00545865
0.525899
0.0752308
0.00826734
0.135087
0.0306407
0.000575197
0.00588656
0.0071722
0.0238282
0.00579902
0.879032
0.0294221
4.17233e-05
0.0132946
0.011544
2.73533e-05
0.119396
0.963863
0.00041939
2.669e-05
0.00469741
0.0126507
0.00942437
0.0143611
0.00421242
6.66433e-05
0.0032386
0.00976743
0.000849787
0.000170857
0.0950897
0.00594716
0.00663594
0.00380877