0.230713
0.315186
0.000403393
0.0900087
0.00572471
0.000207
0.99013
0.262393
0.0392182
0.990037
0.000746927
0.261734
0.428519
0.248408
0.000972757
0.0508139
0.0388268
0.225191
0.964535
0.0709308
0.287583
0.00926767
0.0231865
0.128845
0.000898517
0.46716
0.393901
0.247091
0.0805055
0.485442
0.160283
0.403814
0.0204497
0.135489
0.00084004
0.606519
0.00298208
0.00212501
0.00236512
0.000122453
0.00230064
0.144903
6.48167e-05
0.00914504
0.0692705
0.0489629
0.0321958
0.851518
0.0803748
0.00266526
0.000990147
0.034821
0.0248723
0.261931
0.0382877
0.00753338
8.091e-05
0.340507
0.00679526
0.0176391
0.0329491
0.0106789
0.163856
0.0079197
0.000107137
0.47959
0.0221738
0.00074243
0.000108403
2.78667e-06
0.00521836
0.142986
0.174366
0.712044
0.00146846
0.0361519
0.127397
0.000267203
0.104609
0.055637
0.00101469
0.144848
0.0188862
0.0142978
0.184971
0.365653
0.0215412
8.63333e-06
0.0213759
0.0238178
0.561562
0.000209473
0.224705
0.145222
0.416122
8.39433e-05
0.0282369
0.00344859
0.0971912
0.000104503