2.53333e-07
0.00098857
0.883278
6.63567e-05
0.891835
0.0001106
0.923486
0.0464156
3.66667e-08
0.0280687
0.0112656
2.93333e-07
0.201458
0.000435803
0.00146813
0.965008
0.00016044
0.0182593
0.998981
0.972463
0.160705
0.00132475
0.000136797
0.994897
0.000721523
6.05667e-06
0.978288
0.334731
2.21667e-06
0.0034972
0.443597
5.34133e-05
0.0134169
0.000791207
9.91467e-05
5.92667e-06
0.00035799
0.00272595
2.32667e-06
0.00027975
0.00067621
0.00055264
0.00570555
0.0105886
0.000137473
0.0170011
0.121447
0.000168407
0.00133718
0.806404
3.24e-06
0.00025827
0.0121484
0.8677
8.8e-07
0.00015491
3.24333e-06
0.0106778
0.881176
3.73333e-07
0.00271309
0.0015289
0.0130155
0.127329
0.0100153
0.21318
0.000231587
0.74151
0.00056785
2.79e-05
0.00254696
0.00017194
1.878e-05
0.00255911
4.598e-05
0.00273946
6.16333e-05
0.00331834
0.000134187
5.866e-05
0.00105805
0.00886525
0.00016354
0.0923299
0.0925426
0.98591
0.982948
9.80667e-06
0.000276963
0.00087565
9.679e-05
0.00120803
1.828e-05
0.00255776
7.66667e-08
0.0017009
0.00048476
0.0798114
0.00162589
0.0102122