0.00231653
0.00954218
0.911076
0.00107309
0.0128821
0.00041393
0.000750327
0.000383817
0.902934
0.944912
0.0623619
0.925416
0.106717
0.000227747
0.0178305
0.914099
0.00972727
0.281211
0.0167003
0.19239
0.0108175
0.000903417
0.905016
0.0270506
0.190363
0.00545499
0.022283
0.00334189
0.328783
0.000116633
0.00766607
0.0838419
0.0704204
0.546278
0.000175603
0.0307929
0.0839954
4.67667e-06
0.0173222
0.96894
0.830744
0.00396445
3.064e-05
1.56667e-07
0.000981877
0.0420843
6.786e-05
3.831e-05
0.00974451
0.000147063
0.214747
0.0295934
7.10867e-05
0.0235912
0.00404644
8.301e-05
0.055857
0.0574793
2.949e-05
0.000382457
0.000162287
0.000309303
0.0416978
1.95833e-05
0.00410645
0.0567485
0.000103973
0.000604563
0.0315017
0.000731703
0.884357
0.00344854
4.02567e-05
0.00056726
0.60134
0.648811
0.00465601
0.0255771
0.00921686
0.00040922
0.0692566
0.0151136
0.015596
2.224e-05
0.00195439
6.191e-05
0.00022481
4.83667e-06
0.0812292
0.0124766
0.00616213
0.000346997
0.854419
0.0147339
0.0251772
0.913947
0.775789
0.00191165
0.000115747
0.00683253