0.000712427
0.0040381
0.0151667
0.000246487
0.203594
0.315797
0.0894879
0.00263846
0.00176846
0.0231021
0.00768133
2.92167e-05
0.225172
0.0910645
0.0195111
0.00176693
0.291781
0.190005
0.0659156
0.240696
0.301648
0.0413163
0.305092
0.00898795
0.0177502
0.565653
0.992597
0.0878409
0.000394643
0.634801
0.073765
0.0696853
0.782917
0.146043
0.230256
0.689458
0.000439013
0.0451565
0.00214765
0.0208531
0.649162
0.668838
0.00226264
0.000328303
0.289489
0.156184
0.0222008
6.37667e-06
0.00326719
1.07e-06
0.0151251
0.0116039
0.000407933
0.000459463
0.00133996
0.0104495
0.683755
0.0127812
0.0209983
0.642653
0.388346
0.2915
0.00156271
0.00530593
0.328523
0.144727
0.00388056
4.8e-07
0.000458627
0.0245691
0.0048316
0.00183646
0.0254291
7.267e-05
0.000276447
0.0201484
0.00496089
0.355667
0.0239887
0.00020806
0.416603
0.000784643
0.185839
1.91e-06
0.315624
2.14633e-05
0.000320683
0.302232
0.000232663
0.28697
0.00568707
0.00040839
0.793757
0.00702307
0.0935269
0.00114662
0.555058
5.37833e-05
0.407139
0.00298936