0.224827
0.00036026
0.362866
5.06667e-07
0.000850037
0.995967
0.000420733
0.00627606
4.898e-05
0.0624753
0.000192183
0.002576
0.00073711
0.42358
0.0961359
4.406e-05
2.831e-05
0.0322717
0.017129
0.93228
0.0159399
0.831525
0.0812874
0.00155296
0.985561
0.189929
0.0149411
0.964802
0.00349137
0.976306
0.031325
0.0155145
0.01777
0.00151809
0.00202491
0.0899663
0.000237553
0.841913
0.0238244
0.00539467
0.338856
0.000513713
0.995674
8.30433e-05
0.117261
0.403025
0.00165505
7.576e-05
0.00052732
1.9e-06
0.0160123
0.00409251
0.162412
0.00879363
4.69667e-06
0.0034354
3.26067e-05
1.10933e-05
5.26333e-06
0.0967356
0.000397493
0.0134441
0.000420027
0.996652
0.00135106
0.624808
0.560082
1.47233e-05
0.0035769
0.000242943
6.25733e-05
0.00164569
0.0707364
2.43e-06
1.30933e-05
0.00133799
0.00106737
0.00429355
0.00440038
9.36667e-07
0.00188299
0.394098
6.71133e-05
0.0176185
0.020895
0.00067745
0.0006582
0.152951
0.00180953
0.0302113
8.36667e-06
0.00134215
0.0134311
0.00073945
0.000865053
0.630604
0.842641
0.0889182
0.00199517
0.110936