0.337259
0.898968
6.182e-05
0.000749187
0.0182539
0.332359
0.000747347
0.095426
0.0707319
0.0678725
0.832858
0.0650488
0.0738484
0.419986
0.856053
0.0045439
0.168406
0.0176171
0.00176795
0.912792
0.000176627
0.450785
0.0439746
0.0321803
0.0484928
0.935135
0.0544054
0.0665665
0.000928723
6.11333e-05
0.0581277
0.000520853
0.0220397
0.099542
0.0671162
0.000553153
0.0231749
0.0438387
0.00293153
0.0192829
0.0237722
0.154227
0.0641024
0.0139172
0.00587019
0.00388602
0.018771
0.0187125
0.0089598
0.0102514
0.0633354
0.0369936
8.05567e-05
0.00474277
0.00588907
0.00899514
0.00082857
0.0472326
1.801e-05
0.000228467
0.00220235
0.0202879
0.0668811
0.0128436
0.00122179
0.000451123
0.840529
0.00125236
0.000698553
0.90952
0.253578
0.138314
0.835979
0.71057
0.529877
0.852396
0.0136756
0.00383017
0.0312149
0.0651573
2.24267e-05
0.0594552
0.171748
0.0800539
0.0766842
0.0541398
0.00914107
9.66167e-05
0.588462
0.00448836
0.000143513
3.97433e-05
9.422e-05
0.00173576
0.901421
0.0997063
0.00358375
0.00435562
0.0167874
0.00136317