0.01597
2.972e-05
0.11838
0.924486
0.0111492
0.0352368
0.0879634
0.00593486
0.11137
0.75259
0.499884
0.00426433
0.000871583
0.397385
0.00686349
0.920426
0.852215
0.995541
0.00219215
0.685314
0.255204
0.314043
0.00226804
0.00063947
0.0458758
0.00628758
0.138837
0.0175525
0.00024831
0.14724
0.00083098
0.00843783
0.00276567
0.456024
0.0400397
0.00752836
0.0155582
0.0594612
0.111289
1.48667e-05
0.393341
0.0007593
0.0310017
0.00209186
0.0407433
0.0230733
0.00789469
0.0070894
0.00258203
0.0163061
0.0252524
0.000299053
0.68317
0.375806
0.259403
0.0316305
0.467516
0.0488301
0.109097
0.00277052
0.0456486
0.015052
0.00306143
0.476828
0.00820524
0.000425807
0.00026082
0.0185825
8.16667e-07
0.944869
0.0003617
3.168e-05
0.00570526
0.0202929
0.00770142
0.0907363
0.00230076
0.000653877
0.00170709
0.0988851
0.0154664
0.192709
0.00109948
0.000628723
0.940158
0.0860084
0.722614
0.000791933
0.445987
0.000303853
5.52e-05
0.00122134
0.243351
0.000260167
0.00165687
0.0003971
0.0133328
0.000421683
0.00533039
2.94167e-05