6.03167e-05
1.14333e-06
0.0942023
0.00078069
0.00274891
0.0635472
0.0269666
0.0427424
0.794568
0.0277746
0.0006204
0.00202289
0.163112
0.190058
0.0325156
0.324132
0.0155976
0.481896
0.999306
0.00059088
0.0113384
2.164e-05
0.000911067
0.0209427
0.856747
0.857118
0.06637
0.0716565
0.0493024
0.00137778
0.00347439
0.977279
0.000368283
0.93283
0.164108
1.263e-05
0.0229923
9.22567e-05
0.00047744
0.028989
0.000626743
0.00782286
0.00134918
0.0969835
0.0197488
0.000132267
0.000233953
1.722e-05
0.00011948
0.091832
1.68e-06
0.0189609
0.000365557
1.86567e-05
0.000227197
2.03567e-05
0.0240575
0.00016166
0.000201977
0.00039681
0.110143
0.000171967
0.00377138
6.574e-05
0.0244742
0.00314768
0.00702711
0.0330431
0.000424023
0.000136197
0.00195907
0.710841
0.0209266
8.70867e-05
0.00757225
0.0459327
0.577205
0.000126633
0.712919
0.954502
0.031233
1.12033e-05
0.00321941
0.74546
0.00277734
0.00378197
3.859e-05
0.937156
0.915848
0.00538727
0.00137409
0.055895
0.00103132
0.0443273
0.00312248
0.559898
1.77e-06
8.36667e-07
0.874377
0.00765366