0.00015014
7.622e-05
0.0189234
0.0146758
0.0875384
0.235276
0.00074292
0.0459465
0.0677612
0.0735893
0.0468738
0.30528
0.00994251
0.911253
0.0178242
0.995426
0.0308873
0.0065002
0.931367
0.000844023
0.415773
0.121965
0.861387
0.435309
0.000520783
0.287029
0.199003
0.740321
0.00775862
2.09433e-05
0.481512
0.0182962
0.00047341
0.000182227
0.151098
0.00223983
0.00490391
0.0431524
0.00077352
0.0576566
0.408554
0.00178425
0.00654494
0.00967071
0.0708052
0.948547
1.85933e-05
0.00714399
0.00660336
0.000270493
0.023327
0.00229188
0.216949
0.578409
0.196755
0.0665342
0.000128683
0.0059777
0.00206246
0.00222007
0.00061854
0.0018443
0.00332722
0.00068529
0.0114484
0.277739
0.26666
0.00019844
0.465829
0.00331626
1.22167e-05
0.0179042
0.00067016
0.000219427
0.0811329
0.11288
0.271183
0.00200448
0.00396445
0.144812
0.444759
0.0106351
0.0381264
0.0104972
0.331366
0.0101417
0.0631134
0.302408
0.00191205
0.0238004
0.004676
4.09e-06
0.000101223
0.0233962
0.648892
0.175364
0.00242549
0.145407
0.885344
0.0263303