0.00029958
0.146286
0.000269533
0.00087808
5.66833e-05
1.53667e-06
0.608479
0.135436
0.0036762
3.86833e-05
0.00046997
0.00066327
0.921798
0.0110435
0.98009
0.00734584
0.00278879
0.00223521
0.00136622
0.00428841
0.0868525
0.998661
0.958224
4.808e-05
0.00163289
4.772e-05
8.254e-05
0.00024782
0.000807837
0.00797882
0.00268238
2.80967e-05
0.00075515
2.06667e-07
3.34667e-06
8.44333e-06
0.00954116
7.06e-06
1.537e-05
0.000326293
0.000383017
0.016897
6.32333e-06
0.988703
0.000602583
8.52767e-05
0.00536753
7.96667e-07
0.000727473
0.00133656
0.992105
7.04333e-06
0.981053
0.0208443
0.0293991
0.994393
0.00168064
0.999861
3.13e-06
0.0001562
8.93e-06
0.0103263
0.017827
0.00026457
8.64467e-05
9.62667e-05
0.00174555
6.16533e-05
4.19667e-06
0.0355687
0.00133551
6.48733e-05
0.182388
1.70167e-05
0.0394935
0.991173
0.745692
2.69167e-05
7.29e-06
0.174852
0.000367517
9.4e-07
0.0103983
0.902177
0.0179323
0.00170467
0.00041169
0.0293933
0.942486
5.46e-06
0.000133723
3.467e-05
5.60333e-06
0.000572847
1.06667e-07
0.959873
4.413e-05
0.00299687
0.000397033
0.00095404