0.000610077
0.00014444
0.000188793
0.65215
0.371529
0.000547627
0.00172466
0.0250032
0.0546769
0.0518742
0.00171748
0.291945
0.0584731
0.000368957
0.000618517
0.500505
0.0596816
0.020654
0.239073
0.0674334
0.924488
0.043579
0.170719
0.0886114
9.801e-05
0.130382
0.434334
0.0754468
0.95503
0.0112794
0.0007046
0.0218371
0.00400292
0.0052651
0.0215031
0.0659507
0.000317027
0.931693
0.00627561
0.0476852
0.225988
0.017336
0.0216977
0.436375
2.88433e-05
0.902287
0.00165528
0.00465559
0.0125431
0.00100412
0.005146
0.539651
0.00615267
0.00408399
0.000347493
0.749501
0.00330588
0.0112977
0.715208
0.412989
0.0314049
0.00068482
0.00014599
0.761262
0.142507
0.0235575
0.25039
0.00375954
0.00039461
0.00146795
0.925003
0.0165713
0.00582716
0.0564815
0.00897738
0.000217573
0.012116
0.0392251
0.00450142
9.99767e-05
0.00473519
0.0125261
0.0050537
0.164824
0.824168
0.00161304
0.00707122
0.0476151
0.138889
0.0126429
0.000139477
4.37433e-05
0.0321118
0.000368907
0.943252
0.0710479
0.0153788
0.021017
0.0010564
0.00247661