0.622389
0.741261
0.93299
0.000323527
0.414957
0.959911
5.48667e-06
0.0736992
1.57567e-05
0.00255648
0.00147868
0.000780353
0.0147757
0.0115176
0.0107376
0.94028
0.996422
0.750796
0.046979
0.212828
0.952561
0.0906523
2.23533e-05
0.00610779
0.236233
0.00923074
0.00080935
0.04745
0.0156985
0.00225751
2.54133e-05
0.0637246
4.65833e-05
0.966563
0.00158196
0.000430383
0.00269837
0.0896242
0.449757
0.000403333
0.000600593
0.000600993
0.000193513
0.0052752
5.57333e-06
0.0244421
0.628784
0.755709
3.14467e-05
0.000764627
0.00012594
0.00015442
0.0018719
0.962963
0.990656
0.00369952
0.00544636
0.000579227
0.0154147
0.00180548
0.0169873
0.0246192
0.0137353
0.335641
3.256e-05
0.0029018
0.000853953
0.00114955
0.0034083
0.00272578
0.00260178
0.00153601
0.00175725
0.0379553
0.000203923
0.815014
0.0252998
0.000786027
8.07e-05
0.00189117
0.0191393
0.00041038
0.00286195
0.000130983
0.0007002
0.000707943
0.227638
3.77433e-05
0.0219895
0.0966326
0.017987
0.0391383
0.00280437
0.00264683
0.0311953
3.03667e-06
0.145968
0.0147061
0.0146926
0.00172405