0.0943238
8.25367e-05
0.000137737
1.733e-05
0.589919
5.62533e-05
9.915e-05
0.277089
0.00159363
0.000479437
0.00761541
0.393069
0.000956427
0.0084478
0.406459
0.00348585
3.78567e-05
0.959912
0.026034
0.872511
0.000153757
0.926789
0.646496
0.999165
0.292657
0.00552082
0.0016608
0.000806567
0.00536463
0.066552
0.653998
0.261755
0.0139695
0.000133263
0.00336288
0.00164125
0.485686
0.000398537
0.00575148
0.000111937
0.441667
1.83133e-05
0.84976
0.334714
0.00116479
0.00360819
0.00723598
0.0580379
0.00237844
0.0354168
0.115113
0.00085522
0.0335224
0.0010934
0.0011287
0.444299
0.00559236
0.00208069
3.57e-06
0.00298157
0.505354
0.0237738
0.23047
0.8696
0.0281201
0.00221547
0.04144
4.625e-05
0.00101348
0.000141903
0.836986
0.00115675
0.0134611
0.00166434
1.51433e-05
0.000866083
7.05667e-05
0.939009
3.04267e-05
7.43e-06
0.00516975
0.0172939
0.000702853
0.0327596
1.51333e-06
0.000187527
0.528079
2.981e-05
8.40333e-06
0.000286913
0.000185207
0.00018402
0.498685
0.0580971
0.000552887
1.94833e-05
0.00088634
3.97233e-05
0.00020285
0.00621505