0.136234
0.289814
0.00114171
0.0529843
0.259634
0.00908524
0.0423049
0.208177
0.0220154
0.00638737
0.0131159
0.00030125
0.00091049
0.0139815
0.194491
0.00480651
0.877032
0.0454793
0.568472
0.0355317
0.0380133
0.783095
0.946407
0.763971
0.0342612
0.0373396
0.137017
0.00150637
0.674341
0.0014682
0.521839
0.36583
0.00015164
0.00265315
0.0253997
3.90667e-05
0.0379342
0.00078216
0.199869
0.000406893
0.00385757
0.000238717
0.822115
0.00531399
0.0356681
0.000832327
0.0398384
0.0103727
0.0322151
0.215285
0.00184612
0.00711586
0.201854
0.000154027
0.00980709
0.00214876
0.141971
0.000350493
0.855121
0.445773
7.59333e-06
0.219275
0.00210956
3.26733e-05
0.768128
0.0202892
0.0513179
0.576582
0.00923642
0.0318089
0.00828052
0.00324781
4.40333e-06
0.665495
0.134847
0.262347
0.0335766
0.00284046
2.584e-05
0.194551
0.00292405
0.0379646
0.0949524
0.0122342
9.08767e-05
0.0618467
0.149768
0.00159689
0.00159812
0.0819971
0.30114
0.0318526
0.00137247
0.00224161
0.000112633
0.108214
0.0356524
0.117737
0.748685
0.0379125