0.000132773
0.00317814
0.134613
0.0180767
2.23333e-05
0.000209787
0.00816788
0.021497
0.010063
0.0164427
0.00544392
0.0199122
0.00550372
0.216264
0.0109499
0.0495447
0.949721
0.113731
0.819533
0.00797312
0.0716249
0.00357613
0.351637
0.0515182
0.854688
0.225634
0.897331
0.181422
0.000949377
0.00850045
0.111018
0.000171937
0.854984
0.0200975
0.000387977
0.114401
0.00483928
0.00257181
0.0119011
0.0271539
0.750439
0.00248427
0.00997763
0.0374775
0.00013657
0.0607208
0.00608358
0.0444668
0.00834681
0.000167993
0.521656
0.00209821
0.925606
0.734471
0.00042337
0.670233
0.000279483
1.40667e-06
0.00719582
0.0102589
0.0312328
0.0283033
0.00119158
0.0324498
0.000524247
5.03867e-05
0.849488
0.00024181
0.000241493
0.844423
0.00912032
0.0329079
0.0209726
0.804491
0.00101865
0.0148006
0.000989353
0.875828
0.00369188
0.00041491
0.00610604
0.000123123
0.0239256
0.826278
0.00728198
3.955e-05
0.0293819
0.0016694
8.813e-05
0.155955
3.609e-05
0.201445
0.101937
0.00326129
0.00542019
0.00052335
0.0551504
0.0302389
0.000426847
0.0004173