1.44333e-06
0.979989
0.0129843
0.368311
0.103226
0.0113655
0.0120954
0.00585498
0.00364409
0.784372
0.00600021
0.399121
0.000302487
0.000420487
0.964664
0.000759957
0.556029
5.90233e-05
0.00455482
0.00726379
0.00826942
0.0117965
0.0290562
0.962094
0.976202
0.000246593
0.000437597
0.00777964
0.990377
0.981581
0.00106316
0.00036563
0.000105723
6.03033e-05
0.00455043
8.83267e-05
0.00817649
0.00344768
5.46733e-05
0.00632227
0.00241781
0.00062543
0.899382
7.13333e-07
0.836016
0.00247303
0.00854538
5.51567e-05
6.90333e-06
0.00873983
0.490089
0.00011234
0.00533787
0.96542
0.000824923
4.5e-07
1.51333e-06
0.0826375
0.00044427
1.77333e-06
0
0.0014839
1.79667e-05
0.996463
1.85267e-05
0.988594
2.088e-05
7.51933e-05
0.00259071
0.00045647
0.617326
1.014e-05
0.205342
0.0032641
0.0308851
5.373e-05
0.00140249
0.0024365
6.08e-06
0.0185845
0.000165177
0.429239
0.000498653
0.00290565
0.000433757
0.00152776
0.00800755
0.00619801
5.39967e-05
0.054665
0.00641787
2.23333e-07
3.29033e-05
0.0946845
7.01067e-05
4.02767e-05
0.00013315
0.00914862
0.000512933
8.97667e-06