0.49377
0.00254417
0.45262
0.0148114
0.00173122
0.0128735
0.0068976
0.0511679
0.152304
0.0790193
0.00504818
0.0439314
0.00185657
0.299992
0.0278522
0.007719
0.0278131
0.287662
0.659999
0.960919
0.000606697
0.00238082
0.85179
0.253298
0.161927
0.0243706
0.384827
0.10741
0.00165036
0.713426
0.9582
0.0407672
0.106588
0.110777
0.0206347
0.0178806
0.0150374
0.0229483
2.142e-05
0.12469
0.491965
0.00984384
5.69333e-05
0.0503674
0.0151524
0.019559
0.0200388
0.000905363
0.00508866
0.0175819
0.0291425
0.889847
0.0472135
0.00171762
0.0214269
0.011658
0.0231565
0.0357073
0.435142
0.0505149
0.00876563
0.00321278
8.62033e-05
0.00559173
0.0267475
0.367129
0.246167
0.0402878
0.225845
0.000279633
0.143792
0.490088
0.0182372
2.02933e-05
0.000751387
0.809159
0.00149325
0.0875096
0.453866
0.0196895
0.506157
0.00472295
0.0354024
0.00108871
0.329089
0.0220667
0.00966954
0.0266844
0.00035088
0.00826521
0.131822
0.668109
0.0167623
0.00062637
0.203777
0.0392812
0.014514
0.00295393
0.00287184
0.341221