0.291562
0.559529
0.0356162
0.232774
0.284935
0.324427
0.0125431
0.0437759
0.00533766
0.238173
0.00652445
0.462663
0.281945
0.397828
0.0806647
0.554752
0.0664465
0.027009
0.000663103
0.22277
0.63597
0.548623
0.209289
0.461277
0.0719665
0.00495319
0.0902824
0.498832
0.0324458
0.00179279
0.000991697
0.0234184
0.262748
0.142
0.389707
0.243012
0.00234113
0.039931
0.470677
0.123517
0.000390123
0.412958
0.16974
0.121643
0.514752
0.00129046
4.863e-05
0.00666339
0.0238356
0.00246775
0.0227858
0.00030685
0.116622
0.405665
0.0170031
0.212078
0.0112337
0.00143781
0.118144
0.0138446
0.0152786
0.0184212
0.0570378
0.0836394
0.00879258
0.215316
0.177428
0.121945
0.216414
0.182586
0.431256
0.068724
0.235865
0.00352714
0.0270122
0.0110626
0.0503679
0.02023
0.0020475
0.125785
0.401975
0.000360383
0.000139203
0.000247623
0.0709341
0.204167
0.200774
0.0117375
0.00055324
0.00391463
0.0133645
0.236509
0.0003977
0.00237446
0.016876
0.410913
0.00143597
0.356541
0.0039576
0.433467