0.00272074
0.00015709
0.00143957
0.215183
0.126428
0.00697578
0.00038906
0.735879
0.0206485
0.0983791
0.011745
0.00064868
0.00118961
0.000849637
0.326427
0.0593371
0.00053434
0.933048
0.381765
0.908863
0.00257168
0.272006
0.104024
0.0136074
0.0557761
0.0205405
0.060763
0.758449
0.00090533
0.00434448
0.704721
0.00271191
0.412967
0.000613393
0.00492031
0.00252202
0.00905849
0.0370762
0.0152202
0.00423575
0.0347492
0.0020174
0.960969
0.0321415
0.516375
0.0152152
0.745356
0.00188015
0.00200729
0.602657
0.00277056
0.00061025
0.0659302
0.0557346
0.926269
0.0635502
0.00405279
0.279785
0.0764616
0.527344
0.0387942
0.0127597
0.799224
0.00107069
0.00685342
0.00067966
0.00010584
0.0643748
0.000541873
0.196814
0.0069929
0.315216
0.0137122
0.0484969
0.0443865
0.0036423
0.176839
0.000688123
0.0680033
0.00121908
0.60594
0.445211
0.0175944
0.0519608
0.350322
4.823e-05
0.00779599
0.0423157
0.019952
0.00225799
0.00338437
0.0132507
0.232551
0.00370655
0.0408079
0.00188253
0.00466545
0.088694
0.00323293
0.0284933