0.00589329
0.0152429
0.118576
0.00018776
0.0103215
0.00850218
0.177298
0.0246231
0.0914131
0.0410937
0.0124233
0.947752
0.839769
0.78567
0.0135413
0.0101753
0.00623863
0.0522551
0.86488
0.00642822
0.173428
0.142166
0.244874
0.427354
0.0226581
0.00012782
0.00397485
0.0108051
0.0242717
0.0176265
0.0212113
0.825367
0.00559681
0.171072
0.00094829
0.0382983
0.19499
0.158343
0.367222
0.315321
0.00792931
0.0124203
0.00740427
0.671484
0.00161309
0.699128
0.0730769
0.000537303
0.592363
0.0239191
0.000633213
0.000637827
0.319718
0.000100283
4.39167e-05
0.000943207
0.000234267
0.011392
0.00220688
0.533823
0.115959
0.00026375
0.0457345
0.0297145
0.00287003
0.0153368
0.546024
0.104855
0.0932797
0.711135
0.0091866
0.0768683
0.00623682
0.635151
0.118572
0.00811223
0.00884055
0.0207457
0.00391716
0.0103096
0.0132684
0.0714587
0.34293
0.00158321
0.00266533
0.0114717
0.0198076
0.0532877
0.365893
0.00018016
0.0109105
0.00191572
0.00254548
0.0720423
0.565352
0.690238
0.0362607
0.00809801
0.000398877
0.00903156