0.00195918
0.000229393
0.964559
0.0224408
0.000635833
0.0146094
0.0204583
0.021151
0.043937
0.00387327
0.0127989
0.00332609
0.000789673
0.185736
0.898939
0.0326935
0.540471
0.113342
0.00230059
0.0166757
0.0199644
0.00247231
0.000117153
0.000129513
0.000243893
0.977555
0.00083269
0.0146039
0.604491
0.00199051
0.266935
0.0138872
0.00129629
0.00380872
0.0357569
0.352468
0.0109861
0.127497
0.113156
0.199574
0.0244768
5.48333e-06
0.065752
0.00325802
0.00373221
0.0129743
0.434379
0.000219493
0.187066
0.000633123
0.47671
0.453103
0.0992488
0.00177278
0.495693
0.004622
3.14067e-05
0.000166133
0.00032126
0.010299
0.925618
4.74667e-06
0.00203964
0.0339218
0.973824
0.00306513
0.0181229
0.0040685
0.0146058
0.00079479
0.60889
7.66433e-05
3.00867e-05
0.00441676
0.00091392
0.000152947
0.0598738
7.20067e-05
0.89248
1.9e-05
0.000597
0.000178087
0.287612
0.16865
0.000606743
0.00134716
0.257567
0.579436
0.00155298
0.0140967
0.0060272
9.97933e-05
0.0124298
0.03834
0.951192
0.000206073
3.79033e-05
0.000378847
0.438237
0.775262