0.192475
0.000651277
0.0520284
0.679437
7.96667e-05
0.000168587
0.331675
0.116746
0.000678907
0.437127
0.00847124
0.977496
0.00207017
0.000494573
0.996138
0.00115525
0.0225715
0.00637054
0.9899
0.000322973
0.0036734
2.36167e-05
0.948359
0.020542
0.00131845
0.537914
0.00194043
0.0159758
0.259067
0.293123
0.00350951
0.974744
0.832643
0.0195441
0.00039537
0.00214958
3.42333e-06
2.17533e-05
8.76467e-05
0.0299135
0.0546019
0.000115017
0.104592
8.53333e-07
2.95633e-05
0.00047837
0.00223391
4.23333e-07
0.061593
0.0180333
0.0355106
4.86167e-05
3.313e-05
5.98667e-06
0.000287717
0.0107425
0.0121515
0.0222856
0.000387323
0.000224367
0.00127654
2.62667e-05
0.000159687
0.0504267
0.999468
0.0111016
0.169499
1.92967e-05
0.556812
0.00362225
0.00045072
4.38467e-05
0.0146443
0.000138523
0.814946
0.00502705
0.00043736
0.840888
9.30667e-06
3.19233e-05
0.000124137
0.965515
0.000546983
4.53333e-07
0.00290409
0.00602753
0.00347918
0.218365
0.00088651
0.000336727
0.000154523
0.202831
3.911e-05
0.00052255
0.0162873
0.00017515
0.00470619
1.692e-05
0.0257649
0.997926