0.00692093
0.000441317
0.00195901
0.833549
0.0807386
0.147686
0.0033641
0.0121312
0.00155378
0.0975469
0.0250363
0.0335031
0.0163622
0.290779
0.00256656
0.0204315
0.0138645
0.121201
0.877503
0.962617
0.0263984
0.0197895
0.952043
0.0123543
0.00287255
2.299e-05
0.281468
0.00902921
0.0123309
3.70333e-06
2.75333e-06
0.083622
0.00754614
0.298586
0.0128801
0.148989
0.000162597
0.00128347
0.0458425
0.00285071
0.00820102
0.0289266
0.00025675
0.00306184
0.00201394
0.317069
0.342968
0.00207473
0.00142505
0.0624022
0.023772
0.000283423
0.0186426
3.91533e-05
0.000254473
0.0419847
0.425536
0.80501
0.0138551
0.880943
0.000107127
0.0142676
0.0148736
0.0356768
0.0967216
0.00124071
4.13333e-07
4.47e-06
0.933381
5.02333e-06
0.0121464
0.0336438
0.230074
0.000229297
0.00345176
0.906385
0.00176938
0.970149
1.13067e-05
0.0212542
0.847698
0.00207204
0.00047014
1.42433e-05
0.000111577
2.97167e-05
0.000112397
0.164244
0.192635
0.00130438
0.00262963
0.975676
0.021155
0.826498
0.17958
0.0157519
0.0309504
0.000121493
0.0169347
6.793e-05