0.00024421
0.163315
0.00209693
0.97028
0.0889649
0.00593628
0.0512726
0.000194293
0.000447837
0.241246
0.140671
0.0093972
0.00478938
0.0071229
0.00073008
0.00608498
0.0232394
0.00267417
0.970932
0.993253
0.0188042
0.969985
0.00039777
0.0134359
0.0484799
9.69367e-05
0.000118097
0.00055892
0.017457
0.0376243
0.00254397
0.146909
0.00295988
0.00202962
2.58667e-06
0.00214022
0.0010349
0.00437126
0.00262173
0.00909135
0.0286226
0.00320776
0.000186967
0.0137703
0.968164
0.00673027
0.950595
0.00233156
0.957257
0.00742432
0.922315
0.00220817
0.00571448
0.000284837
0.00061866
0.97081
0.0262517
0.00861312
0.00309571
0.0139278
0.962327
0.00294315
0.0003225
0.94909
0.00018271
0.0392903
0.0115362
0.0027697
0.00044347
0.0235045
0.00597103
0.961837
0.000246243
0.0247197
0.00018824
0.0021498
8.00667e-06
0.111562
0.0236739
0.0027722
0.00270529
0.196812
0.720748
7.10167e-05
8.36333e-06
0.00484793
1.03e-05
0.0409479
0.974753
0.00305885
0.00321574
0.000530023
0.00886707
0.000694737
0.00583579
0.00670052
0.0256694
0.00225014
1.881e-05
0.021034