0.00689584
2.88267e-05
0.558115
2.95667e-06
0.000366813
0.0128922
0.00532532
0.183132
0.654054
5.138e-05
0.00108809
0.0010163
0.0432385
0.00155695
0.00865092
0.98574
0.508044
0.990996
0.133202
0.0300159
0.00854042
0.994554
0.000592827
0.00183308
2.904e-05
0.0235547
0.0113059
0.000722857
0.412138
0.0704638
2.29833e-05
0.0160939
4.836e-05
2.11933e-05
0.00185363
0.00531517
0.000457093
0.00046432
0.00834107
0.000680953
0.00148688
0.00506532
0.000988297
0.000496413
4.61333e-06
0.00947398
0.00530314
0.647116
0.000261213
2.46667e-07
0.00359974
0.997564
3.402e-05
0.00170389
1.65333e-06
0.00250216
0.00057382
0.933509
0.014002
0.000361483
0.000408087
0.0080155
0.000117907
0.000362033
0.092799
0.755725
0.00032504
1.04467e-05
0.478537
6.549e-05
7.25567e-05
3.25667e-06
0.00135384
0.00191381
0.00158485
0.920799
0.425039
0.939019
0.00023537
0.530069
0.00234208
0.372295
0.979002
0.00270657
0.000312873
0.013765
9.74967e-05
0.0607357
0.00069151
0.986092
0.000211703
0.00067357
0.00426648
0.00110925
1.01667e-06
0.0012631
0.110752
6.338e-05
0.00157906
9.06033e-05