0.0121825
0.0012548
0.169741
0.0199925
0.920402
0.00151883
5.19233e-05
0.00935547
0.999528
4.04367e-05
5.81967e-05
0.98329
0.00360819
0.000628677
0.00510308
0.913475
0.0176104
0.826048
0.036735
0.00120643
0.0140849
0.00171771
0.86014
0.981671
0.00440638
0.760488
0.574366
0.366877
0.00091979
0.0112517
0.00514307
0.0273336
0.0113989
0.0676658
0.00015649
0.00848244
0.0873498
0.00824435
0.979135
0.00079055
0.0241014
0.00083874
0.933687
0.000996247
0.00134415
2.67767e-05
0.0162746
0.000859653
0.000895167
0.00290323
9.43467e-05
0.00013351
0.192484
2.66167e-05
5.39e-06
0.171803
0.00997254
3.70933e-05
2.74567e-05
2.407e-05
6.46667e-06
0.0231209
0.0525853
0.00414964
0.0151847
0.000187213
0.949575
0.95846
1.13e-06
3.60333e-06
2.02e-05
0.00744136
0.00081663
0.00250805
0.000318933
0.00888813
0.961018
5.63333e-07
3.3e-07
0.00441074
0.00273512
0.00048558
0.543247
0.0144113
0.00038476
8.04033e-05
0.00352176
0.0459726
0.0638011
0.0023385
0.122222
6.68667e-06
0.00707996
1.69333e-05
0.0178041
0.00156752
2.13267e-05
0.00518275
0.0888314
0.0416027