6.43167e-05
0.0018711
0.00093286
0.009901
0.0317118
0.244633
0.052593
0.00025763
0.00821432
0.00217257
0.073938
0.0743177
0.469758
0.0888049
0.0046854
2.448e-05
0.00150389
0.0525419
0.386852
0.400458
0.130374
0.370742
0.529135
0.355266
0.390692
0.000259977
0.0144648
0.0837978
0.76053
0.083717
0.710373
0.0816382
0.00767889
0.0351141
2.94533e-05
0.00298617
0.00388727
0.159895
0.1057
0.360743
0.0189253
0.00237809
0.00650672
0.352078
0.00035813
0.00847775
6.473e-05
0.829583
0.0711244
0.149464
0.00029637
0.304472
0.032725
0.448113
0.0124987
0.000954717
0.381053
0.53994
0.000321407
0.0163639
0.0110197
0.358715
5.31767e-05
0.405665
0.023358
0.53789
0.0305369
0.585016
0.0105481
0.00485263
0.0545318
0.000126813
0.000658363
0.0841235
0.15257
0.140118
0.229049
0.5828
0.0001022
0.0815463
0.00027658
0.0162388
8.23667e-06
1.10233e-05
0.0911618
0.118918
0.45591
0.00417588
0.000538893
3.49733e-05
0.537633
0.00970695
0.00104073
0.135408
8.35933e-05
0.0852376
0.0822846
0.380841
0.39115
0.128103