1.778e-05
4.94333e-06
0.169328
0.429924
0.00118566
0.435645
0.0523687
0.270195
0.984753
0.099732
1.97067e-05
0.000306537
1.17333e-06
0.000466763
0.0207072
0.438167
0.000215153
0.225563
1.336e-05
0.681988
0.397905
0.144537
0.000342597
0.00041865
0.385352
0.0235442
0.000965363
0.174308
0.00269849
0.96099
0.127881
0.000117603
0.00404755
0.001621
2.24967e-05
0.00011355
0.000115223
0.000975807
0.577102
1.66667e-08
0.00058901
3.78267e-05
0.23878
0.0161603
0.000153887
0.15606
1e-08
0.00280782
0.00705284
0.0112941
1.95767e-05
9.00033e-05
0.121932
0.999736
2.16667e-07
0.493548
0.00270376
0.979215
0.0372222
0.000145453
1.26667e-07
0.00359782
0.000805583
0.0432604
0.205653
9.254e-05
0.99949
1.203e-05
0.117201
5.05533e-05
0.817253
0.000700767
8.60667e-06
3.04333e-06
0.15903
0.0729695
0.564955
0.0129519
0.00028025
0.00387136
0.0243671
0.670192
0.000571173
0.385056
0.020058
0.00328785
0.00282437
0.0616062
4.87333e-06
0.00230683
8.24867e-05
0.00203013
0.000553463
0.000537827
6.20133e-05
7.24467e-05
0.0546884
0.00359513
0.894153
0.190557