0.00331176
0.000238557
0.000864377
0.000760487
0.00167635
0.0156762
0.698017
0.428844
3.36e-06
0.000109083
0.000912283
0.177989
0.00787314
0.999735
0.0994404
9.4e-07
4.1e-07
0.00100444
0.0597349
0.019019
0.00336458
0.0172108
0.00119029
0.0115055
0.000353147
0.638152
0.0085907
0.0114958
0.000101903
0.049397
0.00229628
0.0531844
0.212612
0.000105783
0.000211837
4.01267e-05
2.55333e-06
0.00031966
1.98833e-05
0.0986094
0.00368214
0.00805386
3.72333e-06
0.00882416
0.00177076
0.00146958
0.184043
0.00043879
0.802903
0.00104098
0.00494049
0.822222
0.900854
1.95467e-05
0.00523812
6.82e-06
1.052e-05
0.00872266
0.00325751
0.0189285
0.000170063
0.000110613
5.66467e-05
0.0478133
7.53333e-07
4.46333e-06
0.218445
4.5e-07
0
1.99767e-05
0.130095
0.953784
5.29933e-05
0.00647006
0.999985
0.779542
0.00019378
0.0685779
0.00105923
3.97e-06
0.923438
0.000117853
0.869612
0.976933
2.50167e-05
0.99619
0.00341823
0.00328099
0.491765
0.140629
0.00125954
0.89604
2.90333e-06
2.46867e-05
1.80667e-06
0.000122693
0.00035001
0.0856177
0.0043473
3.41033e-05