0.985335
0.00177473
5.68767e-05
7.761e-05
7.261e-05
0.0020336
0.166519
0.000112337
0.00876929
0.00014797
0.00374505
0.360745
0.0188705
1.61433e-05
5.342e-05
0.00282868
0.00265979
0.0731044
6.26667e-05
0.00021048
0.896136
0.00014594
0.990116
0.0109935
0.000418413
0.813939
0.895929
0.394184
0.000763213
0.0056412
0.00026293
1.70433e-05
0.00147613
0.0417866
5.80633e-05
2.366e-05
5.00733e-05
1.87667e-05
0.0725545
0.00299026
9.19233e-05
0.859932
0.127726
0.996087
3.519e-05
0.00100048
0.000964737
0.00220187
0.0123402
0.00345748
0.586576
0.404912
0.000363247
0.038334
4.85033e-05
0.000244177
0.000881977
3.393e-05
3.83333e-07
6.48667e-05
3.081e-05
8.02333e-05
0.00481027
0.00374776
9.74667e-06
0.000445303
0.0042223
0.000428563
0.249811
0.00615714
2.513e-05
0.000552597
0.96011
0.00262489
0.575361
1.38567e-05
0.0413361
0.129405
0.276153
0.00049499
0.00325835
0.462276
9.86667e-07
7.647e-05
0.000186947
0.00260139
0.000159427
0.983001
0.00495072
0.000112307
0.677996
0.0391677
0.957419
0.000718893
0.0183411
0.00694975
0.796837
0.000117307
6.89667e-06
7.97667e-06