0.00194945
0.107167
0.0161422
0.000190947
0.0464604
0.0260828
0.000336753
0.0435695
0.0426601
0.23522
0.693294
0.0563284
0.25984
0.667922
0.010508
0.847839
0.492683
0.00194809
0.721672
0.171702
0.994402
0.920355
0.00189459
0.000868097
0.0016579
0.0152193
0.000562523
0.0123488
0.336992
0.00681923
0.00927906
0.515666
0.211309
0.85643
0.755523
0.645439
0.00321202
0.00162459
8.83433e-05
0.252584
0.000609293
0.213693
0.0104936
0.0030223
0.444413
0.0135149
0.00252896
0.0376909
6.7e-07
0.687863
0.00891405
0.00025471
0.0903189
0.00017721
0.0549822
0.0148863
3.29233e-05
0.031979
0.00291977
0.0659918
0.000243447
0.0451497
0.726726
1.33333e-07
0.000704867
0.00305321
0.0226058
0.00306524
0.0139624
0.118635
0.000413673
0.121466
6.10967e-05
0.00016214
0.159158
2.04567e-05
0.177505
0.02479
1.606e-05
0.0029777
0.0363438
0.00016827
0.780862
0.00115213
0.00575018
0.00162062
3.10267e-05
0.242288
0.269432
0.00353199
0.0101778
0.000243487
0.0509558
0.207917
0.287821
0.00481333
0.00190071
0.00416794
2.85067e-05
3.43333e-06