8.01733e-05
2.113e-05
0.0700778
0.0396846
0.0025746
0.748319
0.0701341
0.223206
0.0133558
0.0892722
0.598876
0.19721
0.125016
0.0149297
0.149587
0.730773
0.0228714
0.122029
0.0242576
0.00163752
0.22401
0.572552
0.0905918
0.179883
0.174352
0.187611
0.0366439
0.11186
0.026604
0.328681
0.0801502
0.0359843
0.0809547
0.688913
0.0198466
2.749e-05
0.101806
0.175326
0.518496
0.0602904
0.593993
0.130174
0.10325
0.0379754
0.0933695
0.403965
0.0310577
0.0353253
0.0163769
0.165763
0.117431
0.00547989
0.162626
0.230661
0.00215728
0.755791
0.00793679
0.00031748
0.164261
0.0170263
0.00167851
0.00102186
0.50377
0.586006
0.0623572
0.00251635
0.182321
0.649262
0.0392729
0.00120648
0.019072
0.410324
0.0775129
0.0610207
0.576185
0.00216673
0.00019825
0.0414216
0.118188
0.00322258
0.0136011
0.00948561
0.0587886
0.00466489
0.00015939
0.248359
0.026392
0.00745584
0.163045
0.0145895
0.774213
0.0486917
0.00091899
0.0992661
0.106886
0.0172064
0.00450759
0.010203
0.0178196
0.0215866