5.87233e-05
4.95e-06
0.0133588
0.000357263
0.00663625
0.0677153
0.973712
0.0438574
0.00896421
0.0439224
0.000827497
8.26767e-05
1.81e-05
0.0312384
0.0173355
0.0112052
7.093e-05
0.857188
0.0167658
0.015968
0.98192
0.947167
0.00312822
0.00083629
0.998276
0.39446
0.00952427
0.000122297
0.241393
1.44e-06
0.000204283
0.00112615
0.0350492
0.946518
0.000119717
0.00046476
0.955892
0.0516062
0.985338
0.0697972
0.00721371
1.91e-05
0.0107279
0.00103221
0.0338689
0.000529373
2.76e-06
0.00034688
0.000144017
5.066e-05
0.000395933
0.977013
0.000844293
0.942556
0.00019283
0.000422303
0.968704
5.04667e-06
0.298654
2.37067e-05
0.000497333
0.00024402
0.000105133
8.90667e-06
0.000390493
5.044e-05
0.170095
0.00614566
6.14167e-05
2.23067e-05
8.76667e-05
0.00012515
8.40167e-05
0.00847573
9.09667e-06
0.00338035
0.00355682
0.0001785
0.00193761
0.954947
1.05433e-05
0.963069
3.47167e-05
0.000497347
0.000133443
0.878901
1.67333e-06
0.000109813
0.0136307
7.17567e-05
0.00561361
8.62267e-05
0.000929547
1.78667e-06
5.11333e-06
4.22033e-05
0.00251655
0.000324113
0.00143733
0.00720327