0.000312663
0.297713
0.336396
6.37067e-05
0.0306586
0.0494561
0.00298272
0.392468
0.561826
0.205874
0.000872387
0.185201
0.259711
0.00680242
0.00239976
0.532686
0.000837257
0.00209209
0.00070699
0.448119
0.735287
0.126147
0.359724
0.514299
0.00030787
0.00928795
0.0142539
0.0228001
0.00404894
0.832244
0.405402
0.0617977
0.354529
0.0358302
0.00373284
0.283822
0.403882
0.266185
0.508987
0.0262682
7.4e-06
0.00128614
3.90667e-06
0.00144999
0.18876
0.0016598
0.345289
0.119978
0.00167964
0.0447718
0.0176549
0.0103128
0.00270496
0.639783
5.658e-05
0.00618537
0.0460517
0.647281
0.25869
0.0139243
0.00030831
0.000151057
0.000471543
0.00140194
0.192909
0.000736137
0.68972
0.00970925
0.00883219
0.135237
0.00110438
0.0796723
0.000606453
0.0526824
0.000229703
0.0180415
0.00082972
0.0001238
0.000509217
0.00308491
0.244508
0.0901271
0.0125501
0.401133
0.114281
0.00193966
0.218974
0.283697
0.300967
0.566044
8.81233e-05
0.0267421
0.00252836
0.429639
0.0992687
0.00198544
0.198669
0.00210631
0.00418553
0.170663