0.000843077
0.0135444
0.0329448
0.0345602
0.010745
0.060961
0.0337746
0.717054
0.260727
0.0164695
0.140265
0.00164457
0.220597
0.024191
0.269032
0.21518
0.603624
0.262232
0.0108845
0.094171
0.0444451
0.680335
0.00279275
0.00277364
0.071575
0.685311
0.000584273
0.0381632
0.0114367
0.606342
0.324265
0.0258256
0.56277
0.21237
0.0392234
0.00067977
0.0497769
0.0618463
0.720122
0.352813
0.00579709
0.0994348
0.693098
0.00979796
0.00269297
0.0895925
0.00186232
0.000709713
0.00231194
0.0235244
0.21067
0.544042
0.086947
0.622545
0.000565837
0.0030439
0.00159015
0.0145394
0.00332666
0.00269947
0.0900551
0.00467181
0.051068
0.0208191
0.690905
0.00252657
0.103361
0.0779504
0.677862
0.00259342
0.0229206
0.229703
0.00713233
0.0123032
0.00029166
0.00667125
0.00565345
0.00808969
0.00872162
0.00030583
0.0221805
0.730692
0.174643
0.0132104
0.000324697
0.592694
0.00522931
0.0142248
0.0452806
0.259033
0.0758477
0.045026
0.0103974
0.708958
0.00081386
0.0411043
0.000521877
0.0189474
0.0434341
0.238146