0.0036545
0.883422
5.36667e-07
0.00179071
0.0814694
0.00168455
0.00114661
0.0223221
0.0948488
0.00626109
0.304768
0.00283173
0.00283589
0.0752533
0.000173837
0.0716203
0.91288
0.0131927
0.100394
0.00270411
0.166744
2.80333e-06
0.854391
0.0348334
0.00017702
0.00690457
0.00406794
0.0183218
0.099125
0.046513
0.00317823
0.0188271
0.0259247
0.841704
0.000884017
0.00129504
0.974685
0.00274272
0.294962
0.00419985
2.00167e-05
0.00329962
0.00059142
0.000513477
0.0992546
0.0110743
0.0384016
0.00017353
0.000662733
0.0019709
0.00179493
0.00181684
0.0108258
0.000178917
0.757001
0.00021264
0.87002
0.0265169
0.996887
0.000291797
0.000489677
0.637783
0.0522193
0.00269408
0.000560847
2.08767e-05
0.00136285
0.5175
0.381229
5.222e-05
0.235802
0.115477
0.600701
0.276372
0.0247353
0.946018
0.0857479
0
0.000142147
1.20267e-05
0.0120452
0.122218
0.0321575
0.297864
0.861744
1.79167e-05
3.64867e-05
0.000510423
1.80867e-05
0.00335201
0.124675
0
0.0146436
0.00277093
9.68867e-05
0.0134675
0.763513
0.00225173
0.0654373
1.76367e-05