0.00544297
0.726658
0.00242881
0.950823
0.403678
0.0129155
0.864816
0.0472487
0.0206534
0.0782008
0.06055
0.00704112
0.753193
0.00594755
0.475376
0.288562
0.0276977
0.00175235
0.189298
0.0172773
0.0515586
0.00104418
0.148233
0.154334
0.748882
0.508595
0.98336
0.161691
0.421787
0.0882293
0.0112591
0.133835
0.00441097
0.260095
0.901964
4.154e-05
3.37633e-05
0.422235
0.796349
0.00188096
0.398323
0.0610345
0.0035903
0.00056459
0.0130516
0.0721294
4.90067e-05
0.230531
0.0357887
0.0113267
0.0184309
0.133282
0.0155386
0.00321762
0.00998335
0.00760106
0.00725066
0.105486
0.0246859
0.019826
0.429
0.0145906
0.660659
9.28633e-05
0.00230512
0.00154524
0.0083277
0.100463
0.000321983
0.000301347
0.00113227
0.122314
0.0750569
0.00050956
0.00764539
0.00499341
0.000146397
0.000713013
0.00225082
3.132e-05
0.152863
8.06333e-06
0.286655
0.00450865
6.15567e-05
0.00466602
0.164526
0.00137862
0.00145593
0.0226241
0.0231903
2.36333e-06
0.00060889
0.55501
0.000480847
0.0147314
0.015998
0.175029
0.122778
0.109955