5.24e-06
0.00144432
0.000922847
0.00054426
5.97333e-06
0.00146406
0.01271
0.00277208
0.519481
0.00754909
0.00554793
0.0287225
0.00180101
0.00044519
0.0739702
0.886579
0.00104296
0.989067
0.878716
0.293988
0.862639
0.0519996
0.88622
0.486392
0.991195
0.941157
0.04054
0.0499162
0.00113876
0.0281762
0.118629
0.0619863
0.000552677
0.0235544
0.00327375
0.0235659
0.00094041
0.000713763
0.776371
0.000113327
0.0304438
0.00087003
0.00507345
0.00087392
0.00377176
0.012759
0.000327963
0.00151668
2.00667e-05
0.201108
0.00295354
0.00173128
0.0043077
0.000876477
0.363048
0.0131608
0.00012375
3.03167e-05
0.0211099
0.423105
0.00118459
0.0464427
0.00550145
0.0012031
0.00131301
4.94333e-05
0.0222963
0.292251
0.0105142
1.71833e-05
0.00342389
0.0669613
8.69333e-06
0.000215173
0.861344
3.501e-05
0.854003
0.000226157
0.00306762
0.000267333
0.091638
0.00037903
0.00028352
0.00507839
0.0797017
0.0397372
0.0477083
0.95733
0.919724
0.000466677
2.345e-05
0.0258337
0.11341
0.031582
2.85333e-06
0.352982
1.595e-05
0.0203089
8.02033e-05
0.000322583