0.00230542
0.867345
0.00741647
0.00331188
0.749693
0.860668
0.00025202
0.0526626
0.505769
0.14548
0.0193145
0.116156
0.0251349
0.000100273
0.0195961
0.00811605
0.803383
0.0986663
0.0921918
0.0905922
0.0274124
0.00014044
0.0025972
0.083712
0.00586738
0.00698014
0.00905951
0.238994
0.174858
0.0213635
0.0560097
0.00411984
0.173916
0.00024136
0.18331
0.0490181
0.0136157
0.00598338
6.59533e-05
0.050296
0.0889745
0.881851
0.175237
0.812109
0.00240802
0.0189197
0.00117008
0.503401
0.224013
0.0316666
0.000355513
0.0704588
0.0728071
0.000485547
0.197458
0.601019
0.0931879
0.00926557
0.0658071
0.0606214
0.21725
7.53433e-05
0.0248353
0.115035
0.722359
0.142214
0.00601051
0.344982
0.0138165
1.088e-05
0.657827
0.131243
0.364921
0.0322554
0.0060521
0.0590367
0.0299793
0.00455966
0.00240333
0.000620237
6.46033e-05
0.00259625
0.014899
0.00132379
0.0548488
0.00617792
0.0237374
0.061214
0.00109925
0.00154528
0.859973
0.000422963
0.0154254
0.0454119
0.00156996
0.705115
0.00118786
0.0170061
0.729029
0.0949351