8.16e-06
0.000805
0.878716
0.24946
0.0160423
0.000771887
0.873528
0.000224557
0.000102323
1.85e-06
7.91767e-05
0.00198188
0.948223
4.14433e-05
0.00080975
0.978344
0.000165527
0.981666
0.988191
0.0130248
3.123e-05
5.23333e-07
0.0391332
0.947439
0.00155454
0.463891
0.00228715
0.00212534
0.00150496
0.000824723
0.00035104
0.00217162
0.000103087
0.00262611
0.00563664
0.000454147
0.0016086
3.34333e-06
0.000975303
0.0242573
4.75767e-05
0.000959017
0.00068035
3.208e-05
0.0291305
0.00015202
0.0179293
0.000109297
0.00104126
0.045966
0.000252713
0.00132905
0.734937
0.000776053
4.75067e-05
0.00010033
0.493002
0.000142113
0.0800301
0.00281069
0.334337
0.000293193
0.000240657
0.0177833
0.00157145
1.82333e-06
0.995858
0.00328438
7.2e-06
0.902065
0.000857877
0.000139023
0.00318122
0.289532
0.00606528
5.722e-05
0.000693753
3.02333e-05
0.000566733
0.00191153
0.922993
0.00635394
0.00813379
0.0279783
0.00175199
0.0498569
0.00620365
0.0804045
0.0706765
5.07067e-05
7.54733e-05
7.17e-06
0.470401
0.99295
0.00659698
0.0327806
0.924879
7e-08
0.00050558
0.00028293