0.00712534
0.904753
0.00794374
0.000531037
0.00734056
0.0569001
0.00017625
0.82252
0.183127
0.00393897
0.769988
0.106513
0.0251234
0.941791
0.000122973
0.747495
0.00280086
0.864189
0.00131762
0.627445
0.129995
0.00589513
0.829971
0.212928
0.0791382
0.00558442
0.00158465
0.00019022
0.295731
0.0119051
0.0992471
0.811433
0.47222
0.00272359
0.147342
0.867501
0.0181201
5.83233e-05
0.00518434
0.00559952
0.855015
0.0615092
0.0540327
0.157077
0.152619
0.247956
0.00909962
0.00481551
3.11533e-05
0.105403
0.000628663
0.0075118
0.000821743
0.0434008
0.00252644
0.0275075
2.575e-05
0.00020825
0.00046305
1.16067e-05
0.00505715
0.0183391
0.00552719
3.352e-05
0.00778852
0.00360685
0.113343
0.0026992
0.0885803
0.0374569
0.782688
0.000479407
0.0184883
0.37348
0.916654
2.47e-06
0.00202602
0.00830137
0.123568
0.000210257
0.00830455
0.000123453
0.00162695
0.00133887
4.42867e-05
0.457238
0.000837893
0.00239533
0.00198177
0.0169866
0.00468985
0.00180449
9.91e-06
5.468e-05
0.0132998
0.15219
0.00668065
0.00724744
0.000366273
0.000293357