0.0086006
0.00645263
0.591411
0.380482
0.00827652
0.00772783
0.00098151
0.00014004
0.00576789
0.340966
0.00031538
0.113531
0.199246
0.39376
0.00291591
0.00121653
0.00080275
0.355463
0.0321357
0.0606688
0.483331
0.143272
0.00351201
0.407339
0.404781
0.0073499
0.00512747
0.00351117
0.00220781
2.38333e-06
0.552631
0.000213607
0.00093702
0.0267179
0.000459447
0.629931
0.0566606
0.00198996
0.00100951
0.247324
0.829058
0.497315
0.00252195
0.00053454
0.427161
0.000905387
0.55755
0.356062
0.6331
0.00336568
0.0117169
0.00309929
0.429035
0.000684087
0.00552602
0.0094572
0.443616
0.00238381
0.0137258
0.293321
0.000304003
0.000132933
0.0128565
0.0081794
0.00107592
0.0015752
0.0128523
0.228906
0.000575947
0.00062802
0.0233358
0.621126
0.310384
0.399433
0.571445
0.000287523
0.166048
0.3991
0.0134933
2.20667e-05
0.58443
0.127967
0.000339103
0.130304
0.00345762
1.07933e-05
0.0122997
0.000632413
0.00267239
0.0225948
0.665683
0.400149
0.0444379
0.00857341
0.0249668
0.00173
0.0078011
0.00389143
0.0119204
0.165071