0.00284569
0.350722
0.156642
0.684116
0.12566
0.0287519
4.38967e-05
0.0302045
0.000100527
0.0738977
0.276021
0.0641274
0.00808916
0.0353369
0.655645
0.237701
0.10723
0.0445213
0.0666788
0.181276
0.86834
0.0675191
0.0469627
0.94747
0.253299
0.000382157
0.0146463
0.0161116
0.282522
0.884981
0.00648338
0.0711431
0.000105327
0.00717577
0.0275845
0.00805796
0.717389
0.0114876
0.00995264
0.00401055
0.00352047
0.0849449
0.0390334
0.0017008
0.0241413
0.308234
0.00256111
0.371299
0.00605121
0.0492535
0.0141753
0.0156583
0.674176
0.270061
0.0146139
0.0162443
0.0198278
0.0767649
0.0133431
0.659239
0.025008
0.235877
0.0191357
0.0949483
0.117867
0.0904027
0.661164
0.374921
0.00824192
0.00275962
0.0286467
0.10006
0.0011747
0.430756
0.145911
0.00300976
0.0441218
0.0585459
0.248906
0.194454
0.0174919
0.119805
0.0140714
0.148912
0.0485908
0.0107309
0.0211987
0.0597306
0.00242589
0.696314
0.0285978
0.697255
0.0107796
0.0234641
0.00645047
0.0409713
0.0107875
0.0484072
0.0169541
0.0510738