8.80067e-05
0.0132513
0.981616
0.0450292
0.000239383
8.03767e-05
0.548933
0.00321617
4.42933e-05
0.00012201
0.0174785
9.71167e-05
0.00144891
0.0119282
0.0429206
0.703245
0.00168006
0.991477
0.00687952
0.000190253
0.000800377
0.996795
0.00165588
0.0337638
0.00113971
1.384e-05
0.0154004
0.00934102
0.630911
0.46522
0.00614343
0.499859
0.0334712
1.746e-05
0.00143431
0.98334
2.576e-05
0.995316
1.26233e-05
0.125716
9.194e-05
0.000133067
0.991982
0.105878
2.92167e-05
0.231761
0.00251275
0.00033852
0.00201566
0.000483743
0.0190775
0.000123
2.04667e-06
1.5e-07
0.00335279
1.07833e-05
0.00121457
1.9e-07
4.474e-05
6.105e-05
4.94667e-06
0.000472073
0.032823
5.19e-06
0.347651
0.000363597
0.0897882
0.000552723
0.949733
6.65067e-05
0.00195277
0.991861
0.00872076
0.00362873
0.0421805
0.00196842
0.0131144
4.505e-05
0.000989703
0.0102485
5.26733e-05
0.000428037
0.00458089
0.18133
0.00146437
0.000118423
0.0161879
0.985687
0.0145713
3.86e-06
3.05333e-06
0.990723
0.00973195
0.00152439
5.292e-05
0.00068644
4.379e-05
4.55133e-05
0.767006
0.00013454