0.00356468
4.45633e-05
0.00323002
0.00218786
0.574398
0.00986053
0.992434
8.11267e-05
0.000562873
0.529571
0.419144
3.979e-05
0.000128327
0.00101436
0.0166374
0.138624
0.253307
0.271518
0.000281373
0.0397552
0.0256284
0.0590095
0.00925153
0.000899473
0.00651232
0.00402322
0.000873357
0.00204204
0.0363835
0.000389077
0.000160343
0.144346
0.312339
0.682428
0.000257887
0.0262004
0.000102163
4.2e-07
0.00048693
0.9996
0.304944
5.53e-06
0.0075387
0.0064788
1.12733e-05
0.046459
0.156227
0.000235133
4.332e-05
0.032585
0.398061
2.02e-06
0.228187
0.568751
0.00235081
0.00043626
0.333132
0.437018
0.000287403
0.977993
0.000475213
6.53333e-07
0.90267
0.079257
0.338729
0.083538
0.00010821
0.0178252
0.329805
0.0132091
0.00375345
0.00886187
1.84433e-05
0.949229
0.0318376
0.00043521
0.170164
4.74167e-05
0.0198901
4e-08
0.00150168
3.501e-05
0.00265658
0.459331
0.00140494
0.277325
0.135412
0.00020449
0.00132311
0.00082956
5.401e-05
0.0380065
0.00612278
2.46767e-05
0.00014913
0.976407
1.00467e-05
0.148549
0.93273
5.18667e-06