0.569354
0.969229
0.0001861
0.00272435
0.000747207
1.12e-05
0.0215648
1.81967e-05
0.999891
5.83333e-07
3.3e-07
0.999508
2.27867e-05
6.771e-05
0.00145884
0.00205822
0.973737
0.00220072
0.00212655
2.72e-05
0.0171935
0.01117
1.20633e-05
8.76367e-05
0.956807
0.136769
0.00031441
0.896688
0.00613676
0.880206
3.04433e-05
0.0131678
1.58e-06
0.000126403
1.33333e-08
8.02e-06
0.0501822
0.00024883
6.85367e-05
0.000532533
0.0862636
4.09633e-05
6.579e-05
0.0266794
0.985617
2.00167e-05
0.000321827
0.922513
5.29e-06
2.21e-05
0.00571824
1.07e-06
5.51167e-05
0.0199644
0.996955
0.999283
0.00129602
1.32433e-05
1.29967e-05
0.0699604
0.000175053
1.22067e-05
0.000786443
2.34633e-05
0.199005
4.24333e-06
2.50333e-05
1.64467e-05
6.06667e-07
0.126466
2.13167e-05
0.000578673
0.00088526
0.00114341
0.104489
0.000466767
6.07333e-06
0.00015225
0
0.0280998
0.996708
0.0141617
0
4.92e-06
0.950114
0.00365282
1.31e-06
0.921942
2.2e-07
0.00240246
0.0144164
3.66667e-08
0.00034645
7.48867e-05
8.03e-06
0.00256678
0.00134561
6.28333e-06
0.00026283
0.000133273