0.000108853
0.000295203
0.778592
0.00051168
0.0813525
0.000977223
0.00122024
0.00724814
0.00692813
0.00549232
0.402631
0.000138827
0.00200238
0.554493
0.00341471
0.943861
0.168089
0.532163
0.000781547
0.182476
0.982598
0.000728347
0.00051317
0.00350221
0.000751747
0.0143528
0.95047
0.353004
0.010055
0.132099
0.00101797
0.0607328
3.903e-05
0.0294758
0.904175
0.000138733
0.0134361
0.0399492
0.432771
0.000112853
0.82716
0.00348933
0.0499401
0.00066286
0.00276679
0.0667269
8.916e-05
0.00488974
0.415178
0.00131236
0.00150644
0.000683183
0.000126917
0.852904
0.448379
0.00384028
0.0219308
0.0445921
0.0295326
0.160472
0.0132697
0.628525
0.00975305
0.273373
0.0022411
0.0104748
0.0173367
0.00146431
0.00315611
0.00371504
0.00309245
0.010379
4.59333e-06
0.926052
0.131352
0.00400871
1.41333e-06
0.200126
0.14702
0.00190363
0.0192743
0.000176727
0.32502
0.00286702
7.03933e-05
0.0928845
0.000388633
0.000155307
0.00654701
0.0377739
2.779e-05
0.0710071
0.991116
1.51467e-05
0.0515882
6.50333e-06
0.000104847
0.00816275
0.00053153
0.466155