0.000466787
0.111942
0.00522528
0.00566141
0.000576557
3.46433e-05
0.348516
0.224588
0.898304
0.00220334
0.596335
0.654602
0.368898
0.00148321
0.992968
0.000364427
0.00045298
0.00082057
0.00558812
0.00450983
0.00321342
0.640582
0.00292917
0.00016843
0.915092
0.787223
0.00033388
0.0154421
0.00116467
0.0002584
0.826244
0.00038063
3.14033e-05
2.24733e-05
0.000220383
0.040891
0.000730023
0.00711651
0.0013661
1.038e-05
0.00169901
0.000214233
1.48667e-06
1.36367e-05
0.0609112
0.00066306
1.11067e-05
0.309368
0.00205573
0.00128275
0.00164192
0.0001108
0.000145143
0.0286358
3.985e-05
0.00041034
0.998798
0.000183983
3.73667e-06
0.00035133
0.00494629
3.26433e-05
0.112455
6.37333e-05
0.0006594
0.0231118
0.000511143
0.00752161
0.00866793
0.863638
0.0855685
0.32364
0.0011213
0.000410737
0.0148926
0.00102124
0.00227536
0.858386
0.975189
8.11633e-05
0.00537586
0.248678
0.408096
0.275623
2.14333e-06
0.875507
0.000121047
1.27467e-05
0.188006
0.00026783
0.0021289
2.79267e-05
0.246128
5.55e-06
0.0136831
0.0591364
0.317816
0.00589713
0.195427
0.000366987