0.00385479
6.79e-06
0.131299
0.0494242
0.1024
0.000349117
0.00780706
0.0232213
0.347924
0.00124956
0.0196087
0.817005
0.0282232
0.871081
0.00172478
0.742181
0.25789
0.353434
0.371987
0.0358969
0.000235323
0.957259
0.000205373
0.924416
0.0012463
0.0809774
0.0564239
0.0597371
0.00623034
0.00024092
0.00174481
0.00823485
0.000557557
0.0157176
0.0229465
0.0599033
0.567696
0.886563
0.0009955
0.00864372
0.429748
0.214554
0.00421113
0.351704
3.17667e-06
0.000255127
0.00209461
0.0091425
0.851268
0.00893223
0.559838
0.019379
0.0118179
0.00164418
5.89267e-05
0.00069854
0.000448403
0.00019216
0.184616
0.0618249
0.00015111
0.0941257
0.00048874
0.198433
0.000943093
0.00264745
0.00249576
4.296e-05
0.00395716
0.197565
0.574498
0.00063055
0.301599
0.00920081
0.00638557
0.00055467
0.142912
6.46633e-05
9.43333e-07
0.00663568
3.79333e-05
0.0870876
0.00261734
0.224891
0.00100677
0.400813
3.68667e-06
9.62633e-05
0.424318
0.997125
0.00153179
0.333059
0.00295946
0.00685803
0.00586973
5.25667e-06
0.138925
0.290047
0.00042255
1.90633e-05