0.101304
0.207816
0.930854
0.0802958
0.0878362
5.30033e-05
0.0108882
0.576151
0.0104106
0.00051316
0.0126759
0.0051736
0.997129
1.09667e-06
4.04333e-05
0.985986
0.856807
0.30559
0.00293721
0.0526107
0.00022765
0.98916
2.254e-05
8.01867e-05
0.00117183
0.00206179
0.768202
8.93333e-07
0.000723137
0.037711
0.970649
0
5.19033e-05
0.171848
0.000238533
0.00129961
0.00889731
6.66667e-07
0.0346205
2.104e-05
0.0147389
0.000866817
3.02e-06
0.0080211
0.00746791
0.00100965
4.95333e-06
0.00135904
0.00045838
0.0123292
0.313931
0.989547
5.126e-05
0.00035256
0.00320555
0.00013766
0.19852
0.999489
7.919e-05
0.880589
0.0461296
3.90467e-05
0.23551
4.57833e-05
0.00156879
0.000779043
0.00292435
0.00055516
0.00115623
0.000319187
0.010402
1.838e-05
2.88333e-06
5.77e-06
0.000199823
0.000340583
9.47667e-06
0.00352669
0.000192383
0.206994
0.199084
0.00842978
2.64067e-05
6.93533e-05
0.00022182
0.00335838
0.00260938
0.00144098
8.6e-06
0.828548
0.00263352
0.00196634
0.185518
0.287586
0.386905
0.00069074
0.934347
0.000333883
0.00128091
0