0.998441
0.00148771
0.00031682
4.99267e-05
7.00867e-05
0.995246
8.485e-05
0.000842407
0.00544237
9.77333e-06
1.77567e-05
4.25767e-05
0.481724
1.53667e-06
0.995236
0.0008117
4.02067e-05
0.000887
2.55033e-05
0.0491521
0.000605073
0.000431247
0.000653643
0.994767
0.994837
0.0292773
0.0112381
0.202333
7.07667e-06
0.0183372
1.13467e-05
0.979477
2.68133e-05
0.0141278
1.28633e-05
0.00642076
0.00985538
9.37e-06
0.909593
0.990168
0.000124587
0.999872
3.93667e-06
0
0.000836987
5.43333e-06
8.43333e-07
9.004e-05
0.00280201
0.99961
0.000799557
1.49667e-06
0.0123488
1.623e-05
2.86667e-07
0.0118928
1.60833e-05
6.77667e-06
1.3e-06
0.313226
0.00896071
9.73767e-05
0.999935
0.00888667
0.000209877
0.00342718
1.46667e-07
0.000333483
0.000248793
8.58333e-06
0.987081
8.66667e-07
0.0119698
0.00225942
0.00323985
0.0316734
7.2e-07
3.02333e-06
0.00103401
0.00454727
0.00016624
1.03233e-05
0.993338
1.63333e-07
0.000341023
0.00520787
0.000780753
2.36633e-05
0.00625715
0
0.0232091
0.869074
0.00178358
0.00136919
0.000383773
5.73767e-05
0.000279307
2.41e-05
1.76333e-06
2.80667e-06