0.233648
0.00024942
0.060212
0.195816
0.024123
0.537937
0.449803
0.0388188
0.00235898
0.0130485
0.177852
0.103079
0.0208667
0.0518667
0.0860929
0.0293126
0.0138584
0.505973
0.330958
0.336555
0.291645
0.0415343
0.157831
0.46378
0.00890251
0.0435753
0.29959
0.527589
0.00495271
0.741598
0.0395277
0.133869
0.200453
0.18396
0.14006
0.0240762
0.312342
0.0740168
0.00047148
0.040725
0.3767
0.00106438
0.116924
0.100785
0.0110095
0.00078632
0.129082
0.187333
0.254307
0.232414
1.04433e-05
0.0254581
0.0769057
0.151108
0.140592
0.310941
0.113107
0.0534432
0.0136599
0.0997156
0.0307805
0.000905883
0.0774848
0.848674
0.00106247
0.00265084
0.758402
0.070546
0.0409276
0.000164027
0.000228173
0.122122
0.0594769
0.383845
0.0139811
0.00163316
0.266592
0.0454649
0.23434
0.335494
0.0168857
0.00118616
0.633465
0.35445
1.28133e-05
0.0498191
0.0114775
0.0329854
0.462393
0.264948
0.0780448
0.273716
0.0500594
0.00125828
0.0644705
0.00225877
0.0110611
0.0196868
0.0379134
0.000857313