0.0100404
0.000615863
0.00457191
0.367542
0.00217297
0.000820697
0.0109394
0.00132397
0.00014753
0.734382
0.0100585
2.53833e-05
3.898e-05
9.26167e-05
0.00859143
0.15445
1.335e-05
0.0160646
0.000188503
0.00870441
0.976166
0.232709
0.00028532
0.00835928
8.31433e-05
0.930935
0.00694824
0.91748
0.00611239
0.000797057
0.0002573
0.00877804
0.0132661
7.08e-06
0.0266096
0.00389649
0.000594487
0.00477854
0.507399
0.00129848
0.00364102
0.00157402
0.164833
0.821606
0.000874247
0.464023
0.0104412
2.52333e-06
0.471147
0.000675013
0.0362876
0.0685906
0.020355
7.82e-06
0.00077172
0.623741
0.001562
0.00243301
0.0249472
2.979e-05
0.01859
0.992244
4.11333e-06
0.0117347
0.669369
2.11667e-05
0.0095755
0.000731827
0.772013
0.0451227
0.125128
0.930299
3.97167e-05
0.00413016
0.0235313
0.00156342
0.990261
0.00107382
0.0207535
0.00061776
0.0011784
0.00602624
0.939597
0.000134987
5.53333e-07
0.000599593
6.07033e-05
0.00953138
2.91567e-05
0.000395317
0.207654
0.0213678
0.000201333
0.000246783
0.00662988
0.00485613
0.0130847
0.506213
0.96844
0.00186084