0.00011671
2.79667e-06
0.000162313
0.000151033
0.439926
0.0015254
0.0275757
0.065903
0.989014
7.68667e-06
0.00446501
0.0152942
0.000153933
0.0394425
0.616659
0.0570508
0.975243
0.00428035
0.00104853
0.998484
0.0392889
0.000249627
0.921198
0.000271503
0.0236488
0.953437
0.251418
0.225189
0.0101962
0.996858
0.000297213
0.653223
0.000596163
5.32233e-05
0.000420293
0.0717588
0.000359093
0.0028631
0.000779843
0.3622
2.61e-06
0.00097118
0.869998
9.661e-05
8.37167e-05
0.00045733
0.00080985
0.0450911
2.54533e-05
0.666451
0.0238694
0.000426903
0.00122403
0.975137
0.000213793
0.00219858
0.02866
0.138682
0.0477174
0.00162984
0.000468333
1.01767e-05
0.00182833
0.00537187
4.12e-05
0.0001047
0.12889
0.963486
0.00023136
0.00126444
0.00190627
0.000113553
0.339857
0.0161909
8.66867e-05
0.0110899
1.968e-05
0.926607
0.00149704
0.000360557
0.113676
0.00988161
1.53933e-05
0.0234616
0.198138
0.000259343
6.92667e-05
0.00036609
0.00433673
0.00092429
0.00030124
0.0555086
1.54333e-06
0.00172906
0.000788617
0.000298503
0.00137341
0.609967
0.0248654
5.21867e-05