0.00021418
0.00780841
0.0163308
0.00025461
0.000203567
0.0102321
0.00028894
0.489881
0.00010538
0.0448327
0.932045
0.0104959
0.0498705
0.00083782
0.0442122
0.0227932
0.00849069
0.087913
0.0619025
0.0189117
0.0680275
0.00203621
0.941164
0.931396
0.00204367
0.048851
0.932862
0.0409929
0.0730723
0.0151101
0.0149652
0.0001092
8.92733e-05
0.00164062
0.00857656
0.00438608
0.290544
0.0611144
0.0457249
0.00418461
0.000690303
0.000194973
0.00369035
0.00011573
0.00109402
0.00450018
0.879213
0.926377
0.00092455
0.0121054
0.0079994
0.00120953
7.186e-05
0.00033095
0.0206012
0.0106219
0.200784
0.0201869
0.0589288
0.00175219
7.74667e-06
0.852103
9.065e-05
0.904254
0.0308216
0.865968
0.00207356
0.0659358
0.000179853
0.0565736
0.000624707
0.0463948
0.00737174
0.859184
0.00904757
0.042281
0.0001923
6.07167e-05
0.00234635
0.582284
0.316052
0.0149324
0.888908
0.000350227
0.000123893
0.00021976
0.733162
0.0112593
0.000297523
0.000274373
0.0594469
0.0113996
6.16033e-05
0.0101978
0.231482
0.009114
0.00100079
0.00532587
0.932062
0.000626837