0.981495
2.20833e-05
6.06233e-05
0.00255607
0.0220705
0.63319
0.0388529
3.74e-06
0.0124504
0.0139827
2.92533e-05
0.000702223
3.11e-06
0.00873152
0.000209393
6.2e-07
0.0139082
0.577168
0.930203
0.0166282
0.970493
4.13e-06
7.05933e-05
0.855882
0.000478327
8.56667e-05
0.998187
0.99861
0.00140274
0.00162442
0.00170029
0.000474413
0.0134537
6.94833e-05
6.92e-06
0.00128128
1.674e-05
1.07867e-05
0.0256085
0.251733
0.361842
3.6e-07
5.87633e-05
0.00115759
0.00741367
7.03333e-07
2e-05
8.09333e-06
0.0186357
0.000160107
0.00329009
0.996151
3.79e-05
3.39467e-05
0
0.0119997
0.00142866
2.63667e-06
2.03e-06
6.16167e-05
0.00020935
9.51667e-06
0.000235767
1.32467e-05
0.0258586
0.262798
2.20333e-06
0.0177837
0.206276
5.69667e-06
0.00444826
0.0308948
0
0.97545
3.1e-05
9.50667e-06
0.00142027
4.31233e-05
2.84e-06
0.99982
6.87667e-06
0.00267941
1.057e-05
6.27333e-06
0.000156937
0.000275917
6.04333e-06
0.843911
0.0463783
0.0113557
4.24333e-05
4.06667e-07
1.50567e-05
0.966475
2.16667e-07
0.0585431
0.806504
2.67567e-05
4.34533e-05
0.962485