0.492169
0.014309
1.39267e-05
0.00638629
0.984376
8.67467e-05
0.391301
0.000191323
5.02467e-05
0.029393
0.000273243
0.00079089
0.0117296
0.00850455
0.200017
0.00225569
5.82767e-05
0.0206501
0.00733592
0.991989
0.727991
0.00435421
0.891884
0.011415
0.0685336
0.357559
0.000911027
0.0148521
0.0241475
0.0127113
0.607131
0.792635
0.833778
0.0443871
0.0143624
0.0149465
0.000338703
4.09067e-05
0.908079
0.509018
0.0430031
0.00515095
0.0960786
0.0009563
0.0181143
0.0650697
0.000193707
0.000185937
3.50233e-05
0.00505315
0.00327363
0.0016361
1.24667e-05
4.89333e-06
0.0115825
0.0886871
0.00523157
2.14833e-05
5.42567e-05
0.304819
0.000941547
0.00024035
0.754656
0.00153646
0.00966735
9.82533e-05
0.224865
0.0139517
0.00720547
0.00113852
0.194056
0.887714
0.069526
0.00205771
4.73433e-05
0.00038204
0.0228775
0.151432
0.0111006
0.866802
0.00192932
0.0146784
4.44667e-06
0.00190223
0.055321
5.069e-05
0.000124977
0.0107333
0.000709553
0.0288537
0.00110457
0.00344621
0.000117573
0.00552685
0.754582
0.27079
0.970441
0.00497301
0.00143426
0.00285918