0.0008636
0.00195727
0.0153757
0.779484
0.628155
0.780966
3.549e-05
0.00275055
0.0178869
0.00618228
0.0016853
0.0862363
0.00284571
0.06891
0.901265
0.0628375
0.932124
0.714877
0.011222
0.00537618
0.0182166
0.00372938
0.0400145
0.0283402
0.000924083
0.056998
0.94151
0.00570049
0.928894
0.00116874
0.00446214
0.0163974
0.050945
0.00112182
0.0100264
0.000706
3.486e-05
0.0298334
0.0103084
0.00632045
0.180579
6.96433e-05
2.81e-06
0.0123292
1.67e-06
0.00284772
0.0020806
0.00143249
0.00220386
0.0104192
0.0577918
0.00531947
0.0467357
5.03667e-06
0.0243781
0.00154221
0.00663528
0.930186
0.00126821
0.0340223
2.55733e-05
0.0593877
0.941458
0.0042072
0.00316366
1.09367e-05
0.000275753
0.0671653
0.000643293
0.929046
0.596013
0.652792
0.0136605
0.00357161
0.00706268
0.929577
0.000466243
3.49667e-05
6.818e-05
0.0383103
0.0634938
0.00288724
0.000517687
0.93108
0.00456322
0.00128559
3.407e-05
0.0642356
0.0137266
0.00239708
0.116391
0.0207314
0.00115375
0.0155186
0.00445824
0.00202186
0.933118
0.0141601
0.00154545
0.0632037