0.0836105
0.0112828
0.0700782
0.39265
0.14269
0.00208215
0.226947
0.0171225
3.06933e-05
0.00103789
0.102861
0.00470441
0.131949
0.414536
0.494339
0.251235
0.442092
0.344547
0.648713
0.0339211
0.423818
0.0356528
0.0018501
0.0639651
0.142948
0.156425
0.736574
0.634202
0.416095
0.0371666
0.00018899
0.359173
0.00528123
0.113712
0.0120619
0.201548
0.0127455
0.00033943
0.079303
0.00255194
0.00285203
0.0171705
0.18893
0.0840498
0.00115002
0.00018604
0.0434582
0.0533097
0.222205
0.00107019
0.00159634
0.00198615
0.478095
0.0733407
0.125205
0.101784
0.0690092
0.730297
0.00566926
0.0781991
0.285734
0.0914303
0.418326
0.00119391
0.153723
0.542739
0.0586959
0.264121
0.00314832
0.00680149
0.0148102
0.0228194
0.0374309
0.00425878
0.0129717
0.028096
0.0792649
0.0309303
0.0637002
0.0931617
0.00146006
0.00192127
0.34733
1.46167e-05
0.0294584
0.453926
0.300904
0.00164241
0.0333908
0.300883
0.792807
0.0158264
0.0405602
0.383335
0.0051653
0.106628
0.060816
0.0813309
0.289788
0.00786257