0.0619308
0.00384738
0.0550936
0.00454845
0.00267989
0.12351
0.0055896
0.0284606
0.165931
0.0234937
0.00165188
0.562754
0.00247694
0.884978
0.0973378
0.0228791
0.827849
0.0333366
0.00765043
0.00399887
0.0118478
0.000411083
0.0706872
0.0133145
0.00752289
0.189545
0.216779
0.190185
0.00812872
0.865939
0.0141609
0.00352057
0.00239365
0.0214758
9.89133e-05
0.00372794
0.0221042
0.00654935
8.80667e-05
0.0326935
5.99667e-06
0.664582
0.205372
0.00013647
0.394443
0.00316816
0.00380589
0.0203696
6.39867e-05
0.67458
0.0051388
0.0065024
0.919723
0.0197234
0.00027574
0.133093
0.00126795
0.704679
0.00108417
0.0017937
0.0505042
0.357039
0.0162916
7.36333e-06
0.934214
0.173638
2.473e-05
0.0289148
0.00614509
0.0011113
0.0298805
0.00456563
0.002628
0.0485135
0.00310365
0.977231
0.0155244
0.00332863
0.0522575
0.136936
0.000312937
0.00897417
0.0496642
0.000670877
0.0184909
0.0391535
0.00599502
0.00187113
0.117684
0.00227911
0.868849
1.672e-05
0.588879
0.570164
0.000206687
0.054028
0.0681153
0.182436
0.836014
0.383357