3.62367e-05
0.0100965
6.55333e-06
0.000682013
0.0618792
1.41367e-05
0.00461462
0.239963
0.751072
0.00711187
0.0174483
2.21533e-05
0.0220123
0.562198
0.941419
0.0115708
0.97136
0.123423
0.935567
0.477353
0.00382602
0.0850981
0.946338
0.00651767
0.00389616
0.00564525
0.00295085
0.00218104
0.00018631
0.944655
0.000519533
0.662355
2.60367e-05
0.0195892
0.0047725
0.993529
0.000153863
0.00118811
5.64e-06
0.000327403
0.00046985
0.00212238
0.00013
0.012866
0.00727864
0.974368
6.935e-05
0.003088
0.00013322
0.00364081
0.00507768
0.00094747
0.0194044
0.00209524
0.00123785
0.00180712
0.0201035
0.911813
0.0157171
0.00424198
0.00653993
0.000322183
0.00192015
0.0222712
3.95067e-05
0.00071553
0.963036
0.00166049
0.00064324
0.00242644
1.38567e-05
0.00317178
0.000267157
0.0185368
0.000928387
0.00205462
0.0668941
0.229948
0.977066
0.000986967
0.000406207
0.00498762
0.00269033
0.0580805
0.821907
0.877474
0.0076319
0.000360723
0.000637603
0.012625
3.794e-05
0.00750381
0.00739817
0.00144473
0.0135772
0.000218237
0.00089824
0.000331007
2.69967e-05
0.0740988