0.000110007
0.00511143
0.0190768
0.0079566
0.000409213
0.000754707
0.00038559
5.17933e-05
0.000205183
0.00081455
0.00938217
0.000114517
0.224444
0.0298257
0.39919
0.435721
0.0513194
0.155482
0.00123369
0.223317
0.518644
0.20403
0.464249
0.975221
0.199303
0.544852
0.00701199
0.000754717
0.00825697
0.0086412
0.00138725
0.534006
0.0118158
0.045433
0.490157
0.39929
0.554045
9.159e-05
0.000610603
9.80333e-06
0.0109773
0.267361
0.0185351
0.384809
0.0102716
0.00436597
0.0812008
8.50867e-05
0.208992
0.000480617
0.0102802
0.000611377
0.0238841
0.00048496
0.540163
0.000136167
0.0103015
2.37433e-05
2.52067e-05
0.00144671
0.000836243
0.0124478
0.010973
0.0311072
0.00232647
0.568259
0.00074544
0.000334097
0.0180276
2.43967e-05
0.0171761
0.42576
0.00833275
0.670616
6.87267e-05
0.449692
0.00268851
0.00026832
0.0153763
0.0177516
0.00807848
0.612361
0.464016
0.406042
1.902e-05
0.00059536
0.0208198
0.422306
0.26002
0.54229
0.000214833
5.59667e-06
0.0113903
0.0419642
0.398766
0.00113229
0.495248
0.511129
0.443121
0.00051965