0.0353924
0.00102308
0.000538197
0.672847
0.0905781
0.0401124
0.00582277
0.751733
0.0689474
0.073195
0.00755706
0.00670806
0.0174651
0.0019513
0.0335055
0.885217
0.0794899
0.88989
0.855848
0.461556
0.0517264
0.881512
0.0179737
0.00274357
0.0893888
0.549533
0.0695933
0.6555
0.0252916
0.745296
0.0685835
0.162195
0.0216638
0.240576
0.00944833
0.0106326
0.793318
0.0244708
0.0455812
0.0917457
0.0475957
0.776454
0.0138643
0.00180604
0.0352528
0.00256628
0.00085296
0.178589
0.00960061
0.00585756
0.782828
0.000846813
0.729473
0.00847911
0.047453
0.0326104
0.0581086
0.00633466
0.0719029
0.000180277
0.00015272
0.0514674
0.14696
0.0139108
0.0459098
0.010234
0.0514248
0.00524416
0.277179
0.00930376
0.00204086
0.893813
0.168542
0.00843888
0.0571066
0.0201564
0.0516782
0.000636477
0.00766171
0.0903452
0.0190401
0.00993896
0.00404294
0.000166177
0.00403271
0.108587
0.118678
7.99767e-05
0.178429
0.0672918
0.000392917
0.000773987
0.00482948
0.00974777
0.0328426
0.00234005
0.0282017
0.000263737
0.00539157
0.145918