0.0784131
0.391131
0.0181237
0.0148167
0.0780275
0.000126677
0.215334
0.0131579
0.072955
0.093749
0.00201849
0.183051
0.0097012
0.744483
0.20175
0.000991203
0.662066
0.67436
0.185591
0.399976
0.0774903
0.017097
0.577515
0.0250153
0.0953033
0.45854
0.0412298
0.0628247
0.0795829
0.0133222
0.00266795
0.00644285
0.558241
0.0609012
0.478533
0.182712
0.26538
0.560386
0.513185
0.208606
0.045375
0.0615629
0.0232416
0.259162
0.00199846
0.00233715
0.0422605
0.0263971
0.308161
0.00186458
0.0864539
0.338565
0.00221764
0.000773323
0.369524
0.0997481
0.00765782
0.0606867
0.472968
0.174041
0.0398153
0.282573
0.160971
0.00189271
0.759306
0.052044
0.0216695
0.00471292
3.35e-05
5.50333e-05
0.00040202
0.00022894
0.0210725
0.0903428
0.0033362
0.00141322
0.0142332
0.169311
0.0298636
0.00320079
0.383298
0.0719457
0.268608
0.0107781
0.00626612
0.0566733
0.460726
0.0170775
0.00054537
0.0024075
0.0200936
0.0970012
0.200986
0.16132
0.0725767
0.00317695
0.00188138
0.240123
0.49895
0.0592951