0.000533607
0.719786
0.0167078
0.299067
0.00460905
0.0230332
0.0427911
0.0994744
0.0413655
0.00141598
0.0499871
0.0166095
0.764424
0.889752
0.0232366
0.0142175
0.0231634
0.0224915
0.548096
0.00224121
0.000879463
0.0407221
0.767654
0.124326
0.00133333
0.0160087
0.0124012
0.0713196
0.840268
0.0231179
0.185515
0.496913
0.00663854
0.0015221
0.055269
4.24967e-05
0.896328
0.0168369
0.0139218
0.271224
0.253662
0.1413
0.0173066
0.00975425
0.00134119
0.0930002
0.00189923
0.0063146
0.0003458
0.225428
0.044901
0.735965
0.00329151
0.0071686
0.282078
0.0125567
0.0432811
0.0240411
0.00204563
0.0475014
0.000720473
0.08431
0.0139921
0.00112626
0.0452254
0.00044148
0.00131391
0.038471
0.744096
0.000522457
0.883986
0.151892
0.022949
0.0282638
0.00163535
0.812724
3.475e-05
0.0042238
0.0264968
0.00518757
0.346695
0.00490388
8.874e-05
0.914191
0.112067
0.000788333
0.0110846
0.000170777
0.840581
0.00628238
0.00769905
7.733e-05
0.00018918
0.106764
0.00266977
0.029766
0.00651525
0.144913
0.158899
0.0396167