0.00172473
0.0055081
0.06454
0.00869667
0.528966
0.00106401
0.312355
0.0879955
0.258301
0.34049
0.428457
0.00413915
0.560455
0.00216371
0.00158001
0.354431
0.0282574
0.00109172
0.0794205
0.156589
0.383599
0.0102448
0.00141968
0.13345
0.0443297
0.512093
0.267332
0.039823
0.553015
0.797309
0.0817827
0.00309828
0.800273
0.119363
0.00146363
0.152438
0.304607
0.144828
0.138597
0.363941
0.114413
0.00205299
0.0444932
0.473791
0.0159674
0.00468014
0.000862683
0.00294072
0.355947
0.190082
0.000643523
0.0044008
0.0504294
0.284713
0.0641977
0.0488908
2.663e-05
0.53425
0.00309115
0.00118359
0.000329717
0.0101985
0.777021
0.231479
0.437123
0.461914
0.366087
0.00226475
0.00134124
0.0613062
2.48133e-05
0.156315
0.0695565
0.000185017
0.000191543
0.566196
0.0161748
0.00479478
0.029422
0.0034131
0.2014
0.0295551
0.000677903
0.36389
0.385271
0.00402631
0.000310713
0.00263557
0.00038165
0.0124603
0.00017943
0.0832549
0.00106099
0.248611
0.00188033
0.000977453
0.00319364
0.0861521
0.00102846
0.101423