0.0636625
0.0102481
0.0163946
0.0271856
0.115353
0.0104152
0.0951619
0.00732633
0.000686227
0.0503911
0.00505092
0.0675389
0.00170827
0.646037
0.0973579
0.889659
0.0790938
0.00211776
0.983337
0.184333
0.0700432
0.85052
0.0418744
0.00946127
0.0287497
0.000535643
0.038333
0.00165023
0.00269282
0.0046609
0.0229817
0.055221
0.930792
0.00257894
0.00242696
0.0186415
0.0145045
0.889938
0.0006114
0.017824
0.0680639
0.00192456
0.859975
0.0607907
0.0355289
0.731721
0.00254975
0.0116171
0.925259
0.110219
0.00807207
0.0020211
0.945972
0.00306575
0.00317538
0.866669
0.0509737
0.000603203
4.64067e-05
0.00574101
0.0073889
0.0149872
0.137636
0.621761
0.302264
0.0105222
0.000600937
0.84072
0.0158836
0.000173723
8.69567e-05
0.0792514
0.00136179
0.00348497
0.0175145
5.31e-06
0.0024386
0.00709918
0.0169773
0.00338939
0.0011631
0.0224245
0.0532005
0.000858663
0.895392
0.00148358
0.0126766
0.0022822
0.00244069
2.66867e-05
0.00475383
0.00360177
0.00433008
0.00281422
0.827764
0.00054342
0.0035997
0.0002868
0.0254483
0.000276083