0.0422487
0.423057
0.196148
0.00017632
0.0659596
0.105725
0.0183809
0.016815
0.0659868
0.369269
0.0502197
0.00061201
0.614727
0.000580187
0.328305
0.0164597
0.00260237
0.354163
0.0714606
0.0981777
0.244365
0.601306
0.363168
0.42871
0.129717
0.421114
0.126063
0.0598287
0.426973
0.0117738
0.0752754
0.574149
0.373209
0.0119481
0.371195
0.00351137
0.458274
0.000526133
0.201453
0.00938555
0.395693
0.326069
0.00308749
7.30667e-05
0.0049457
0.00129842
0.554889
0.0205198
0.0122699
0.34481
0.0087743
0.354307
0.00215495
0.000733197
0.000168177
0.0984193
0.0239375
0.0515737
0.0002401
0.0678118
0.631361
0.581771
0.209352
0.0951436
0.474959
1.29333e-05
0.00120557
0.000650813
0.00466477
0.00052757
0.00463301
0.00714734
0.00252898
0.126016
5.50967e-05
0.00289156
0.0139676
2.02267e-05
0.283369
0.0143203
0.385488
0.00217578
0.361689
0.011571
0.00104225
0.142836
4.98833e-05
0.378896
0.046336
0.00337277
0.0204635
0.00488666
0.0318506
0.00387551
0.332977
2.39333e-05
0.0191307
0.128254
0.299201
0.366488