0.0235666
0.138421
0.821702
9.66333e-06
0.00360115
0.1404
0.0256599
0.0104759
0.0703727
0.0109803
0.00138254
0.0186076
0.0332404
0.0076883
0.803416
0.0113562
3.88033e-05
0.0227893
0.0064193
0.0513448
0.035182
0.227929
0.0301844
0.0117535
0.00303425
0.8979
0.963395
0.0375977
0.958813
0.963008
0.153319
0.00013335
0.00073095
0.468141
0.000172107
0.181958
0.16871
0.0120542
0.772111
0.0372005
2.51e-06
2.53667e-05
0.000357243
0.00155819
0.0268729
0.0865699
0.00774723
0.00295181
7.538e-05
0.0546644
0.429024
1.88133e-05
7.36667e-06
1.008e-05
0.00213042
0.00180976
0.000150003
0.0255203
0.0257922
0.0297124
0.000837413
0.0383343
0.183059
0.00393077
0.00161584
0.0513934
0.00110294
0.0015763
3.66633e-05
0.921153
0.00362717
0.000158587
0.0907764
0.00934719
0.0474637
0.00208255
0.00104882
0.00117499
5.92067e-05
0.83342
0.961055
0.00284184
0.600655
0.00188999
0.00237827
0.38809
0.00692929
0.0622699
0.0011605
0.0001072
0.0118568
0.000608627
0.0024522
0.00458746
0.0722897
0.00212332
0.9158
0.000917097
0.00433792
0.945652