0.0743902
0.298394
0.00693643
0.0223081
0.0114795
0.000248037
0.000316313
0.111355
0.143412
0.00440157
0.535621
0.160514
0.251644
0.559891
0.426282
0.191571
0.467286
0.0895022
0.0177395
0.00121746
0.712234
0.0123988
0.0359819
0.188429
0.00021358
0.0263028
0.315412
0.00989141
0.00433551
0.0464382
0.570699
0.674148
0.000410617
9.17333e-06
0.352487
0.00133444
0.0010823
1.42767e-05
0.011671
0.184435
0.219648
0.00912765
0.000537317
0.355975
0.000145887
0.191143
0.0025541
0.00916556
8.33733e-05
0.0648199
0.54223
0.00729017
0.00345657
0.0699705
0.0150342
0.396965
0.00377534
0.293039
0.0184644
0.133531
0.142059
0.326621
2.20067e-05
0.073709
0.138794
2.584e-05
0.36495
0.206336
0.016349
0.295959
0.0298616
0.00339111
0.0212911
0.322951
0.148879
0.06676
0.150708
2.34833e-05
0.00107193
0.0209816
0.000120997
0.346
0.378468
0.437161
0.586431
0.542219
0.146323
0.0330985
0.00024365
0.00029297
0.062049
0.00997033
0.342948
0.0022567
0.168169
0.566313
0.00554772
0.0476999
0.00761193
0.126942