0.125611
0.67446
0.0626507
0.0986203
0.0435193
0.00545189
0.00151492
0.8128
0.0119525
0.100713
0.020581
0.271806
0.114856
4.792e-05
0.0744673
0.00341804
0.00176826
0.101723
0.211107
0.662302
0.214201
0.0389205
0.00611044
0.700308
0.0453574
0.0169073
0.730977
0.0924035
0.0826649
0.00219327
0.00312721
0.0046414
0.466628
0.00595829
0.061288
0.0538533
0.0864473
0.274753
0.000312383
0.0217574
0.0322567
0.00232386
0.000756627
0.0260951
8.24533e-05
0.00495753
9.47633e-05
5.1e-07
0.144944
0.200859
0.0381199
0.00460665
0.00564021
0.445819
0.107544
0.0124722
0.00835004
0.098578
0.0234997
0.605015
5.26033e-05
0.0936205
0.770702
0.0926629
0.710381
0.000753417
0.0454492
0.0925957
0.00107104
0.0428579
0.12339
0.128304
0.465265
0.229725
0.106335
0.00134141
0.0408994
0.00980539
0.0146776
0.0213603
0.193857
0.0908902
0.0898127
0.681684
0.730103
0.0070401
0.00052624
0.00597206
0.00019646
0.00263747
3.772e-05
0.567558
0.0227114
0.768792
0.142237
0.00054462
0.138124
0.440674
0.0389001
0.0162586