0.00077888
0.53084
0.733583
0.00358139
0.00205523
0.00134356
0.099484
0.0237836
0.0164061
0.0161628
0.0780769
0.502316
0.0201191
0.75702
0.0143475
0.181562
0.00469089
0.00674557
0.990402
0.167119
0.106356
0.000227033
0.855946
0.00162054
0.693633
0.0608607
0.530797
0.147402
2.19067e-05
0.174173
0.135692
0.000725157
0.142278
0.000400927
0.00691923
0.00431887
0.150076
0.000214623
0.0270219
0.23447
0.179346
0.0915168
0.000190397
0.157034
0.00068932
7.484e-05
0.328495
0.00121937
5.253e-05
0.0455915
6.77367e-05
0.0112419
0.0404274
0.600376
0.00216034
0.225861
2.98667e-06
0.0164782
0.00089041
0.0991325
0.0034752
0.780368
0.00593751
0.657062
0.00168639
0.103319
1.596e-05
0.278463
0.00285982
0.681286
0.00014358
0.0398058
0.025704
0.582538
0.0146352
0.606141
0.0154584
0.000712603
0.267933
0.000686073
0.00032199
0.0657597
0.0220999
0.171268
0.000721037
0.0687848
0.0540474
0.104296
0.000409883
7.60667e-06
0.00694693
0.110033
0.0790863
0.0371993
0.181905
0.749681
0.000551277
0.0236431
0.00994904
0.0206385