0.004143
0.485184
5.96967e-05
0.00338067
0.00941969
0.00025335
0.00297972
0.00148997
0.00189642
0.00309813
0.048656
0.0142327
0.0106162
0.145847
0.0270934
0.00127108
0.0629881
0.985858
0.0268702
0.771329
0.316576
0.112864
0.0755731
0.0717154
0.272139
0.139123
0.982268
0.0171352
0.0111387
0.00142712
0.777659
7.63333e-07
0.0239416
0.00747264
0.0600051
0.000427483
0.0688762
0.00685925
0.30953
3.70267e-05
0.000245797
0.0135304
0.223146
0.173166
0.0517603
0.000283867
0.798249
0.0162359
0.00691829
0.0726919
0.0143207
0.42081
0.0057405
0.0553256
0.79087
0.00101849
0.182323
5.35667e-06
0.752476
4.972e-05
0.248182
0.0119067
0.348763
0.00025969
0.0765087
0.00309197
0.04275
0.131261
0.00845975
0.641238
0.571174
0.249702
0.394353
0.00037841
0.000654003
0.000266203
0.110787
0.00975467
3.319e-05
0.0401783
0.16083
0.0001402
0.000388353
0.0224267
6.026e-05
0.00183216
0.317496
0.858958
0.0176437
0.0848052
0.00040063
0.0124119
0.00169953
0.677617
0.0229295
0.0140861
0.46342
0.00531579
0.00236397
0.00486974