0.0134331
0.0366228
0.0421759
0.00912971
7.345e-05
0.0268737
0.808203
0.719073
0.704199
0.0150926
0.395889
0.809159
0.0113149
0.171571
0.124041
0.930976
0.0085254
0.037211
0.00066867
0.0168153
0.863269
0.704355
0.0682024
0.0119823
0.20261
0.188351
0.380258
0.00249174
0.00463333
0.00730698
8.55467e-05
0.34661
0.0021208
0.00485376
0.000404593
0.000135627
3.479e-05
7.35233e-05
0.0118202
0.10691
0.000144003
0.000534933
0.0226872
0.00200503
0.887299
0.783522
0.000510147
0.00699007
0.0394018
0.00312018
0.00040287
0.0119201
1.84333e-06
0.00320787
0.00105471
0.726545
0.0295638
0.00574192
0.00361166
0.000406093
0.0585787
0.0251557
3.229e-05
0.0270276
0.104169
0.00063625
0.11342
0.00019698
0.00345946
0.0619317
0.000356447
0.00021544
0.0231053
0.0109858
0.000735877
0.821375
0.854546
0.00055839
0.839905
0.0398095
0.111452
0.00192933
0.000102537
0.270444
0.00120135
0.0413208
0.00060557
3.4e-06
6.01333e-05
0.000476997
0.00562519
0.000507633
1.60333e-06
0.000195587
0.249957
0.000911667
0.0254557
2.326e-05
0.98374
0.00355858