0.000335157
0.00266731
0.00316562
0.108491
0.000260457
0.900248
0.00540002
0.263415
3.873e-05
0.304945
0.000299673
0.00012313
3.75667e-05
7.006e-05
0.926145
0.00324684
0.917901
0.301239
0.0745704
0.051057
0.0288969
0.000118197
0.394611
0.64781
0.0008898
0.210743
0.977415
0.875952
0.0107582
0.000200503
0.00272974
0.0113055
0.0274619
0.0173979
0.111684
4.391e-05
0.00066805
0.126793
1.37667e-06
0.000401647
0.000515387
0.0357239
0.139762
0.000943617
0.794751
0.00012611
0.00105069
0.000405633
0.000769403
0.740861
0.138233
0.333953
0.023523
0.0942739
0.00483813
0.00387561
0.335237
6.38333e-06
6.90333e-05
0.00026521
0.059756
0.0682041
0.00216355
0.00792604
9e-06
0.019194
0.685474
0.0274736
0.00300084
0.016227
0.847639
3.69633e-05
0.422526
0.0179714
0.292288
0.000281107
0.0688596
0.00167596
0.0386117
0.391956
0.000889717
0.599521
0.00617624
7.07667e-05
0.093592
0.0002142
0.00101246
0.00023188
0.304725
0.00466953
0.00091654
0.00504803
0.000961843
0.00100424
0.861492
0.000321133
0.141225
7.90733e-05
0.0470264
0.000828793