1.07667e-06
0.0123233
0.00534886
0.00116703
0.270724
0.324335
0.000739957
0.612159
0.0148512
0.00054913
0.894348
0.00277645
0.493732
0.660619
0.0131066
0.00205017
0.65377
0.111216
0.0618831
0.254789
0.611342
0.0849715
0.00066873
0.673224
0.651529
0.000959787
0.0620804
0.671639
0.00341018
0.0144448
5.64667e-06
0.000129487
0.0394702
0.000723897
0.0338057
0.000767643
0.924926
0.608282
0.0735945
0.51965
0.331453
0.0173925
0.000118383
0.247763
0.105615
0.0110723
3.00667e-06
0.0027525
0.0101605
3.59567e-05
0.0246981
0.00249127
1.44667e-06
0.00043548
2.811e-05
0.00201633
0.00612176
0.303702
0.0334735
3.58867e-05
0.00196359
0.897667
7.91333e-06
0.219635
0.324129
0.00419034
8.00433e-05
0.00401104
0.000334587
0.024761
0.180465
0.000159717
6.06067e-05
0.00625254
0.416935
0.343161
0.063677
0.00525121
0.0684307
0.0193601
6.06667e-06
0.998179
0.0406925
9.6e-07
2.21667e-06
0.00305413
0.226652
0.000479893
5.34233e-05
0.0130323
0.000413937
0.000163253
1.25667e-06
2.65133e-05
0.100703
4.77267e-05
0.00328183
0.306956
0.0230882
0.23715