0.0250447
0.0583053
0.0582648
0.024858
0.086557
0.0643771
0.106244
0.322082
0.280134
0.0501208
0.197867
0.301151
0.341236
0.201686
0.405025
0.231314
0.574284
0.543016
0.335377
0.50218
0.4474
0.237717
0.319879
0.323596
0.661537
0.215388
0.478094
0.33174
0.213355
0.324078
0.340288
0.193166
0.220777
0.118526
0.144091
0.197424
0.0678697
0.106691
0.138331
0.0605601
0.0805116
0.0855317
0.0322045
0.106819
0.0220833
0.130145
0.0795737
0.254136
0.216238
0.0434205
0.0527841
0.0383611
0.037711
0.045139
0.0607644
0.132915
0.047852
0.102049
0.143424
0.0342087
0.222729
0.329967
0.0360375
0.154233
0.0462287
0.0725658
0.0379704
0.0660186
0.0271757
0.17888
0.051537
0.0280778
0.0989965
0.0587304
0.075878
0.0318194
0.0485244
0.0510849
0.0399109
0.0917817
0.161517
0.160432
0.123826
0.0351819
0.0757877
0.0695998
0.0977764
0.0755878
0.0342898
0.061836
0.0457457
0.0401491
0.0835138
0.0328641
0.0708956
0.107977
0.111031
0.0872517
0.0633646
0.117724