0.0379793
0.012485
0.0352518
0.0687397
0.208619
0.031534
0.212491
0.141167
0.180624
0.0779201
0.153115
0.431721
0.293692
0.238347
0.533887
0.34989
0.24098
0.461073
0.612493
0.453263
0.455365
0.245938
0.468222
0.331829
0.359385
0.431006
0.227132
0.361175
0.154255
0.321862
0.322034
0.165929
0.196278
0.22465
0.0590104
0.0535808
0.0514606
0.0571404
0.159873
0.0520089
0.110928
0.12727
0.118386
0.171672
0.107758
0.0874894
0.0621098
0.0713606
0.0622179
0.088
0.164549
0.0710214
0.0789635
0.059058
0.0803965
0.0845544
0.201808
0.118613
0.149147
0.0487088
0.0404322
0.151531
0.18583
0.103631
0.165861
0.0308455
0.107835
0.0585998
0.0854131
0.0734662
0.057721
0.0452645
0.0702409
0.0312383
0.024249
0.0606977
0.0602818
0.0260313
0.116382
0.199403
0.0979608
0.0435777
0.0527476
0.122103
0.0471415
0.193048
0.0476116
0.124397
0.155966
0.112587
0.0718587
0.049035
0.033598
0.10842
0.049829
0.160702
0.0470314
0.0729884
0.0550462
0.121982