0.170324
0.0779908
0.136977
0.226456
0.0750907
0.246834
0.0415623
0.0393026
0.128092
0.464721
0.489553
0.130239
0.417801
0.253857
0.362996
0.479731
0.501937
0.166152
0.488338
0.332707
0.452216
0.161302
0.581309
0.514087
0.743218
0.246288
0.271848
0.497583
0.181586
0.205271
0.0564847
0.111019
0.201422
0.249569
0.086101
0.18067
0.157081
0.112088
0.0465324
0.147314
0.0203329
0.207235
0.0438974
0.210913
0.0539483
0.143501
0.0440886
0.0707827
0.07299
0.0469158
0.163279
0.14525
0.0654733
0.22956
0.10207
0.0946141
0.0197573
0.127936
0.0350731
0.0378927
0.0639313
0.0292231
0.103889
0.0785636
0.075751
0.0544765
0.017641
0.0304168
0.145442
0.0546293
0.0918817
0.0950074
0.0212226
0.0420303
0.0372341
0.0246588
0.0477759
0.0403924
0.0258544
0.0412051
0.110408
0.0919309
0.0268679
0.0437041
0.0489874
0.100008
0.0609507
0.0235166
0.075548
0.0533234
0.0521869
0.128029
0.0322161
0.172064
0.122655
0.108133
0.0634865
0.0396987
0.0564965
0.0994028