0.106455
0.15229
0.177396
0.0949786
0.121314
0.118253
0.10844
0.170923
0.283691
0.16782
0.197099
0.153461
0.290188
0.156999
0.29046
0.472061
0.191187
0.427647
0.446639
0.536812
0.284073
0.254791
0.244028
0.352066
0.349015
0.265248
0.343064
0.252919
0.137525
0.224329
0.222434
0.19078
0.0523659
0.174009
0.12171
0.224906
0.210406
0.123976
0.0710413
0.194339
0.0931588
0.049157
0.0563168
0.106483
0.0480486
0.0492902
0.105108
0.0736579
0.15791
0.119631
0.102118
0.0331584
0.0822912
0.0699864
0.0760698
0.135924
0.0998658
0.125034
0.0893277
0.176485
0.088794
0.0978985
0.0369447
0.135445
0.0450758
0.118059
0.0820412
0.214606
0.0845753
0.0806355
0.169407
0.105834
0.0917946
0.0942476
0.147382
0.163931
0.0804204
0.0592721
0.111402
0.139563
0.101775
0.0335179
0.0849409
0.102447
0.118054
0.121573
0.0420886
0.0918836
0.126522
0.301254
0.112589
0.0576892
0.0587813
0.148713
0.0563806
0.0967126
0.131689
0.054255
0.0835819
0.122063