0.223546
0.0318042
0.0919679
0.108997
0.03702
0.046673
0.101879
0.217164
0.198026
0.226301
0.0519705
0.315726
0.349091
0.400257
0.323582
0.324699
0.569173
0.352463
0.634923
0.39876
0.371222
0.601373
0.535947
0.296219
0.418668
0.379442
0.540093
0.291503
0.160577
0.135665
0.170689
0.360065
0.0416755
0.0734348
0.0282811
0.103873
0.0945015
0.0336502
0.0377018
0.0853092
0.073382
0.347322
0.0221115
0.029304
0.0650337
0.150202
0.0379608
0.0737291
0.0365774
0.158329
0.0718812
0.112647
0.0216049
0.0653652
0.077987
0.0540409
0.0311802
0.0468957
0.101262
0.18151
0.0208711
0.0535148
0.06433
0.118953
0.0341151
0.0559013
0.132926
0.0408601
0.0344986
0.0713268
0.0995958
0.143804
0.107272
0.216696
0.0789703
0.130113
0.0621485
0.344762
0.0637222
0.0222469
0.10881
0.0446589
0.0345489
0.137574
0.0387164
0.0933531
0.145113
0.0607576
0.0304671
0.0901298
0.0894423
0.050098
0.0315821
0.0315553
0.0430121
0.0749225
0.102995
0.108838
0.0983478
0.166208