0.0840264
0.0619281
0.162767
0.0727166
0.0841426
0.106862
0.236333
0.0890432
0.189507
0.0570722
0.149799
0.168159
0.313458
0.128149
0.390906
0.323148
0.117596
0.491195
0.520159
0.3912
0.79057
0.433359
0.690022
0.368279
0.592621
0.402915
0.212007
0.217697
0.326402
0.243007
0.154078
0.201648
0.0885183
0.124067
0.0884302
0.119048
0.0818184
0.0986647
0.0556172
0.0478289
0.348529
0.132113
0.0887253
0.182039
0.0447536
0.0826612
0.121965
0.0222252
0.144387
0.0525595
0.0287367
0.114014
0.0681738
0.0278599
0.22043
0.188894
0.0600654
0.0561488
0.0647484
0.0452766
0.179702
0.115725
0.0144683
0.0300249
0.0948683
0.0469241
0.134498
0.0474879
0.0412594
0.0375509
0.175878
0.0146455
0.143418
0.115398
0.167142
0.0834145
0.0739669
0.160073
0.118067
0.180365
0.0547784
0.0325555
0.0630659
0.0415062
0.122531
0.115679
0.0295885
0.028733
0.0522252
0.0875907
0.0494479
0.0668293
0.0805471
0.102357
0.0942915
0.0851554
0.148624
0.0433171
0.084798
0.0724298