0.0728075
0.0781197
0.0709451
0.068362
0.0874
0.123987
0.0558174
0.050868
0.0491271
0.22381
0.103729
0.270495
0.271334
0.15173
0.586638
0.335487
0.386569
0.593033
0.519744
0.509126
0.546371
0.802549
0.294677
0.847796
0.43671
0.228455
0.406282
0.117959
0.287196
0.191481
0.0379512
0.367797
0.041769
0.249919
0.0582817
0.0240969
0.0250944
0.155136
0.0416185
0.060527
0.0653266
0.0285463
0.254432
0.0803886
0.0390995
0.0396559
0.0701202
0.156044
0.043983
0.0815624
0.026704
0.0990589
0.0437338
0.068386
0.0457389
0.070562
0.0352333
0.153997
0.0217347
0.249402
0.173789
0.0560137
0.0267834
0.117918
0.224509
0.101652
0.121952
0.244134
0.284236
0.0211043
0.00616846
0.095334
0.13839
0.0480097
0.0460404
0.0494499
0.055569
0.239442
0.0693112
0.0989552
0.0724579
0.14682
0.0716222
0.0344524
0.0559728
0.0328994
0.0407644
0.0379641
0.0695934
0.140543
0.0490098
0.0438035
0.0483479
0.0258491
0.0355038
0.0333096
0.0883819
0.128311
0.0557407
0.0653873