0.173746
0.0393985
0.0399583
0.150536
0.0732772
0.0573695
0.0571175
0.0406192
0.0763621
0.0840428
0.0928826
0.356509
0.442614
0.15763
0.149035
0.437488
0.799438
0.479492
0.424005
0.64779
0.411678
0.281296
0.680383
0.65243
0.223532
0.553689
0.526524
0.321111
0.210012
0.151225
0.220039
0.0485802
0.0977955
0.089591
0.0702979
0.0633176
0.12835
0.034156
0.0347369
0.230195
0.0702606
0.0221017
0.132811
0.0366761
0.0767963
0.14852
0.11604
0.0564689
0.0513192
0.0753645
0.212102
0.0367898
0.186752
0.0661434
0.0793291
0.0166327
0.0205318
0.0722741
0.21458
0.0487108
0.216911
0.0401499
0.139507
0.0724264
0.0668104
0.0372493
0.159423
0.0555261
0.0422322
0.0671625
0.137198
0.0586518
0.0114015
0.0506354
0.0804601
0.122559
0.0665126
0.00899886
0.0527757
0.057257
0.0572376
0.0373579
0.0605088
0.222918
0.141882
0.148148
0.0691693
0.298709
0.0179141
0.130897
0.0948473
0.0212801
0.0468535
0.101254
0.0407879
0.0905849
0.0600382
0.0691946
0.160776
0.037338