0.0575546
0.0855256
0.211538
0.039716
0.163958
0.12741
0.186493
0.160448
0.355945
0.146298
0.111104
0.233443
0.225945
0.162121
0.122853
0.254923
0.542457
0.650042
0.404385
0.654686
0.203001
0.538224
0.538314
0.548939
0.685235
0.480561
0.332542
0.24259
0.360265
0.266242
0.04298
0.0425288
0.0914391
0.150038
0.113787
0.100442
0.186951
0.0939192
0.10067
0.158419
0.148219
0.0415018
0.106514
0.0806286
0.0531306
0.211266
0.0228824
0.105049
0.0433343
0.0644846
0.0306795
0.212745
0.0360956
0.0357165
0.0383058
0.0760715
0.16483
0.124336
0.107448
0.0921958
0.0591906
0.0633867
0.0860234
0.0562442
0.0722448
0.0328752
0.124303
0.0208542
0.031306
0.125794
0.108386
0.0857518
0.0431006
0.065213
0.0555187
0.0373896
0.0861367
0.0476213
0.109764
0.0373918
0.0604181
0.143882
0.0625948
0.0529753
0.0140297
0.0448995
0.112224
0.0128679
0.0425985
0.139411
0.0481857
0.101593
0.0550089
0.0789338
0.120119
0.157524
0.0836388
0.0306014
0.179207
0.141427