0.179236
0.148609
0.0330968
0.0954927
0.250014
0.133723
0.204807
0.196226
0.271004
0.0922293
0.210424
0.175477
0.15519
0.241756
0.43778
0.53489
0.352261
0.510662
0.347682
0.480136
0.360512
0.226788
0.50284
0.658582
0.505376
0.353615
0.326683
0.124866
0.274196
0.0953593
0.191918
0.180224
0.100423
0.0294495
0.110622
0.195361
0.197184
0.0472796
0.190813
0.0399869
0.0498574
0.110262
0.0484852
0.0243834
0.0865862
0.0938585
0.239602
0.0362237
0.0796261
0.0349834
0.116442
0.0500095
0.0213221
0.0573541
0.0271871
0.073351
0.25337
0.0964046
0.112614
0.0962255
0.191146
0.0298084
0.0309272
0.0674411
0.0999715
0.200862
0.0971263
0.052503
0.119654
0.185154
0.0355196
0.329255
0.0983405
0.0264837
0.0541793
0.0681523
0.142337
0.0475266
0.064986
0.119993
0.157486
0.0709644
0.0576657
0.0849339
0.0768084
0.0805634
0.0348264
0.0737992
0.0609321
0.138288
0.0216749
0.0517253
0.0593979
0.0354583
0.0638198
0.0686421
0.0741335
0.131735
0.0623277
0.0625248