0.0473848
0.110455
0.0990772
0.117071
0.0583651
0.0923477
0.0961041
0.130459
0.0841525
0.173569
0.0613753
0.114171
0.136126
0.308433
0.346036
0.342165
0.240045
0.500812
0.298357
0.528958
0.564264
0.69797
0.485979
0.496024
0.395762
0.2085
0.27594
0.469753
0.237593
0.20401
0.40635
0.132576
0.236624
0.135655
0.0366586
0.110983
0.0911096
0.116585
0.0410594
0.22451
0.11646
0.100769
0.0356487
0.106731
0.125009
0.18006
0.0453096
0.0636703
0.167584
0.116748
0.152131
0.11425
0.111076
0.0543603
0.109448
0.0315152
0.0816298
0.0652559
0.0257337
0.0757086
0.0516614
0.167124
0.135301
0.0558208
0.0711784
0.0919901
0.0317682
0.0245615
0.163098
0.110845
0.0642082
0.0594319
0.162658
0.0436572
0.116947
0.0739086
0.0552834
0.05956
0.108361
0.239524
0.0579951
0.190527
0.196552
0.147041
0.059915
0.0675815
0.0420285
0.0409119
0.0895797
0.0626176
0.0372281
0.0545327
0.123874
0.0711508
0.212404
0.0302856
0.0286008
0.101161
0.0364209
0.130237