0.0621959
0.05215
0.133686
0.0402913
0.0209336
0.0994355
0.0229169
0.283229
0.0520358
0.0550416
0.273915
0.479235
0.428726
0.334585
0.173852
0.0987211
0.634658
0.251738
0.287005
0.602681
0.718669
0.844268
0.555351
0.491078
0.668734
0.689163
0.629337
0.165331
0.353156
0.122183
0.0607261
0.208577
0.114792
0.287925
0.0867438
0.0589944
0.0418606
0.018566
0.120053
0.040871
0.15343
0.0700507
0.0823944
0.0459501
0.0241335
0.0837059
0.0129906
0.0333334
0.0810391
0.100781
0.0668037
0.0390622
0.00788218
0.0158774
0.0839338
0.112155
0.0158855
0.0290234
0.0269619
0.0399084
0.0147463
0.258904
0.0418385
0.0128316
0.0454425
0.0163253
0.0707507
0.0245429
0.0489139
0.0838649
0.0343326
0.0188791
0.0275758
0.0582088
0.0797239
0.112583
0.0302131
0.0100575
0.0430382
0.0314152
0.0828963
0.0920027
0.0582046
0.0139941
0.357557
0.0512844
0.0451426
0.0173232
0.385969
0.0403973
0.0567898
0.00920879
0.0741796
0.0393132
0.178234
0.287899
0.0658112
0.0912539
0.0425108
0.157131