0.072735
0.0547538
0.0897524
0.073058
0.224551
0.187431
0.0949185
0.244759
0.138347
0.124587
0.186361
0.301866
0.159677
0.364283
0.383071
0.389195
0.472656
0.491507
0.363821
0.522972
0.591371
0.456847
0.247958
0.442681
0.531108
0.260897
0.392315
0.335858
0.159415
0.141664
0.14293
0.110765
0.179446
0.10714
0.163986
0.16669
0.0523582
0.0418189
0.133716
0.0790291
0.0503496
0.0749368
0.0483219
0.0274716
0.0567493
0.0495355
0.185849
0.062892
0.0869601
0.0874496
0.122436
0.0176374
0.0496486
0.055727
0.103581
0.132172
0.0614486
0.123943
0.0161187
0.100577
0.103174
0.0352626
0.0557188
0.0766026
0.112412
0.0478042
0.129267
0.074104
0.061744
0.104927
0.110039
0.212732
0.0899971
0.0687724
0.228768
0.0648784
0.0767464
0.0356455
0.076192
0.19983
0.0576215
0.0840039
0.0794051
0.098423
0.0795155
0.119871
0.188068
0.184748
0.0984476
0.116815
0.0915044
0.111237
0.0484802
0.105584
0.0445779
0.102269
0.0563411
0.0963767
0.0462191
0.0337719