0.122114
0.238467
0.0945747
0.0721515
0.0667917
0.022727
0.0543712
0.254376
0.253939
0.253013
0.2631
0.256446
0.194471
0.430328
0.415052
0.711783
0.564188
0.631514
0.506543
0.553493
0.730021
0.594133
0.386661
0.475084
0.202967
0.139609
0.238765
0.0758259
0.138418
0.111059
0.0386877
0.0438737
0.116539
0.109448
0.125451
0.148226
0.0992738
0.0270167
0.121454
0.0199143
0.0139777
0.124792
0.0528756
0.0643336
0.158583
0.0446984
0.0671058
0.278688
0.0491882
0.0337922
0.095935
0.0799116
0.169199
0.0243986
0.0727823
0.0363544
0.0207336
0.0712901
0.0623101
0.0259355
0.0459692
0.0554269
0.113481
0.137479
0.0846221
0.154578
0.0695858
0.0730995
0.0757489
0.138249
0.185015
0.153996
0.0385729
0.109619
0.0331819
0.0685546
0.0547794
0.106529
0.0164441
0.368819
0.12654
0.0946702
0.0522045
0.0310522
0.0257392
0.0648561
0.0476318
0.106483
0.0910126
0.0924864
0.109193
0.0213859
0.0865577
0.061147
0.0432352
0.0481747
0.0469204
0.14116
0.0805334
0.09651