0.0389787
0.0552348
0.080098
0.0748661
0.0547456
0.099972
0.10136
0.0147963
0.201637
0.12791
0.233243
0.225028
0.167619
0.400373
0.296287
0.672018
0.625403
0.526572
0.616971
0.781716
0.663416
0.462069
0.480905
0.232532
0.30353
0.463119
0.436803
0.316744
0.342422
0.0789471
0.261483
0.121282
0.116043
0.215408
0.0930905
0.180467
0.0462535
0.0686641
0.0651486
0.146212
0.0551403
0.0256261
0.20542
0.155314
0.105263
0.0180387
0.0211828
0.0154074
0.0392536
0.0714282
0.0244686
0.112305
0.119091
0.128601
0.14119
0.0393722
0.127598
0.0452855
0.0700273
0.075174
0.0362396
0.0392363
0.0256371
0.173153
0.183583
0.0231145
0.0328812
0.0194855
0.152309
0.0706714
0.0313589
0.179326
0.0602195
0.0447207
0.0616166
0.0179792
0.053884
0.0618544
0.0355324
0.077478
0.0463284
0.0879877
0.0840097
0.0283898
0.0262871
0.0607632
0.0797779
0.269251
0.0546452
0.0963893
0.0698058
0.0152254
0.0783881
0.0143443
0.021199
0.106044
0.0374289
0.253817
0.0603598
0.0447249