0.0428694
0.0332758
0.0640935
0.0699835
0.0665155
0.0498461
0.111207
0.244922
0.140886
0.130108
0.274004
0.394038
0.397738
0.172848
0.617716
0.388646
0.202802
0.300172
0.317847
0.408255
0.583883
0.218489
0.350158
0.40886
0.55213
0.486844
0.251583
0.313013
0.258772
0.173004
0.0420202
0.170998
0.164497
0.074691
0.0663949
0.154669
0.174109
0.0899786
0.0611551
0.140478
0.082116
0.0979113
0.0583175
0.0790133
0.147077
0.192723
0.357345
0.141775
0.062773
0.108581
0.134325
0.165256
0.0620558
0.183209
0.0340373
0.0788247
0.0824662
0.109233
0.069267
0.0362091
0.0426244
0.0990755
0.122966
0.162607
0.0974578
0.0680377
0.0668427
0.0965063
0.168496
0.150047
0.116078
0.0993233
0.0547531
0.0428133
0.105238
0.0406104
0.0755202
0.119594
0.0932667
0.0975871
0.0829034
0.0744025
0.0217142
0.0619085
0.167246
0.137587
0.21446
0.0487177
0.170436
0.0777659
0.082068
0.0304363
0.0466838
0.0492882
0.0376378
0.0325147
0.101029
0.0281618
0.0471232
0.122459