0.0774565
0.0217628
0.091954
0.106367
0.0654595
0.069443
0.123952
0.298952
0.0387821
0.135112
0.219127
0.202385
0.324906
0.492739
0.219031
0.340646
0.508317
0.193462
0.790362
0.669792
0.360341
0.2674
0.315805
0.253782
0.209418
0.467605
0.441621
0.471231
0.17928
0.36521
0.185609
0.0534001
0.0781397
0.255459
0.0931723
0.101149
0.3407
0.0685713
0.191742
0.211085
0.11905
0.0684521
0.158579
0.153398
0.0608075
0.0672708
0.213486
0.115179
0.0953846
0.150484
0.0469537
0.137423
0.0765785
0.0755219
0.096307
0.0639643
0.0904848
0.116394
0.130949
0.138976
0.023712
0.1141
0.0442638
0.0452706
0.132275
0.0459228
0.0557285
0.136527
0.0354256
0.0634505
0.0620983
0.0388497
0.0427206
0.0557667
0.135809
0.0242316
0.0525862
0.0703972
0.198444
0.0219779
0.0572597
0.0858737
0.0203283
0.0415574
0.0473688
0.140906
0.108638
0.0268585
0.0802932
0.0547593
0.0866383
0.0279305
0.0632356
0.142979
0.0673648
0.179908
0.0803661
0.0847181
0.0711928
0.0558944