0.0235113
0.054466
0.151407
0.164704
0.132094
0.0248261
0.0611192
0.123581
0.242188
0.172313
0.156333
0.455124
0.127136
0.340665
0.38663
0.519519
0.661214
0.587059
0.570283
0.644534
0.380353
0.676282
0.287543
0.416891
0.27505
0.31271
0.442792
0.332659
0.219638
0.151229
0.09823
0.183301
0.117341
0.32096
0.180218
0.0826946
0.100504
0.156637
0.151771
0.102857
0.104307
0.0570326
0.0758881
0.0929039
0.158254
0.0737918
0.20871
0.0411976
0.187932
0.023841
0.0352845
0.0686567
0.0248331
0.0873496
0.0342271
0.0502422
0.0509085
0.0644545
0.0280417
0.0133371
0.0438183
0.0601067
0.110349
0.0330286
0.14869
0.0916216
0.075215
0.0425708
0.0344675
0.139357
0.022449
0.145539
0.0737388
0.155431
0.0715111
0.054385
0.132287
0.0294069
0.106451
0.0269931
0.116165
0.0347515
0.0886635
0.1012
0.0287793
0.0721271
0.0290353
0.100432
0.00996721
0.102587
0.142725
0.040786
0.059877
0.0944996
0.0780083
0.0472144
0.0424045
0.0262924
0.079234
0.0382758