0.182453
0.099455
0.146744
0.0468364
0.28145
0.0325225
0.124536
0.265141
0.0487907
0.166762
0.13245
0.0891727
0.332502
0.12708
0.156133
0.361375
0.499878
0.40428
0.631737
0.489304
0.247283
0.505314
0.227802
0.588345
0.604031
0.188737
0.457765
0.329637
0.200906
0.0720308
0.088571
0.221702
0.095467
0.159672
0.177258
0.301034
0.0351913
0.22728
0.0258961
0.0928639
0.167729
0.0497974
0.0563758
0.031288
0.103076
0.0321687
0.121593
0.216071
0.0442614
0.054695
0.118182
0.0346088
0.0226699
0.106381
0.106068
0.115771
0.0207663
0.0596758
0.0480872
0.168592
0.260079
0.122946
0.114449
0.302234
0.139668
0.0415323
0.195128
0.0399509
0.0758128
0.00948114
0.0863075
0.1275
0.0789496
0.0513098
0.0902277
0.0410152
0.034742
0.0240238
0.0566151
0.172768
0.104586
0.113591
0.0596959
0.0900952
0.0971456
0.0483148
0.110105
0.0944214
0.118155
0.0640427
0.0696323
0.0668209
0.0659755
0.0426648
0.244156
0.0712558
0.0578319
0.123099
0.0723087
0.0781224