0.0111856
0.0456981
0.151827
0.396374
0.102269
0.0224975
0.0867613
0.176134
0.236306
0.0710533
0.232817
0.312293
0.203351
0.290647
0.149651
0.449986
0.243846
0.436311
0.653888
0.397929
0.33717
0.697098
0.439529
0.508237
0.411134
0.188696
0.304614
0.22161
0.233133
0.136199
0.337577
0.158127
0.230208
0.0915882
0.0620428
0.159071
0.123967
0.215322
0.0418675
0.205527
0.0487721
0.0915099
0.0525398
0.105176
0.0415355
0.0388558
0.113729
0.0756212
0.0595614
0.141482
0.0700879
0.111754
0.173402
0.20653
0.0678973
0.0791931
0.0908041
0.0288361
0.0428325
0.0474504
0.0467435
0.0312443
0.0622378
0.0444198
0.156585
0.0529699
0.0525349
0.0402737
0.168755
0.0234121
0.0323616
0.118668
0.0346325
0.0453278
0.0473649
0.0520022
0.0243843
0.0631175
0.156381
0.1153
0.162353
0.0839371
0.0980298
0.267591
0.0801068
0.0203116
0.0566012
0.113532
0.111897
0.158092
0.205256
0.10919
0.219621
0.0478974
0.0296552
0.0334781
0.0326962
0.223577
0.056043
0.0603041