0.326955
0.0430732
0.0753641
0.0687541
0.0616091
0.074621
0.0787547
0.0842326
0.0730941
0.261641
0.275589
0.154158
0.189411
0.21388
0.143041
0.283718
0.360776
0.169869
0.330117
0.30256
0.455491
0.320932
0.603573
0.341296
0.541368
0.553163
0.451643
0.448189
0.289308
0.349639
0.113091
0.0519494
0.112211
0.169465
0.101954
0.119414
0.188046
0.216281
0.234175
0.069118
0.112568
0.0847257
0.175758
0.0590514
0.0620591
0.0527894
0.0571506
0.0399981
0.179308
0.0479367
0.0683582
0.0811092
0.166672
0.0520404
0.16738
0.0467759
0.0585034
0.0600486
0.0973939
0.0176522
0.115502
0.107791
0.0392718
0.165001
0.17466
0.0649469
0.152271
0.0392776
0.124398
0.230234
0.107014
0.136548
0.0821062
0.181716
0.125033
0.0285081
0.0460557
0.0959206
0.0927292
0.024092
0.0989258
0.119777
0.0725407
0.073387
0.105255
0.0907665
0.132393
0.0364855
0.0582303
0.104054
0.113592
0.0785535
0.0350573
0.0565785
0.234843
0.0753657
0.0944709
0.115857
0.0945414
0.087449