0.0928542
0.116821
0.0352516
0.0555542
0.129206
0.176573
0.0605367
0.0305823
0.105542
0.0516433
0.196625
0.131467
0.287967
0.358666
0.397562
0.271728
0.183499
0.565685
0.471705
0.621767
0.34525
0.701711
0.625716
0.408685
0.314057
0.561488
0.122501
0.248786
0.371344
0.274224
0.358651
0.0561778
0.11589
0.191698
0.233178
0.0827497
0.111875
0.0558517
0.0979461
0.040866
0.120812
0.0914922
0.0393122
0.0479152
0.0646682
0.0383192
0.227169
0.100179
0.0885287
0.123092
0.0645148
0.0692893
0.0423676
0.149213
0.249828
0.0617089
0.0632766
0.0433305
0.0276979
0.0394723
0.0666704
0.149767
0.0497378
0.039902
0.099257
0.0891548
0.0447985
0.206302
0.0439064
0.0207075
0.0445462
0.0503336
0.252135
0.0735624
0.0504299
0.200446
0.0588023
0.0333559
0.0646516
0.215472
0.024992
0.104042
0.0640532
0.251553
0.101472
0.0283929
0.038618
0.0751952
0.08909
0.0668866
0.215447
0.0668391
0.14491
0.0384623
0.15678
0.0272846
0.0196095
0.0743293
0.090551
0.055485