0.0244445
0.0606358
0.0866673
0.204693
0.0640805
0.043109
0.0514138
0.121881
0.160785
0.220147
0.123008
0.312439
0.341335
0.234704
0.375687
0.24246
0.542822
0.200143
0.48621
0.454871
0.44418
0.246528
0.238056
0.670434
0.686891
0.384262
0.49947
0.144556
0.10749
0.129281
0.140316
0.177121
0.079789
0.10802
0.136181
0.076456
0.0248298
0.138755
0.0712277
0.125772
0.253477
0.0721631
0.0356711
0.0569459
0.0464848
0.309655
0.0596587
0.193953
0.163358
0.0883843
0.036661
0.149608
0.10136
0.132255
0.0930241
0.210439
0.159632
0.0502403
0.0977532
0.11845
0.1126
0.0555731
0.0842772
0.0741795
0.050254
0.093652
0.0889593
0.190247
0.180029
0.0304178
0.0160758
0.0913228
0.0959508
0.10795
0.0802633
0.0266052
0.064344
0.0366776
0.0625327
0.0936537
0.0502362
0.122851
0.0893238
0.0186168
0.0899426
0.0661532
0.0884409
0.0959988
0.12095
0.124961
0.083835
0.210159
0.117932
0.0189616
0.20468
0.0624052
0.180885
0.111488
0.0351357
0.0611535