0.337965
0.0433008
0.0843733
0.0159938
0.172917
0.13695
0.0516819
0.332796
0.115722
0.0423323
0.140414
0.0724598
0.134793
0.274018
0.306998
0.492431
0.493168
0.794521
0.280966
0.894017
0.194094
0.573515
0.599874
0.509446
0.144198
0.164524
0.153616
0.230898
0.361182
0.180462
0.47229
0.17725
0.131882
0.129904
0.125772
0.0278516
0.446733
0.0808692
0.0532757
0.0469013
0.0393703
0.1437
0.11282
0.205632
0.0417321
0.0384137
0.0298024
0.0306469
0.0542781
0.0653256
0.018635
0.0253129
0.0363947
0.170906
0.0235125
0.0162054
0.0576267
0.0591311
0.0282828
0.0998054
0.162404
0.157677
0.172583
0.0554428
0.151254
0.0438018
0.157134
0.0297333
0.0467247
0.0432804
0.170865
0.0590326
0.05518
0.0194888
0.0222455
0.131717
0.044306
0.357121
0.10255
0.0176861
0.16301
0.062941
0.0379179
0.0569574
0.0914172
0.0814273
0.0363473
0.0851034
0.0511864
0.0815105
0.0825042
0.0467048
0.0585161
0.0353771
0.11634
0.134255
0.0780926
0.0163521
0.149601
0.214326