0.0670964
0.111493
0.0226463
0.0398019
0.121032
0.129183
0.0650813
0.231207
0.0551896
0.355111
0.0728308
0.284499
0.28067
0.171516
0.577713
0.324051
0.664359
0.278743
0.297058
0.472091
0.440455
0.381834
0.573007
0.454469
0.361853
0.141987
0.47998
0.180592
0.380166
0.285867
0.194046
0.157992
0.11937
0.107934
0.037846
0.0688773
0.287617
0.043497
0.0912613
0.05824
0.0833567
0.0356869
0.210603
0.115547
0.0513809
0.0551077
0.0563935
0.0687779
0.0980438
0.0566907
0.182135
0.111663
0.0802995
0.153441
0.192173
0.0392344
0.0791072
0.0774917
0.0638167
0.043832
0.0514223
0.0494461
0.174419
0.0342522
0.0600664
0.0317342
0.0637689
0.0687804
0.143707
0.28176
0.0923612
0.112255
0.0318168
0.0998964
0.0823479
0.098051
0.0288407
0.059638
0.0893647
0.0279535
0.116527
0.105402
0.198072
0.126557
0.189051
0.178364
0.0498428
0.0959083
0.148831
0.102059
0.0438848
0.0537932
0.0544856
0.0547367
0.0260101
0.0738125
0.0342107
0.0641751
0.190398
0.0889529