0.102527
0.135101
0.0220306
0.0577901
0.0926438
0.0975038
0.129137
0.0289408
0.196871
0.217057
0.277738
0.138946
0.182881
0.335461
0.442177
0.134341
0.396165
0.262568
0.483574
0.447625
0.542321
0.443405
0.426662
0.324243
0.279072
0.551942
0.0923128
0.44121
0.159531
0.183153
0.212194
0.0615719
0.0540514
0.0454472
0.13705
0.145872
0.0281099
0.140231
0.129202
0.0281643
0.0309902
0.130899
0.0811237
0.13281
0.109885
0.0936359
0.310282
0.0503283
0.0579574
0.0384639
0.0987596
0.119513
0.04287
0.0856281
0.0933823
0.279902
0.0916631
0.16591
0.0310927
0.0532459
0.11671
0.102434
0.0689433
0.141758
0.367639
0.0710331
0.0622794
0.122145
0.0998446
0.0734554
0.0786135
0.0977361
0.27032
0.0347067
0.0959936
0.0540921
0.0349937
0.0287608
0.0943444
0.0301808
0.169617
0.186171
0.237048
0.0543386
0.0864833
0.103791
0.117699
0.0583727
0.0616752
0.127259
0.0391555
0.313437
0.165111
0.0885241
0.0896697
0.0190955
0.0284126
0.122609
0.0856179
0.0947629