0.0492936
0.412603
0.0805708
0.0712167
0.0656109
0.186917
0.167017
0.145064
0.136917
0.0973663
0.166197
0.194774
0.518167
0.379462
0.176783
0.380321
0.609006
0.546503
0.408377
0.418409
0.402321
0.488606
0.468009
0.363281
0.386779
0.213205
0.147055
0.257259
0.116592
0.355147
0.504795
0.101824
0.0983058
0.0859033
0.0446699
0.167597
0.0807303
0.189653
0.0638286
0.0345094
0.103269
0.0621949
0.302933
0.118363
0.0312746
0.0310404
0.0847743
0.0143127
0.118661
0.048247
0.040372
0.0276389
0.0411347
0.0812743
0.0704646
0.0633515
0.0670175
0.0331158
0.0214893
0.0770543
0.0438176
0.0870436
0.0514585
0.0403052
0.0166728
0.0561376
0.0964053
0.0793057
0.0616532
0.106913
0.05862
0.0573952
0.0550315
0.0295891
0.155423
0.0591071
0.0475236
0.043186
0.0317004
0.229121
0.104287
0.0871229
0.330374
0.118197
0.146185
0.0432682
0.0607967
0.0595184
0.0553031
0.147917
0.112653
0.131797
0.066555
0.0780779
0.154786
0.370923
0.0620515
0.140757
0.0647463
0.0396495