0.0946258
0.0313403
0.193592
0.0451629
0.0849978
0.116701
0.0736922
0.0312297
0.118821
0.370827
0.202291
0.0899528
0.189031
0.278892
0.5001
0.3904
0.416487
0.467308
0.408683
0.756996
0.32259
0.443008
0.62258
0.574968
0.40134
0.518141
0.459506
0.096659
0.0889285
0.147661
0.0486743
0.106331
0.258994
0.241701
0.0395047
0.114512
0.0630949
0.0626322
0.111669
0.0416102
0.0390223
0.0467797
0.0800363
0.0276463
0.221241
0.102174
0.248167
0.0177529
0.0878353
0.0989339
0.104237
0.0819126
0.0420589
0.0803633
0.120856
0.164049
0.0899782
0.048773
0.159188
0.0996879
0.0392529
0.0522264
0.240251
0.18969
0.0699636
0.165837
0.0951689
0.0214504
0.183803
0.0511554
0.0422547
0.197657
0.0235708
0.0533997
0.0731163
0.0846707
0.103789
0.0386597
0.0799233
0.0942856
0.196718
0.0145772
0.0693961
0.0238452
0.0904416
0.0684346
0.214147
0.116491
0.0764308
0.0555936
0.102772
0.0317921
0.0661739
0.0525266
0.0142824
0.0196187
0.0692514
0.0415328
0.110132
0.0797887