0.0761651
0.0281504
0.0977848
0.0498371
0.264883
0.0556431
0.0549522
0.128494
0.0307577
0.0878162
0.0984356
0.309935
0.206842
0.314221
0.603256
0.314398
0.383726
0.468876
0.642805
0.224461
0.370915
0.41815
0.422611
0.434338
0.561432
0.538147
0.126127
0.669038
0.356022
0.326028
0.293862
0.0716781
0.12356
0.105915
0.118513
0.0689449
0.19542
0.191273
0.0675206
0.149075
0.0754001
0.0536461
0.102863
0.0650561
0.0139647
0.040928
0.0456275
0.16603
0.129134
0.0223143
0.108996
0.0620131
0.220172
0.0598677
0.0987113
0.0627066
0.13473
0.0399315
0.0462947
0.0361607
0.144891
0.125174
0.0906913
0.0930199
0.101216
0.0877205
0.0962823
0.0828491
0.0635501
0.0715366
0.0892041
0.0423714
0.0475715
0.0559011
0.0466553
0.0432756
0.105049
0.279403
0.0955015
0.0292404
0.0863044
0.149778
0.213851
0.0250889
0.0934946
0.024041
0.134308
0.103248
0.0813015
0.0592826
0.0807421
0.152726
0.0432195
0.0247574
0.0492995
0.0679099
0.0562235
0.0609998
0.0240627
0.0437023