0.0476508
0.0664321
0.0418717
0.0403118
0.149092
0.209126
0.021975
0.115863
0.0726172
0.238464
0.137271
0.150478
0.138985
0.658889
0.24596
0.539263
0.535691
0.484663
0.846699
0.543019
0.719736
0.216617
0.735474
0.215528
0.281075
0.36212
0.438289
0.177302
0.153416
0.158123
0.162112
0.234378
0.134075
0.141081
0.047084
0.0881204
0.0898597
0.0370388
0.108065
0.0747827
0.0858198
0.0401354
0.127797
0.0430044
0.0605049
0.0847545
0.0921545
0.0982554
0.0830143
0.0946533
0.0673011
0.0549676
0.0978416
0.0837793
0.0455653
0.0246479
0.0560499
0.0401518
0.11962
0.0254188
0.032019
0.178116
0.0835921
0.0560573
0.115383
0.0195589
0.0171777
0.151857
0.0270666
0.0709585
0.0447696
0.193471
0.0856565
0.280064
0.11727
0.141569
0.0759028
0.0882678
0.0459755
0.0266718
0.0208707
0.174809
0.200995
0.108609
0.0830883
0.0457609
0.0774432
0.0462349
0.0519883
0.0573163
0.0598258
0.121679
0.0635683
0.0744855
0.154734
0.0584312
0.132856
0.180186
0.0821798
0.0695004