0.042793
0.210534
0.0237547
0.0441624
0.097934
0.0843061
0.175652
0.0822366
0.0866366
0.148918
0.248862
0.304432
0.338281
0.453473
0.452886
0.589167
0.478197
0.356031
0.384046
0.502567
0.451442
0.388827
0.52395
0.255924
0.308811
0.211726
0.44399
0.470326
0.428899
0.161757
0.058734
0.170567
0.200663
0.127456
0.265129
0.0903942
0.264866
0.0366453
0.108347
0.0613261
0.0409855
0.0732008
0.0334879
0.0479083
0.0526232
0.0435903
0.0958294
0.0243369
0.0535267
0.218995
0.0509508
0.105715
0.0282349
0.0826307
0.230198
0.182238
0.0686706
0.105653
0.194818
0.168342
0.087101
0.0672441
0.0350674
0.0511205
0.0643854
0.0928232
0.0783774
0.185856
0.068378
0.0936072
0.131223
0.0607722
0.138851
0.0591367
0.0240099
0.162801
0.0877263
0.138639
0.0491608
0.107799
0.099584
0.0235727
0.02224
0.0297566
0.0411671
0.019732
0.0202248
0.145698
0.0765718
0.0856196
0.0214534
0.127013
0.0381892
0.0529654
0.0602419
0.147965
0.0388857
0.0629808
0.0237579
0.0417151