0.0489666
0.0713862
0.115676
0.118244
0.0636517
0.136215
0.111777
0.168796
0.161358
0.27395
0.24527
0.12985
0.325401
0.25578
0.623786
0.478578
0.272503
0.499292
0.489603
0.498144
0.248522
0.334709
0.320423
0.287599
0.394646
0.228085
0.500538
0.234944
0.114096
0.161835
0.154895
0.177385
0.123387
0.124372
0.146905
0.160413
0.120692
0.205396
0.0761874
0.171808
0.0357466
0.0586295
0.171083
0.140759
0.0577051
0.0679475
0.0684626
0.0450532
0.123982
0.135335
0.0664331
0.0857534
0.0682754
0.14363
0.183891
0.148602
0.23623
0.111875
0.0728659
0.0627817
0.0400262
0.0717584
0.0543076
0.0660117
0.0243932
0.0439728
0.124299
0.0610159
0.182002
0.0764947
0.0782837
0.190297
0.02949
0.0256835
0.200982
0.0580935
0.0257446
0.146295
0.0773735
0.0662218
0.114292
0.0826608
0.0629418
0.040934
0.11424
0.200199
0.100235
0.151452
0.0540465
0.0937654
0.0839584
0.0338256
0.0566962
0.0833669
0.207521
0.120326
0.0218505
0.0687018
0.0801885
0.125944