0.0764227
0.0633287
0.0479923
0.112476
0.0627469
0.142915
0.101077
0.226993
0.188615
0.137005
0.129169
0.0975528
0.0918987
0.46822
0.381722
0.520091
0.264416
0.34123
0.252297
0.655058
0.556797
0.226113
0.638667
0.580541
0.497005
0.293972
0.334909
0.119984
0.430857
0.0923591
0.108268
0.169696
0.20151
0.175264
0.067918
0.133228
0.0972224
0.0368967
0.0420263
0.134003
0.101227
0.0375818
0.0229367
0.0676044
0.0932211
0.0635479
0.0608127
0.0624972
0.0377322
0.253334
0.0459757
0.103514
0.0310155
0.0989481
0.0419585
0.032246
0.201751
0.0414393
0.0744168
0.0956782
0.158877
0.020549
0.0510103
0.134081
0.0955829
0.0350009
0.135722
0.172149
0.0737119
0.0435224
0.0459939
0.0388881
0.206026
0.292227
0.0881279
0.0415698
0.027738
0.227603
0.0672521
0.122844
0.0940584
0.110916
0.0727204
0.0301286
0.0549756
0.0462622
0.111708
0.0628967
0.0477239
0.240962
0.0824581
0.0958267
0.0574115
0.361724
0.10165
0.0656762
0.203864
0.0423881
0.128536
0.0437392