0.0855307
0.080954
0.171446
0.0453453
0.0247982
0.0710264
0.0544778
0.194951
0.0330414
0.141229
0.0730405
0.188961
0.150833
0.398974
0.436322
0.238613
0.509104
0.323128
0.556849
0.717574
0.207228
0.476576
0.682642
0.623418
0.252055
0.241111
0.214286
0.129074
0.233797
0.131112
0.127029
0.227704
0.0460418
0.206941
0.026737
0.141184
0.115926
0.386447
0.0473664
0.0704179
0.0419755
0.136006
0.257219
0.0887488
0.279008
0.0915711
0.170676
0.0639943
0.150166
0.155192
0.0776172
0.116777
0.0459746
0.111403
0.0144711
0.0614326
0.106219
0.126732
0.0765638
0.0835351
0.0396757
0.0841744
0.0440248
0.0365509
0.0451231
0.047372
0.036535
0.107555
0.131365
0.169305
0.0505597
0.0415832
0.157531
0.148243
0.0355049
0.147662
0.0605826
0.139261
0.0770439
0.122532
0.166483
0.034036
0.0897851
0.0920855
0.103029
0.0487793
0.110211
0.0920052
0.0570687
0.0432526
0.0403848
0.0786377
0.150167
0.286507
0.106202
0.0270462
0.0690169
0.126321
0.0390671
0.179158