0.086084
0.0720056
0.0859512
0.0579067
0.0920934
0.068514
0.0659174
0.0806052
0.143668
0.234957
0.116162
0.0777195
0.319494
0.209239
0.338744
0.250029
0.509883
0.374477
0.756445
0.683687
0.664357
0.419599
0.819627
0.432814
0.328545
0.562723
0.144793
0.235292
0.125718
0.0867997
0.0884647
0.154867
0.0892801
0.230349
0.0575311
0.0624316
0.0599396
0.116573
0.0866963
0.228187
0.0833367
0.0194197
0.420059
0.148278
0.0922937
0.0944345
0.0882702
0.159389
0.0713174
0.0550867
0.137988
0.0329714
0.029612
0.0689723
0.0684223
0.0496894
0.0628309
0.0438786
0.0739247
0.109322
0.0403119
0.0556615
0.0414468
0.0815226
0.049424
0.162225
0.0435141
0.127536
0.023927
0.0608711
0.0519947
0.0577909
0.0967653
0.0450142
0.0474273
0.20236
0.0236049
0.0659018
0.0600159
0.0440571
0.105102
0.0859584
0.105664
0.314924
0.139218
0.106006
0.0412318
0.145818
0.0328367
0.0980665
0.0767322
0.0363605
0.0732127
0.0668852
0.0820877
0.0366485
0.0284795
0.111127
0.0194518
0.385151