0.0275528
0.0560953
0.0932688
0.0263972
0.0968461
0.0887691
0.161832
0.0276843
0.291477
0.169901
0.130176
0.155997
0.515476
0.273704
0.357891
0.36222
0.465604
0.427989
0.523592
0.446982
0.312871
0.415009
0.384818
0.205693
0.431132
0.336253
0.490502
0.14943
0.319569
0.1029
0.143494
0.0556168
0.0986798
0.0712014
0.0383448
0.0690235
0.128324
0.230652
0.385274
0.394248
0.0893721
0.0736061
0.035122
0.0566594
0.137107
0.0464465
0.0328797
0.0464877
0.188462
0.0888635
0.0530912
0.112183
0.0288523
0.0896464
0.0633646
0.100953
0.107019
0.0679513
0.00975259
0.0914686
0.0696069
0.173871
0.0594451
0.115949
0.0529188
0.0241934
0.153492
0.0479708
0.0698812
0.213599
0.132231
0.130077
0.159188
0.113279
0.111962
0.117582
0.0718064
0.268158
0.0833776
0.0334443
0.0977381
0.0784394
0.0861626
0.0445399
0.0727431
0.0779882
0.073953
0.0467947
0.06556
0.14485
0.0369779
0.0788378
0.0605468
0.149028
0.105154
0.192275
0.0837168
0.0659841
0.0965564
0.158342