0.235661
0.0431879
0.189727
0.131552
0.0622504
0.232278
0.0906745
0.0444854
0.139189
0.0470397
0.19027
0.150008
0.328908
0.233327
0.223786
0.68071
0.202016
0.404865
0.797023
0.758248
0.448044
0.590849
0.250986
0.591972
0.287575
0.59777
0.154723
0.252759
0.126299
0.0921892
0.0733518
0.112515
0.0616069
0.122494
0.184876
0.215778
0.228541
0.181454
0.027923
0.0434007
0.10316
0.358023
0.150707
0.116662
0.0483918
0.0404604
0.0475531
0.130448
0.0741293
0.105852
0.0692419
0.102208
0.0334102
0.0432687
0.0411754
0.0515918
0.017081
0.0932907
0.0845978
0.0553863
0.09507
0.0439464
0.0964553
0.0591333
0.0318292
0.095921
0.0357718
0.0464954
0.0331643
0.0765254
0.0528328
0.225725
0.185987
0.0870546
0.186972
0.13599
0.0491748
0.0214159
0.0182495
0.0364811
0.0661562
0.0735948
0.121988
0.103171
0.0505594
0.191962
0.060806
0.0638592
0.0488041
0.0620491
0.229026
0.0375937
0.0715278
0.108722
0.0958099
0.0241667
0.0232403
0.114899
0.0444866
0.196432