0.252422
0.0512846
0.372724
0.0773378
0.0443209
0.0444273
0.152003
0.109253
0.176364
0.227599
0.109215
0.141794
0.306266
0.329171
0.236093
0.465587
0.402891
0.600062
0.428564
0.503266
0.444091
0.572989
0.401397
0.454499
0.249821
0.331847
0.259452
0.145299
0.271476
0.153493
0.160439
0.238672
0.0684683
0.0934834
0.320346
0.140568
0.0621348
0.0632492
0.078088
0.0413866
0.186446
0.122692
0.0396216
0.0802331
0.0418178
0.116857
0.0486665
0.0481908
0.053923
0.237574
0.0600173
0.111889
0.038686
0.0931637
0.0703925
0.0655959
0.0216109
0.0715051
0.0503988
0.0960763
0.101736
0.04631
0.134583
0.0726656
0.0622807
0.155832
0.0397766
0.04405
0.0350141
0.0815291
0.195713
0.234521
0.0936049
0.0657894
0.152478
0.0132888
0.0237528
0.0484569
0.0560324
0.0797
0.0460744
0.101644
0.0372356
0.164857
0.160021
0.0737959
0.143224
0.026804
0.128659
0.167932
0.157226
0.117037
0.0583562
0.0626404
0.080045
0.141642
0.1365
0.0446431
0.127722
0.0496284