0.0829099
0.0738182
0.103005
0.0984208
0.145115
0.136512
0.100337
0.208589
0.100324
0.20828
0.131397
0.179669
0.195944
0.429314
0.314298
0.311824
0.612739
0.555125
0.39548
0.514138
0.471063
0.361272
0.558044
0.353238
0.494535
0.343052
0.0777278
0.478547
0.108947
0.29881
0.122144
0.331384
0.101404
0.170811
0.180596
0.13606
0.119502
0.0863747
0.105675
0.272536
0.0458588
0.0531822
0.0926304
0.020615
0.0439566
0.140691
0.065673
0.115981
0.168424
0.0822447
0.169405
0.0543834
0.100061
0.0660147
0.0446531
0.0745133
0.083026
0.0750445
0.109628
0.0335897
0.0290741
0.11278
0.105684
0.158045
0.0465283
0.126006
0.0549881
0.0794341
0.116807
0.0493775
0.0355288
0.124806
0.0198195
0.071329
0.0451507
0.0536327
0.0261065
0.197009
0.0518416
0.042666
0.126851
0.0463797
0.05524
0.149053
0.0800493
0.109039
0.0361653
0.0929066
0.120149
0.0407512
0.0452273
0.105388
0.108679
0.0818786
0.13585
0.0882189
0.0545378
0.12316
0.0849346
0.0603882