0.103249
0.0717787
0.0538212
0.0588679
0.193023
0.0268651
0.149285
0.0859554
0.0716494
0.0416314
0.221492
0.0837824
0.469029
0.352767
0.543312
0.191361
0.686002
0.597339
0.289245
0.498349
0.213197
0.344476
0.539622
0.803202
0.421236
0.330385
0.0844035
0.354312
0.137815
0.157072
0.0674356
0.530834
0.158061
0.155221
0.0319658
0.121508
0.0711969
0.145024
0.0525952
0.0439878
0.137858
0.209266
0.0499543
0.0200675
0.285866
0.194917
0.045599
0.0532841
0.137439
0.0695088
0.133061
0.120707
0.0411824
0.132766
0.0320749
0.121102
0.0945157
0.0598706
0.0987174
0.195644
0.0199552
0.0514001
0.0933072
0.0694967
0.061677
0.136978
0.099768
0.0192607
0.0314863
0.0475141
0.104898
0.0731729
0.129144
0.0258151
0.0988217
0.141426
0.085152
0.0340898
0.0857091
0.296749
0.0882584
0.138914
0.0566887
0.0645471
0.0717881
0.0371257
0.0602712
0.138413
0.0191359
0.0569189
0.116267
0.051732
0.0404169
0.0309142
0.0581126
0.0750256
0.112814
0.173777
0.0403904
0.076915