0.0494185
0.0590205
0.207295
0.095174
0.0972488
0.105884
0.178484
0.122235
0.139209
0.143596
0.155203
0.067912
0.400259
0.317429
0.256122
0.467115
0.575195
0.657239
0.390941
0.49199
0.621889
0.632658
0.405268
0.576473
0.211036
0.286727
0.277288
0.310099
0.189233
0.189861
0.166173
0.106374
0.0873958
0.0437184
0.0822859
0.0565076
0.0655107
0.0236468
0.100775
0.0886317
0.0585102
0.154454
0.0566193
0.0750147
0.118118
0.0360652
0.0606904
0.0674696
0.0769637
0.0437604
0.213116
0.0315381
0.0914558
0.0392747
0.11123
0.0593878
0.176647
0.0989064
0.0873923
0.0701701
0.0709028
0.0559163
0.0805282
0.0283648
0.0577933
0.113359
0.138329
0.0342531
0.166418
0.0803165
0.0294312
0.130607
0.0551204
0.140263
0.0833301
0.105715
0.0842545
0.154917
0.143413
0.0285398
0.0604499
0.116534
0.0310523
0.126734
0.0789729
0.0400298
0.0767773
0.0293502
0.021094
0.265282
0.0468861
0.138143
0.2648
0.0840497
0.140199
0.113058
0.0726983
0.0850983
0.0749902
0.126718