0.0915553
0.0533372
0.0542366
0.0513653
0.0800337
0.111653
0.115846
0.0451846
0.16039
0.234137
0.179356
0.157963
0.241958
0.157461
0.148709
0.399252
0.409328
0.519113
0.406077
0.630749
0.430585
0.413356
0.567598
0.438731
0.414222
0.397744
0.251332
0.158299
0.110954
0.207981
0.303613
0.1302
0.188717
0.162525
0.0624605
0.116906
0.130831
0.072686
0.188504
0.0278518
0.0455368
0.0917828
0.0984658
0.0603686
0.0831593
0.0351806
0.0651685
0.151899
0.120148
0.0312989
0.0483525
0.178499
0.091332
0.287374
0.154898
0.18869
0.0334256
0.141724
0.161078
0.183527
0.0301101
0.079478
0.121239
0.0712503
0.0493819
0.138991
0.129934
0.138539
0.0706121
0.15829
0.0468615
0.0594215
0.0661466
0.0700696
0.153836
0.0241668
0.0675469
0.0545226
0.218745
0.119505
0.0576781
0.0532264
0.0532517
0.0979189
0.112136
0.0784069
0.211845
0.0866887
0.175517
0.0554506
0.108486
0.0307378
0.11973
0.080518
0.141795
0.0612761
0.0870247
0.0215203
0.0909776
0.13246