0.0942329
0.0429698
0.384816
0.0628349
0.11926
0.149314
0.0651763
0.134573
0.236936
0.286256
0.17072
0.114722
0.377726
0.137117
0.159356
0.303798
0.33276
0.498929
0.726815
0.519669
0.460671
0.471894
0.724315
0.586469
0.744473
0.196884
0.501195
0.13823
0.165862
0.0434434
0.0843392
0.216274
0.0762475
0.079948
0.151353
0.137901
0.213023
0.0395155
0.0401836
0.0486751
0.151839
0.024639
0.0542623
0.0578962
0.0624777
0.0204459
0.0549917
0.0278265
0.0164454
0.135057
0.0941844
0.0460033
0.107058
0.102358
0.0483104
0.031508
0.100259
0.02173
0.0501946
0.0911844
0.0881582
0.0510938
0.0775271
0.0681232
0.104942
0.117201
0.01955
0.127506
0.102371
0.100815
0.12045
0.106306
0.037779
0.0756676
0.325806
0.0801196
0.154182
0.0112279
0.0510157
0.0268729
0.168106
0.120844
0.145405
0.0592072
0.0658749
0.04494
0.0266167
0.165824
0.229291
0.0144495
0.178329
0.0462972
0.0141819
0.0525713
0.105661
0.073035
0.0752377
0.0906724
0.0310833
0.108109