0.203745
0.0421115
0.115974
0.21569
0.0578551
0.109807
0.201242
0.144416
0.0990255
0.310185
0.130505
0.287887
0.389803
0.305595
0.226245
0.111784
0.345632
0.38828
0.281832
0.529205
0.441423
0.576636
0.538994
0.547325
0.193961
0.153139
0.217472
0.423567
0.153041
0.179632
0.135768
0.218117
0.106196
0.0846117
0.173114
0.323851
0.237873
0.164786
0.0292416
0.104082
0.0913862
0.0744758
0.122297
0.0756862
0.180392
0.0726247
0.0419712
0.0942742
0.118697
0.160468
0.0157227
0.266033
0.0713988
0.307506
0.0743387
0.104044
0.0649996
0.108604
0.136047
0.120387
0.108997
0.0904252
0.0712942
0.0583744
0.110741
0.0977974
0.0450273
0.0358525
0.0431094
0.0574958
0.0623114
0.0545715
0.0505909
0.129444
0.0820201
0.114177
0.111068
0.0332115
0.0745283
0.0938398
0.0542818
0.0547113
0.0969251
0.100638
0.0562588
0.0213153
0.093162
0.0749967
0.0240507
0.0290318
0.0694532
0.095446
0.0632086
0.0848545
0.0926779
0.195359
0.198413
0.0553915
0.149695
0.0642497