0.1751
0.214298
0.0809704
0.171876
0.0359705
0.0727739
0.122804
0.0713001
0.199569
0.189244
0.441887
0.420066
0.299988
0.157936
0.362392
0.282055
0.564485
0.228413
0.364237
0.375082
0.616547
0.280541
0.220623
0.214573
0.313394
0.492311
0.193745
0.115188
0.252219
0.217179
0.185269
0.250475
0.146661
0.0828717
0.166966
0.268504
0.168671
0.0798994
0.0801009
0.0421607
0.0557294
0.104612
0.100904
0.151922
0.0692854
0.0954394
0.0473443
0.0367973
0.0321025
0.0802751
0.18591
0.119247
0.0675301
0.0862689
0.0952388
0.0771497
0.0715317
0.0758574
0.361147
0.0853754
0.14225
0.0735359
0.138017
0.0688811
0.0739011
0.0631129
0.173362
0.126695
0.0934239
0.107086
0.0785071
0.0952014
0.102666
0.0507111
0.0798991
0.239612
0.0352739
0.0589448
0.0959631
0.144719
0.0460297
0.0768447
0.252369
0.115749
0.067695
0.0446366
0.0548737
0.0627191
0.0372573
0.105024
0.0338544
0.0554165
0.0733842
0.0409155
0.111435
0.144276
0.0580927
0.14752
0.0763199
0.135816