0.0918524
0.0900347
0.0451061
0.0294546
0.071382
0.0656766
0.130634
0.0974684
0.211415
0.0622699
0.319331
0.362909
0.271954
0.22209
0.414198
0.240306
0.486166
0.374464
0.595904
0.407263
0.780783
0.5083
0.280836
0.459542
0.705929
0.137701
0.250946
0.0352249
0.179835
0.25436
0.0540678
0.0675993
0.0681638
0.0791003
0.14774
0.0946615
0.0676659
0.0745043
0.0248164
0.229218
0.0713845
0.124892
0.122846
0.169556
0.0399413
0.0560874
0.0560732
0.158736
0.10737
0.0994503
0.102914
0.09028
0.119405
0.0308729
0.100761
0.134968
0.0145835
0.0146805
0.0424795
0.0388313
0.0592623
0.129807
0.0436289
0.0634024
0.425519
0.111164
0.165821
0.136332
0.0513834
0.0808484
0.0802588
0.123887
0.126441
0.0383486
0.0481066
0.0588276
0.0529166
0.0993136
0.152027
0.0438498
0.155611
0.0376746
0.0336195
0.113284
0.167493
0.0425523
0.194198
0.0687776
0.110807
0.447707
0.0408426
0.0815723
0.0370622
0.161553
0.0439805
0.0383537
0.115791
0.133374
0.0501267
0.0474909