0.0571693
0.171277
0.0726366
0.103017
0.0900454
0.0994877
0.116257
0.170651
0.188409
0.267718
0.346964
0.289919
0.196608
0.196793
0.494872
0.565001
0.391281
0.29949
0.32666
0.268808
0.515218
0.482755
0.276481
0.65574
0.600647
0.247364
0.266385
0.134442
0.213335
0.0840321
0.0768131
0.110146
0.106518
0.0972947
0.0793309
0.106395
0.229314
0.24557
0.191592
0.0630479
0.136534
0.119058
0.0241444
0.100359
0.129278
0.105458
0.0906003
0.176286
0.051517
0.0741036
0.05034
0.0892819
0.117975
0.104402
0.0440515
0.052343
0.166357
0.035219
0.0754652
0.0348488
0.114311
0.0303853
0.0745769
0.0209324
0.0908219
0.0561943
0.110365
0.121599
0.0676296
0.112571
0.129937
0.160065
0.0975506
0.0419401
0.135333
0.213651
0.177221
0.107423
0.139221
0.139364
0.0812338
0.0691641
0.120198
0.116996
0.119414
0.0320451
0.019237
0.0977201
0.0765561
0.0577834
0.0406304
0.081125
0.044591
0.0200098
0.0304887
0.20308
0.133767
0.0890745
0.0212421
0.131446