0.0486145
0.0679944
0.143766
0.223206
0.268436
0.236575
0.0933076
0.174191
0.23627
0.305201
0.263918
0.0508609
0.0827027
0.171251
0.426273
0.207669
0.354296
0.687983
0.697152
0.720598
0.56362
0.318537
0.3956
0.492546
0.472197
0.218161
0.366435
0.301904
0.111421
0.392038
0.155061
0.15338
0.0691712
0.304178
0.124308
0.0727491
0.135046
0.0954781
0.126281
0.115695
0.0782253
0.0843821
0.0897824
0.0408017
0.0210648
0.128017
0.0413949
0.0727843
0.0604405
0.14181
0.0336225
0.306779
0.0383055
0.0774182
0.0237442
0.038922
0.113153
0.122694
0.0726307
0.0586407
0.0498092
0.10709
0.0975098
0.0383656
0.0528787
0.113942
0.0713738
0.0294744
0.0688458
0.0362128
0.0749934
0.0722316
0.129731
0.0615013
0.0604868
0.0812994
0.0449172
0.0186744
0.0148971
0.101289
0.0678201
0.0964514
0.034259
0.0345226
0.152906
0.0312731
0.0549863
0.0492438
0.0746914
0.0157236
0.104684
0.193939
0.0548417
0.0316729
0.0305918
0.108533
0.18443
0.120364
0.050728
0.0941337