0.0747064
0.0558814
0.0225322
0.241574
0.115821
0.108284
0.382342
0.0752202
0.263488
0.0606795
0.166923
0.20301
0.258508
0.445011
0.138685
0.439789
0.110421
0.400957
0.605937
0.472491
0.126338
0.509575
0.598336
0.279705
0.45646
0.443938
0.290899
0.170335
0.144349
0.651035
0.362065
0.0799894
0.344545
0.134687
0.0703439
0.061016
0.033818
0.145809
0.0852576
0.132026
0.132623
0.081705
0.0569928
0.11892
0.19349
0.0748451
0.078568
0.0152533
0.0685859
0.0636386
0.081125
0.119438
0.0515733
0.127424
0.0356232
0.0241324
0.286873
0.0487485
0.0493774
0.0664875
0.0406119
0.0125541
0.103698
0.0503323
0.0433346
0.196494
0.129758
0.016421
0.035115
0.206208
0.103799
0.0236449
0.0323332
0.0681805
0.0576283
0.19714
0.172107
0.0502318
0.119425
0.12762
0.310171
0.035296
0.109571
0.0994218
0.0674937
0.0737392
0.0377737
0.0694208
0.0606099
0.0545021
0.0190864
0.0427229
0.0564811
0.161767
0.0588357
0.03221
0.0623361
0.0768442
0.225722
0.0211489