0.115543
0.0552088
0.0295739
0.0604727
0.0407215
0.0714201
0.153858
0.131871
0.485302
0.168893
0.267687
0.275322
0.500134
0.243329
0.409441
0.445712
0.628955
0.575302
0.386381
0.223891
0.649416
0.72533
0.539998
0.381799
0.213304
0.344595
0.539904
0.127034
0.0564045
0.0721121
0.134461
0.0843429
0.0910618
0.123446
0.0519776
0.0584826
0.0781634
0.14739
0.0205553
0.116551
0.196692
0.11332
0.13479
0.102401
0.0881751
0.0618731
0.0572852
0.0718849
0.0708299
0.0432439
0.0577932
0.0533239
0.0877052
0.041168
0.0278326
0.0199806
0.106959
0.0603523
0.0410416
0.0250362
0.0335364
0.0631154
0.0804029
0.15284
0.0134931
0.195567
0.0947913
0.165098
0.107249
0.0976724
0.103376
0.0702218
0.114777
0.0545892
0.0941089
0.0455249
0.0492851
0.0901841
0.0678456
0.0413055
0.0462648
0.103699
0.091761
0.0214761
0.0430621
0.388941
0.076584
0.0288462
0.0784207
0.172973
0.0472164
0.0354645
0.222309
0.126061
0.0392763
0.0439656
0.164505
0.0384288
0.179836
0.0288943