0.0836177
0.0721097
0.0500329
0.0532159
0.02625
0.135069
0.0302235
0.0573758
0.0711601
0.215433
0.231353
0.0445827
0.30789
0.454186
0.443344
0.390595
0.636858
0.417661
0.689291
0.280818
0.434847
0.149156
0.291074
0.291501
0.274435
0.282538
0.302801
0.244665
0.297921
0.123749
0.199593
0.127369
0.173201
0.0939054
0.106796
0.0672851
0.150453
0.0864697
0.0194014
0.0515788
0.0806277
0.0852239
0.100838
0.198128
0.121037
0.109322
0.022281
0.0727234
0.203145
0.0539764
0.0579638
0.0729452
0.115217
0.109477
0.0454204
0.106222
0.117302
0.167376
0.0722244
0.0564966
0.0778628
0.218097
0.195998
0.0777895
0.0227417
0.0537373
0.0731385
0.0832484
0.0832387
0.123594
0.0953455
0.0707003
0.229304
0.0738829
0.0862967
0.351846
0.051076
0.183336
0.113886
0.116907
0.0744504
0.116841
0.026699
0.0730729
0.0962736
0.118732
0.102659
0.299673
0.100738
0.117699
0.143784
0.0761398
0.173945
0.0523227
0.0521242
0.0453028
0.259856
0.157773
0.0143899
0.0877484