0.0170865
0.10503
0.304886
0.0333419
0.115186
0.0365885
0.0747529
0.127603
0.0850962
0.124296
0.120394
0.228
0.118042
0.196698
0.17583
0.360184
0.668798
0.541492
0.288622
0.679404
0.617621
0.26448
0.670673
0.244725
0.574728
0.353038
0.216306
0.296279
0.069558
0.103631
0.130303
0.167045
0.204219
0.0880605
0.170361
0.187095
0.269952
0.127823
0.24445
0.17888
0.243629
0.0479178
0.0329994
0.0369871
0.0631156
0.0621874
0.0594867
0.0140227
0.0909447
0.0403876
0.0704274
0.0443119
0.0669915
0.161835
0.104671
0.070741
0.0330898
0.192228
0.226537
0.10571
0.0575107
0.0744982
0.0169778
0.130847
0.168552
0.074735
0.0345992
0.0680415
0.169421
0.0766662
0.118712
0.0509682
0.0926208
0.206685
0.0418023
0.0949096
0.0926233
0.0716445
0.0715958
0.403484
0.112936
0.076497
0.100057
0.028189
0.055085
0.0701005
0.0664258
0.0735639
0.0817474
0.0294732
0.111496
0.0590687
0.0972618
0.080233
0.0285638
0.187969
0.0663266
0.0812574
0.094581
0.0334967