0.0875832
0.0453483
0.107171
0.0533872
0.114625
0.0449563
0.13274
0.0207826
0.0823905
0.237693
0.266716
0.244647
0.148914
0.279449
0.262864
0.566498
0.20809
0.540252
0.268713
0.781878
0.484222
0.314708
0.677574
0.626849
0.312697
0.420459
0.277377
0.392166
0.400018
0.323282
0.0986193
0.093546
0.248555
0.115823
0.142834
0.1718
0.125423
0.0536561
0.0474904
0.0801115
0.0650147
0.07684
0.103623
0.060298
0.03857
0.0398588
0.0544958
0.108554
0.0605387
0.0761061
0.0989783
0.0482489
0.085393
0.0782153
0.0704238
0.0984591
0.199069
0.129891
0.0563585
0.132772
0.116937
0.0795155
0.0317345
0.0460078
0.0536518
0.0513786
0.0613523
0.0997155
0.0221867
0.030234
0.0394936
0.0990126
0.167124
0.145707
0.106617
0.192742
0.123356
0.0542846
0.0749022
0.076043
0.108485
0.0889673
0.0240456
0.109392
0.0364553
0.0315102
0.210177
0.142421
0.139345
0.0460696
0.149734
0.0608002
0.0473055
0.0666131
0.0539461
0.181082
0.0281202
0.146362
0.0474498
0.0261096