0.102251
0.0648048
0.115959
0.102377
0.0305127
0.226711
0.0643245
0.134826
0.0617663
0.186998
0.187029
0.20781
0.0928333
0.103221
0.536312
0.424159
0.29515
0.542137
0.248908
0.662229
0.565697
0.284488
0.730919
0.590344
0.571017
0.424514
0.28627
0.357793
0.040938
0.182641
0.722861
0.140261
0.120748
0.328452
0.0702912
0.152554
0.13219
0.0723607
0.197614
0.0759182
0.0984996
0.0427252
0.112394
0.0588744
0.265002
0.0726143
0.0861885
0.0493655
0.0339448
0.0715031
0.049809
0.0735444
0.0968704
0.0508203
0.0844338
0.0835042
0.106928
0.0316436
0.133052
0.135124
0.029693
0.172394
0.0529947
0.0702694
0.14502
0.063662
0.0229504
0.0495789
0.0748098
0.102405
0.0582368
0.0428091
0.0417
0.0448132
0.0526948
0.138354
0.0537152
0.207768
0.144576
0.0212214
0.078035
0.0166558
0.0530201
0.107492
0.0239831
0.078081
0.037297
0.0556571
0.0347172
0.0349334
0.0995221
0.0662921
0.0365834
0.0607073
0.0477685
0.0377196
0.108196
0.154269
0.0479735
0.0564009