0.0732111
0.109012
0.0876818
0.283468
0.063236
0.165449
0.138291
0.191972
0.0655331
0.118703
0.224696
0.23877
0.0979574
0.379294
0.253575
0.223712
0.34615
0.448909
0.551833
0.376114
0.358805
0.464008
0.417684
0.538966
0.394054
0.333689
0.353844
0.393424
0.368658
0.187765
0.244589
0.165798
0.0492639
0.0789578
0.027057
0.0441708
0.0475147
0.0387912
0.12632
0.196226
0.084442
0.172818
0.0723145
0.0679105
0.0877681
0.0384791
0.0821225
0.0545293
0.128313
0.0382591
0.154701
0.0978059
0.134419
0.0469619
0.0721566
0.089913
0.0852675
0.0985582
0.0550238
0.0986589
0.164276
0.0610666
0.081925
0.0910542
0.106902
0.0697167
0.138441
0.0909514
0.282084
0.0374877
0.126847
0.108339
0.0375709
0.0837398
0.0777252
0.0510412
0.0641678
0.0595828
0.0455129
0.0417517
0.0407136
0.0427661
0.110618
0.112442
0.0973896
0.137555
0.132094
0.0966882
0.0598914
0.124923
0.165093
0.121658
0.123178
0.132688
0.22306
0.0420719
0.115127
0.104278
0.082437
0.0875716