0.122331
0.0646044
0.0701678
0.0417755
0.0880712
0.218816
0.100438
0.0486746
0.0687429
0.293284
0.142574
0.0768409
0.47633
0.235844
0.123082
0.535231
0.204567
0.349946
0.781016
0.506121
0.542138
0.502095
0.610567
0.331621
0.649253
0.322727
0.270163
0.186305
0.182438
0.131888
0.100169
0.200917
0.127819
0.272433
0.124472
0.0774973
0.139079
0.0382418
0.100102
0.13072
0.0789047
0.178181
0.107603
0.143557
0.246369
0.157986
0.0706094
0.0452346
0.0613194
0.101354
0.0889453
0.223227
0.0619625
0.352816
0.0750483
0.00872298
0.0737904
0.0180832
0.0404186
0.0671934
0.138792
0.0635444
0.0496163
0.0992104
0.282278
0.109612
0.0427106
0.0749252
0.0916947
0.0250111
0.0237618
0.0463181
0.153421
0.0958648
0.0155747
0.109435
0.0914524
0.091888
0.058117
0.0529412
0.0781827
0.0420108
0.114908
0.0744987
0.13895
0.0317951
0.0384581
0.0344405
0.0399835
0.047843
0.0713962
0.0111585
0.0719793
0.0982803
0.119646
0.130822
0.0330375
0.18246
0.046104
0.0874472