0.0944622
0.0626952
0.226133
0.238458
0.119915
0.171728
0.077598
0.057593
0.740796
0.114175
0.481306
0.0496447
0.0733431
0.186891
0.220822
0.392702
0.575676
0.16172
0.414282
0.607668
0.857811
0.497695
0.506986
0.248609
0.611557
0.604439
0.643835
0.149964
0.510173
0.0860395
0.129465
0.0292205
0.319597
0.070076
0.101386
0.181613
0.0359559
0.0719127
0.0600857
0.0756787
0.140151
0.0647769
0.0860765
0.0491555
0.0591004
0.0708076
0.11671
0.0211327
0.0499239
0.0402431
0.021759
0.0841433
0.0574003
0.0185054
0.0169774
0.017644
0.0238819
0.071552
0.121305
0.0392294
0.0738535
0.105475
0.179393
0.0423005
0.0215582
0.142381
0.0563889
0.0171102
0.0549424
0.0267295
0.0332206
0.123149
0.126169
0.142288
0.0219161
0.0425479
0.0720941
0.13197
0.0590752
0.0400062
0.0747357
0.0400951
0.0600386
0.0189884
0.111057
0.033034
0.0470265
0.0591077
0.046308
0.115408
0.0315692
0.024894
0.0252228
0.0514473
0.0144908
0.370882
0.117245
0.11542
0.0268992
0.0733776