0.173083
0.133632
0.0876429
0.0547273
0.308608
0.0575912
0.0764682
0.107342
0.143018
0.0755891
0.156882
0.250447
0.0841336
0.28604
0.180656
0.652584
0.45505
0.568217
0.495109
0.252539
0.615812
0.535103
0.578859
0.25581
0.258858
0.452369
0.144492
0.146124
0.138028
0.0657101
0.242019
0.0567403
0.049912
0.241006
0.0366733
0.126118
0.0460276
0.0371558
0.0194429
0.0669757
0.0516932
0.0693265
0.178183
0.053548
0.0528573
0.12849
0.0743193
0.106837
0.0266504
0.109137
0.10223
0.0648044
0.117583
0.0425803
0.197272
0.168224
0.0445492
0.0926362
0.0537671
0.0267512
0.158111
0.0894201
0.0344431
0.0429906
0.267614
0.164139
0.132613
0.0954702
0.0936852
0.108051
0.0377266
0.100121
0.194973
0.0346796
0.0555907
0.0526902
0.116621
0.091508
0.0529485
0.0622396
0.0690924
0.296388
0.178135
0.154331
0.102583
0.0759007
0.168946
0.184964
0.10571
0.163919
0.163339
0.184348
0.0799781
0.142143
0.110905
0.0606186
0.113383
0.0601419
0.103248
0.0222585