0.0650255
0.0730991
0.0628024
0.122288
0.0407546
0.0733689
0.0639451
0.471397
0.272467
0.0487798
0.218064
0.329159
0.0705739
0.332362
0.361925
0.529364
0.364052
0.538353
0.678198
0.555358
0.309882
0.609042
0.541353
0.571961
0.212194
0.175326
0.0859162
0.233683
0.203609
0.0669255
0.120979
0.151254
0.0883764
0.140077
0.0351183
0.238833
0.103596
0.0598013
0.0443118
0.220423
0.12895
0.0105742
0.0977357
0.0805176
0.0982076
0.028832
0.0387091
0.0990776
0.0776002
0.103056
0.0634959
0.177812
0.0391376
0.070525
0.0599432
0.0753592
0.124984
0.0625265
0.0767575
0.0651322
0.024042
0.0393177
0.341947
0.0264552
0.0530544
0.0347497
0.102261
0.0904664
0.0252332
0.142658
0.151164
0.0980853
0.127249
0.0277697
0.130161
0.101951
0.142969
0.0644005
0.0588196
0.0478612
0.132367
0.0646036
0.132577
0.0447161
0.0734431
0.0626686
0.0407888
0.386938
0.055108
0.108991
0.219233
0.0468561
0.0876549
0.0882428
0.14969
0.123349
0.106837
0.0872354
0.0296694
0.0654863