0.0350045
0.026072
0.0980053
0.139279
0.151759
0.0527703
0.122898
0.18433
0.0888714
0.369545
0.158658
0.419465
0.148302
0.297471
0.290982
0.389775
0.653223
0.600247
0.260748
0.413036
0.64568
0.545293
0.541002
0.31354
0.584214
0.369831
0.465084
0.20059
0.073994
0.21118
0.36392
0.211089
0.343119
0.0236253
0.113617
0.120986
0.119141
0.175001
0.123166
0.134947
0.0934941
0.038928
0.178517
0.0286207
0.115501
0.0243164
0.0974086
0.0221942
0.0203613
0.0537626
0.129928
0.0208392
0.0246851
0.037239
0.058044
0.131118
0.0182192
0.0301713
0.145232
0.0839818
0.0651685
0.0296046
0.11989
0.107541
0.0269295
0.0704342
0.00885598
0.139739
0.236
0.139379
0.0593156
0.152044
0.0755354
0.0247243
0.0352059
0.0411624
0.0560091
0.117314
0.0389088
0.0761912
0.0253914
0.0309133
0.134696
0.0995922
0.0389125
0.0720369
0.0234689
0.0664359
0.0515628
0.185518
0.0307686
0.0284071
0.0518508
0.0466388
0.0812516
0.167533
0.0508964
0.116674
0.0571024
0.0883727