0.240103
0.322271
0.075607
0.157089
0.0717535
0.0731321
0.0841405
0.100551
0.066518
0.0802939
0.132892
0.170323
0.179564
0.0489342
0.279502
0.312533
0.237106
0.364958
0.604292
0.495166
0.53773
0.376047
0.551824
0.47553
0.459725
0.372764
0.558093
0.240116
0.0969845
0.251981
0.201212
0.129117
0.122084
0.144066
0.146824
0.192024
0.0690411
0.120003
0.0985944
0.0626709
0.123687
0.11477
0.134049
0.085916
0.126497
0.0452798
0.1045
0.0243247
0.254574
0.029451
0.132888
0.0547667
0.0626307
0.0955708
0.0783344
0.107416
0.058324
0.0928166
0.0827652
0.102709
0.138099
0.138572
0.168037
0.211894
0.0495179
0.0501049
0.0796517
0.0982666
0.0387638
0.0849121
0.167984
0.0932311
0.0598773
0.0308093
0.0556496
0.0578614
0.0287885
0.179758
0.123497
0.0549686
0.0679703
0.144963
0.092642
0.0768902
0.104941
0.110575
0.0582159
0.0760833
0.100905
0.0513123
0.108827
0.139833
0.0566212
0.172023
0.0658584
0.0426572
0.0588699
0.259083
0.0605319
0.0265201