0.0900274
0.32644
0.0522308
0.0566995
0.104334
0.149169
0.0844821
0.0888798
0.0588695
0.194767
0.0977459
0.253621
0.244664
0.235781
0.23168
0.521863
0.37885
0.250759
0.366989
0.613686
0.584467
0.703702
0.569375
0.273111
0.162889
0.263147
0.60392
0.516387
0.0597584
0.181946
0.235034
0.0999938
0.113958
0.0948503
0.0747862
0.0796705
0.110719
0.0766501
0.112696
0.0371803
0.0325983
0.117884
0.159028
0.0813835
0.0842857
0.0449053
0.065758
0.0180661
0.0611898
0.226269
0.174066
0.0177909
0.0827441
0.131347
0.0962045
0.128761
0.261104
0.191535
0.108269
0.0423206
0.12886
0.0548598
0.0323436
0.0204901
0.0990792
0.100184
0.0807974
0.0704378
0.047844
0.0520146
0.0776013
0.0903975
0.0733637
0.137274
0.038406
0.10722
0.081521
0.0320304
0.0825017
0.0379518
0.192067
0.0120645
0.0786887
0.247588
0.0414102
0.0319461
0.163938
0.0885602
0.136938
0.0996179
0.136651
0.245058
0.0959607
0.0321138
0.10464
0.0948194
0.0897652
0.0294431
0.0861516
0.0661123