0.0841687
0.103977
0.0597932
0.0424057
0.174937
0.0937515
0.147002
0.11173
0.150525
0.0265729
0.0775098
0.149887
0.166989
0.224612
0.144507
0.291216
0.209076
0.303646
0.371396
0.642968
0.827682
0.512076
0.182953
0.29835
0.624983
0.62235
0.418051
0.458762
0.284283
0.227349
0.172703
0.0702504
0.0804917
0.0652774
0.100153
0.0733241
0.0365458
0.191973
0.0358666
0.0988055
0.0480489
0.174442
0.0237236
0.191872
0.176586
0.245635
0.0695953
0.0202047
0.0338831
0.0741715
0.0759637
0.0902583
0.204201
0.177413
0.0252574
0.0354649
0.0992153
0.0476592
0.113294
0.116672
0.116802
0.119603
0.206515
0.138561
0.491087
0.212968
0.107322
0.0394894
0.0449841
0.069766
0.0382911
0.0557269
0.292757
0.0591334
0.0577199
0.140423
0.0222541
0.22127
0.102177
0.0754932
0.0325702
0.0966318
0.0253535
0.036717
0.0244934
0.0768888
0.108893
0.0458642
0.0677447
0.103392
0.0411097
0.0366561
0.044417
0.0287152
0.0138806
0.0419195
0.0161595
0.0840654
0.375915
0.0838106