0.0816603
0.238427
0.0604382
0.100424
0.126506
0.158878
0.276511
0.161783
0.138311
0.0856187
0.25906
0.0915303
0.179903
0.385737
0.280383
0.362979
0.614353
0.321372
0.362295
0.411822
0.430219
0.588234
0.408042
0.361062
0.286581
0.260948
0.345822
0.201102
0.103413
0.20404
0.143339
0.157064
0.134063
0.0701488
0.0537565
0.0542328
0.160145
0.0635181
0.0471596
0.0671873
0.112282
0.0907474
0.110994
0.0451841
0.0932283
0.113558
0.115296
0.188331
0.0289631
0.0704008
0.118126
0.215219
0.0827506
0.173933
0.053342
0.0376091
0.0507612
0.304103
0.108466
0.0753701
0.0210582
0.0428216
0.147094
0.0796253
0.164533
0.115257
0.260391
0.0297436
0.0818163
0.0309046
0.109485
0.15339
0.164976
0.0530568
0.0595316
0.053965
0.137286
0.114677
0.0800319
0.169471
0.131412
0.052943
0.204404
0.0901682
0.137818
0.19297
0.0286881
0.135135
0.0678498
0.0212389
0.0487481
0.185218
0.0389387
0.0310407
0.0665421
0.0385997
0.232381
0.104654
0.0535912
0.0418115