0.0777693
0.0710008
0.0467751
0.0662404
0.177154
0.154874
0.242014
0.0959004
0.118036
0.262542
0.28573
0.187456
0.103801
0.132196
0.23116
0.240174
0.331191
0.401142
0.434598
0.656608
0.670672
0.311104
0.527157
0.360218
0.30705
0.628109
0.453102
0.279198
0.269733
0.246933
0.219015
0.178119
0.186196
0.150495
0.0225258
0.208554
0.0607857
0.0800578
0.131523
0.06383
0.0326495
0.100569
0.0556161
0.0382563
0.0783819
0.0933785
0.0914625
0.0665648
0.0716008
0.117775
0.0952713
0.0969116
0.0689322
0.0923764
0.0786329
0.0269039
0.144733
0.0874024
0.0853783
0.0695698
0.0310215
0.104132
0.0399518
0.0368224
0.0485525
0.0174698
0.0642484
0.0781771
0.0770451
0.0257211
0.340953
0.139805
0.0778645
0.0317842
0.103628
0.209561
0.222942
0.0658443
0.0305571
0.0518031
0.0754248
0.13566
0.0711492
0.197609
0.0958905
0.0675135
0.183986
0.0870701
0.103077
0.125526
0.0696228
0.0434214
0.0557492
0.0308294
0.0545211
0.038845
0.131427
0.2251
0.0890777
0.0575109