0.186205
0.0759584
0.167898
0.179246
0.0946224
0.102958
0.129012
0.06786
0.0666689
0.221188
0.0886749
0.365986
0.109494
0.112916
0.270958
0.164168
0.421445
0.310277
0.250736
0.331335
0.617812
0.482621
0.320131
0.239609
0.283685
0.613429
0.491383
0.450435
0.202978
0.222346
0.164322
0.354679
0.278919
0.202836
0.0753773
0.144846
0.0778312
0.074563
0.108868
0.0737606
0.123122
0.158213
0.0772529
0.200042
0.123435
0.0417709
0.085783
0.066148
0.065542
0.148924
0.0793856
0.114001
0.0435448
0.226225
0.202511
0.274795
0.0465557
0.139454
0.0954919
0.0797618
0.0538494
0.147665
0.0941895
0.111714
0.135795
0.0627706
0.072663
0.142307
0.108685
0.0652599
0.045194
0.0757382
0.0491557
0.105834
0.108904
0.21411
0.174582
0.132798
0.04171
0.181756
0.0823256
0.0913843
0.116165
0.0268196
0.039788
0.0264254
0.0986937
0.131215
0.0757674
0.0179618
0.0362521
0.0436989
0.0505733
0.0710669
0.08138
0.0618193
0.0726938
0.0416044
0.0746492
0.0450369