0.0254741
0.0847915
0.0970222
0.0823986
0.160037
0.0745396
0.0954223
0.0829147
0.177817
0.0447596
0.13527
0.206113
0.301536
0.193892
0.448118
0.749987
0.746879
0.539868
0.546782
0.39486
0.568928
0.285153
0.391259
0.507188
0.302624
0.4551
0.174045
0.489788
0.312539
0.0618775
0.273521
0.101361
0.136356
0.0659282
0.0234847
0.0581722
0.131037
0.0494622
0.113223
0.0281776
0.0665086
0.0399667
0.128746
0.0638703
0.0241185
0.0379579
0.13034
0.0891532
0.0810264
0.111194
0.021507
0.0335524
0.0747085
0.070634
0.0340597
0.200594
0.30507
0.0486822
0.145895
0.0372439
0.0912944
0.067274
0.0556034
0.101428
0.0647365
0.0225281
0.114619
0.134529
0.186961
0.100076
0.143019
0.0664373
0.106194
0.023835
0.0652648
0.16198
0.068865
0.0251751
0.0562636
0.0507242
0.0745618
0.0650697
0.107479
0.119264
0.0568877
0.0391364
0.0839785
0.180854
0.0922426
0.103515
0.0325365
0.130942
0.0744923
0.0707794
0.0585954
0.102563
0.1109
0.0551082
0.0811115
0.190641