0.129868
0.0951673
0.0486647
0.045708
0.0584877
0.10772
0.137653
0.183092
0.0865466
0.0937821
0.0405154
0.128859
0.249218
0.26588
0.229993
0.130514
0.69379
0.564243
0.682162
0.413375
0.586503
0.49837
0.555832
0.548725
0.422212
0.505939
0.589048
0.0871565
0.119038
0.15059
0.0599052
0.0408534
0.137254
0.177109
0.061645
0.0513195
0.0512631
0.0897398
0.0979337
0.00638644
0.0494625
0.209042
0.0302177
0.0489905
0.0749808
0.127152
0.0848783
0.0587521
0.109243
0.0889874
0.0815111
0.0554483
0.0810368
0.0523042
0.0351233
0.0427434
0.0716164
0.0512697
0.0305476
0.205248
0.24194
0.129366
0.066142
0.065944
0.128266
0.0784391
0.125095
0.452309
0.0614296
0.154638
0.229276
0.0246567
0.0524677
0.0527779
0.0315956
0.186192
0.230259
0.133443
0.0607066
0.101824
0.10931
0.176596
0.0207449
0.0545488
0.0916093
0.235908
0.0432044
0.0325903
0.130813
0.0983535
0.0660517
0.0722884
0.0132536
0.0918894
0.0411651
0.0195031
0.0549307
0.0900025
0.072168
0.0676866