0.1333
0.0601917
0.0584222
0.0851309
0.073154
0.0651488
0.0765978
0.0949702
0.0498705
0.104075
0.121981
0.158384
0.419502
0.445471
0.18803
0.376894
0.536653
0.385336
0.510469
0.382508
0.336947
0.459828
0.400312
0.703675
0.236498
0.420576
0.390807
0.192228
0.26456
0.154283
0.111292
0.211798
0.217229
0.0937988
0.10198
0.207902
0.0644375
0.206963
0.0291386
0.0732897
0.117162
0.142756
0.116941
0.0727422
0.111445
0.086197
0.0333206
0.0977178
0.158394
0.107188
0.133179
0.0755859
0.12701
0.0841481
0.0828194
0.0624257
0.0640182
0.0610245
0.146659
0.0482592
0.125932
0.0946318
0.136595
0.0512463
0.0395136
0.0628367
0.0483577
0.251984
0.188274
0.0699783
0.0628655
0.141284
0.122976
0.0983712
0.0772177
0.0819921
0.112835
0.167804
0.175299
0.110291
0.222388
0.0517382
0.0439003
0.107292
0.087333
0.0438303
0.0697389
0.132394
0.101634
0.115995
0.0858583
0.150712
0.0798887
0.0723863
0.0958766
0.046281
0.0444478
0.0291055
0.0291226
0.0371687