0.116
0.0614582
0.188681
0.125802
0.155378
0.0756636
0.0567516
0.0750609
0.199712
0.229845
0.179973
0.436762
0.109789
0.149191
0.23421
0.437191
0.350425
0.377652
0.578357
0.30311
0.854942
0.363397
0.525664
0.826452
0.194208
0.370599
0.425761
0.289734
0.145186
0.199463
0.110729
0.107372
0.0833283
0.0631723
0.0392791
0.114248
0.312692
0.0830313
0.0303518
0.0585703
0.0320696
0.0574625
0.177108
0.0690128
0.110131
0.0377511
0.165415
0.129164
0.0846912
0.0777507
0.310225
0.0699483
0.0539969
0.102054
0.0517816
0.0531736
0.0516026
0.0549196
0.0506253
0.141396
0.0469126
0.0228334
0.15405
0.152401
0.0321048
0.0782503
0.065407
0.0429435
0.0437302
0.0392859
0.0351089
0.0294505
0.20746
0.0444962
0.0232096
0.0635566
0.199378
0.0542487
0.121582
0.0519006
0.0535955
0.216172
0.0487635
0.0255475
0.122494
0.0733246
0.0501756
0.0504399
0.0517304
0.109932
0.128624
0.0979749
0.103647
0.0452751
0.168183
0.0970182
0.107768
0.167493
0.161307
0.092751