0.156054
0.147969
0.0373325
0.14182
0.0837132
0.18026
0.0626579
0.0711808
0.0329976
0.0997141
0.136473
0.321795
0.326996
0.159541
0.584949
0.230053
0.467376
0.246995
0.609264
0.680304
0.326064
0.497164
0.432561
0.361184
0.481593
0.237677
0.23478
0.171154
0.0677156
0.089574
0.130783
0.321513
0.164458
0.169546
0.132994
0.33261
0.183141
0.0533205
0.0510496
0.114019
0.0247388
0.0759171
0.129428
0.0969814
0.0847442
0.103694
0.157861
0.0704489
0.0591389
0.0876005
0.0496379
0.155939
0.0738592
0.155653
0.130555
0.22965
0.103117
0.164187
0.0551105
0.128104
0.0563522
0.0580919
0.0628254
0.203884
0.0479816
0.0910504
0.0529183
0.039974
0.176312
0.0295202
0.0303787
0.12262
0.101749
0.0198822
0.0340797
0.144168
0.0850483
0.0515776
0.083477
0.0718914
0.0553799
0.08463
0.0508074
0.237673
0.162465
0.060462
0.0499816
0.0793605
0.191343
0.0836526
0.0981472
0.118004
0.0211248
0.10009
0.148197
0.152829
0.0360272
0.0704183
0.0771528
0.0917606