0.167188
0.0569075
0.150195
0.0397966
0.190737
0.0803922
0.1143
0.163149
0.0885711
0.137394
0.0525832
0.0965749
0.458517
0.371844
0.604318
0.590291
0.548374
0.673712
0.355262
0.507041
0.675998
0.58657
0.687701
0.293343
0.614302
0.372789
0.296125
0.230006
0.0916053
0.338278
0.283164
0.1159
0.105337
0.0437499
0.0676866
0.0571214
0.0283955
0.110395
0.0333501
0.0407507
0.0962822
0.0407538
0.0701676
0.0500118
0.015503
0.292454
0.0129551
0.0438867
0.162052
0.0745563
0.0891564
0.284404
0.05342
0.191172
0.127627
0.0759241
0.0243334
0.071346
0.227566
0.0134702
0.0558062
0.0102802
0.0528446
0.0821345
0.0769339
0.0476921
0.0334549
0.014241
0.142089
0.0299084
0.0980975
0.110094
0.0190977
0.0601798
0.0494031
0.0344131
0.0980037
0.0905508
0.0938154
0.0523511
0.0464716
0.0826601
0.0662802
0.0946025
0.0147455
0.0423074
0.0461008
0.0109016
0.0531882
0.0341312
0.060159
0.0948091
0.0553395
0.107018
0.0413369
0.0169451
0.0716554
0.0684147
0.14486
0.0599264