0.0459589
0.0820795
0.117776
0.0450227
0.0963059
0.112463
0.0605395
0.387817
0.12164
0.193698
0.501431
0.232878
0.25469
0.316767
0.393781
0.14811
0.60853
0.51744
0.585292
0.196498
0.22863
0.513362
0.303414
0.390979
0.242618
0.274858
0.488254
0.212287
0.161158
0.234128
0.100323
0.158887
0.0577067
0.172687
0.320296
0.419178
0.0938261
0.120569
0.0836056
0.0517369
0.0573135
0.0995599
0.0248209
0.0535332
0.0345044
0.0653269
0.118563
0.0763043
0.133288
0.109329
0.050246
0.233797
0.0265475
0.0838073
0.141764
0.113719
0.0230781
0.0541107
0.0474347
0.0161674
0.127967
0.102357
0.116933
0.0537667
0.0803696
0.115696
0.113981
0.0357545
0.064329
0.162103
0.208062
0.152893
0.0654331
0.0325158
0.0539733
0.0487758
0.0736608
0.23126
0.139983
0.0615751
0.0442562
0.139841
0.172068
0.0601217
0.19442
0.0327851
0.108389
0.0166191
0.0298267
0.071375
0.0392619
0.0401331
0.0607856
0.124739
0.0844857
0.149158
0.0769277
0.0682887
0.123502
0.111193