0.126908
0.134822
0.0428262
0.0917728
0.130877
0.0790461
0.0894464
0.0954702
0.125345
0.133459
0.178246
0.135126
0.164849
0.321136
0.204023
0.0689532
0.533493
0.210924
0.314056
0.257132
0.678958
0.423762
0.569083
0.573948
0.513301
0.493024
0.296978
0.132858
0.290122
0.0827632
0.259876
0.228221
0.130114
0.205063
0.174315
0.106963
0.120032
0.119783
0.0779095
0.031201
0.116505
0.112503
0.0278169
0.0456924
0.183741
0.0841974
0.1019
0.0681053
0.0927665
0.0700895
0.187573
0.278173
0.0788953
0.105765
0.0640534
0.121148
0.0537574
0.0783841
0.110677
0.0665188
0.074632
0.0646952
0.143714
0.208555
0.0789479
0.10408
0.135624
0.226542
0.0255814
0.0721673
0.130199
0.10595
0.0549551
0.097757
0.121578
0.0452112
0.0955998
0.160721
0.0611644
0.0428781
0.0751157
0.160556
0.182133
0.0898936
0.052989
0.115588
0.0275064
0.0863116
0.0835518
0.111382
0.0944918
0.14665
0.0915751
0.0619357
0.0716801
0.119638
0.0800949
0.167939
0.119228
0.0167393