0.020787
0.142813
0.102628
0.107651
0.0718439
0.15536
0.27363
0.040123
0.141669
0.0957437
0.135306
0.0968895
0.250772
0.259231
0.238779
0.262288
0.449738
0.651419
0.461465
0.462048
0.526292
0.42555
0.611594
0.210343
0.103166
0.221798
0.311037
0.185483
0.136149
0.101625
0.155836
0.0779078
0.033551
0.0742001
0.103429
0.0918852
0.0549678
0.145186
0.0367264
0.0833815
0.0698475
0.0565204
0.0628221
0.0527575
0.0688655
0.0382123
0.070793
0.233142
0.0492874
0.0354072
0.0869623
0.13877
0.0403003
0.297088
0.143611
0.128882
0.066126
0.0547022
0.260145
0.172517
0.145397
0.081038
0.058769
0.0454726
0.0549153
0.134516
0.122309
0.0951278
0.0572526
0.081584
0.0261744
0.0886326
0.148888
0.087496
0.38568
0.0489892
0.225366
0.060829
0.224466
0.0142151
0.128665
0.104831
0.0892626
0.139989
0.089788
0.136447
0.0854416
0.070427
0.261862
0.0901088
0.103429
0.293164
0.0815405
0.123476
0.21802
0.0843274
0.110145
0.23092
0.0346194
0.0993702