0.0731066
0.05666
0.100644
0.0805838
0.0550919
0.0564337
0.18267
0.224448
0.0354209
0.0638666
0.236832
0.313116
0.146403
0.566545
0.392506
0.235304
0.380307
0.451652
0.460369
0.585993
0.400325
0.42859
0.557949
0.472696
0.482149
0.215572
0.456102
0.109149
0.26824
0.204778
0.108661
0.0546041
0.192147
0.175637
0.130113
0.166382
0.0510743
0.182945
0.107212
0.193348
0.146687
0.0836155
0.0465328
0.0479115
0.0778982
0.0880028
0.172277
0.100888
0.0531042
0.0563075
0.104514
0.138929
0.0761725
0.237442
0.13107
0.0203723
0.0266822
0.0715014
0.0457239
0.0818758
0.0796615
0.105886
0.0433998
0.0647758
0.125029
0.201454
0.0544971
0.0496937
0.115377
0.117965
0.0696158
0.118554
0.204728
0.0347771
0.065234
0.0985482
0.0643476
0.0700111
0.0676742
0.126509
0.0237479
0.0783504
0.0719135
0.0493693
0.0478207
0.105652
0.132616
0.0191884
0.260061
0.0322272
0.137449
0.0510953
0.0523355
0.0320486
0.0457928
0.152548
0.111589
0.109621
0.056957
0.0887453