0.0622517
0.0660794
0.0949656
0.156526
0.116034
0.0675969
0.0660507
0.219069
0.0997621
0.108475
0.330578
0.169674
0.318464
0.292894
0.279269
0.614472
0.459288
0.32044
0.603774
0.458479
0.323798
0.196811
0.487237
0.298977
0.119601
0.202728
0.186942
0.190224
0.178052
0.100045
0.427828
0.124566
0.0983749
0.080283
0.136186
0.0951534
0.201834
0.0644026
0.0607363
0.188589
0.0657889
0.0414356
0.0777123
0.0745479
0.122266
0.160613
0.165232
0.291049
0.064219
0.0923492
0.0746784
0.106861
0.106583
0.110197
0.238795
0.158937
0.0652952
0.0814183
0.0839179
0.0891383
0.117423
0.120687
0.0508341
0.065825
0.10018
0.192709
0.0289082
0.0492907
0.071573
0.0628172
0.0479007
0.0414764
0.0920437
0.061376
0.167449
0.0716868
0.04304
0.19381
0.0516047
0.0682569
0.0889988
0.121052
0.0655734
0.130841
0.117606
0.0703569
0.0378415
0.0462086
0.313748
0.059988
0.225102
0.109914
0.192542
0.12314
0.300249
0.0611335
0.0640707
0.0250661
0.161932
0.0481999