0.0300218
0.0433768
0.269676
0.0711786
0.0776442
0.0558432
0.0446116
0.085474
0.0279732
0.170456
0.12949
0.243361
0.454515
0.447415
0.391306
0.529326
0.413798
0.660333
0.295504
0.783747
0.39845
0.348634
0.435054
0.488188
0.483479
0.395545
0.398256
0.390318
0.0900267
0.279653
0.103531
0.0560251
0.0817151
0.137178
0.125729
0.0566483
0.0198721
0.0739
0.240136
0.101184
0.0860197
0.13143
0.179916
0.391731
0.0582234
0.0663582
0.0424198
0.0472347
0.0990655
0.0303616
0.0733374
0.151965
0.0419452
0.0831299
0.0594837
0.0974099
0.0529461
0.181641
0.0996831
0.110911
0.0543708
0.130133
0.0522566
0.225785
0.091831
0.0491716
0.12215
0.139315
0.149322
0.0431514
0.0891957
0.0208432
0.102185
0.222007
0.0724404
0.023267
0.036426
0.0499451
0.0108784
0.0499691
0.0605887
0.0314458
0.0298374
0.0177411
0.0542055
0.0580691
0.0972444
0.114647
0.0219831
0.124765
0.118326
0.107127
0.0488542
0.0378794
0.0733146
0.0682102
0.015082
0.0661775
0.0269885
0.079084