0.178561
0.124611
0.029705
0.159463
0.125742
0.154808
0.0955464
0.110387
0.0644396
0.108615
0.0752578
0.323306
0.16487
0.102789
0.438095
0.107397
0.513913
0.435968
0.547231
0.226521
0.436075
0.580286
0.644774
0.37566
0.598379
0.52409
0.689584
0.118874
0.221956
0.245055
0.171778
0.0697922
0.0859267
0.117827
0.223377
0.0815447
0.0871592
0.0570857
0.149107
0.238681
0.0636521
0.0544865
0.11735
0.072774
0.0860341
0.123586
0.176775
0.0933779
0.0677655
0.123424
0.0741018
0.0423716
0.0410335
0.115912
0.062244
0.219305
0.161922
0.0492087
0.0725062
0.0378595
0.123516
0.0515954
0.0758985
0.113017
0.072031
0.062988
0.131887
0.0761764
0.0322103
0.146253
0.0571811
0.0641056
0.0680026
0.0272039
0.0348914
0.0509958
0.153455
0.0794828
0.328949
0.107312
0.0206882
0.150412
0.0270896
0.0544683
0.0259231
0.133179
0.144196
0.0765571
0.0986761
0.0305674
0.153095
0.0521597
0.045574
0.0931441
0.0974791
0.123882
0.0324773
0.059186
0.0250428
0.0391235