0.0236397
0.187652
0.0180069
0.0375017
0.167591
0.196213
0.129513
0.0412212
0.25754
0.126339
0.116396
0.406143
0.585847
0.0657222
0.199288
0.36174
0.155093
0.438367
0.324921
0.66616
0.713514
0.528295
0.761604
0.498782
0.612988
0.420449
0.622905
0.0929677
0.380699
0.200202
0.160824
0.0626825
0.244784
0.062836
0.0785141
0.0805786
0.0383061
0.0769985
0.0469597
0.0652463
0.112644
0.0670267
0.116674
0.0318219
0.0869621
0.0304677
0.0323483
0.034152
0.071053
0.142051
0.146293
0.0924164
0.144063
0.0830409
0.134196
0.0520737
0.118126
0.0472492
0.0685082
0.267116
0.0245203
0.0611344
0.0257123
0.0138132
0.047675
0.0897447
0.0398347
0.0528071
0.0696528
0.0148714
0.182368
0.0823193
0.046475
0.0144719
0.090837
0.0345703
0.148916
0.0750372
0.095326
0.0760259
0.0431304
0.126884
0.107842
0.0189448
0.17523
0.0264426
0.0685303
0.0936818
0.0645014
0.0651979
0.0646496
0.0947194
0.0129306
0.039536
0.0510454
0.109017
0.0259712
0.20527
0.0912753
0.0957761