0.0410879
0.131525
0.0369753
0.0749745
0.257044
0.0685009
0.163727
0.0505679
0.172876
0.268176
0.238363
0.0877185
0.146009
0.276654
0.460887
0.289483
0.339437
0.387935
0.58293
0.523683
0.337817
0.307298
0.550685
0.568986
0.32198
0.386574
0.434511
0.191169
0.110825
0.18882
0.134773
0.121537
0.12129
0.21019
0.237717
0.145416
0.130194
0.122405
0.190648
0.0304945
0.0423855
0.135654
0.0641361
0.165739
0.216266
0.102193
0.0765066
0.0620755
0.0569553
0.0680936
0.0689208
0.0708853
0.0343995
0.173747
0.0685415
0.259201
0.115917
0.0730447
0.0654317
0.0411738
0.196023
0.0971694
0.0739931
0.0755186
0.0836191
0.050809
0.0822873
0.0373335
0.0746188
0.127999
0.0531027
0.0413269
0.0969608
0.051952
0.233237
0.0829383
0.155336
0.0845497
0.0332788
0.108681
0.112176
0.0652177
0.0777626
0.131531
0.105955
0.0795571
0.112984
0.0592003
0.0559584
0.058928
0.0228014
0.0561597
0.077016
0.020421
0.0652819
0.054243
0.15727
0.129181
0.0522546
0.262218