0.0291952
0.149571
0.060526
0.173632
0.0458849
0.0764879
0.469636
0.147929
0.193205
0.0700218
0.0663089
0.33501
0.0908602
0.512099
0.158907
0.645877
0.554522
0.335441
0.204778
0.555473
0.658314
0.424049
0.541328
0.214844
0.297511
0.415481
0.261578
0.222156
0.233444
0.123116
0.206573
0.226787
0.0490092
0.0273724
0.130719
0.17513
0.204586
0.0231579
0.189221
0.134159
0.203378
0.113307
0.272678
0.0787821
0.0324664
0.0500504
0.0113905
0.162085
0.0763299
0.0796737
0.0503439
0.146832
0.0712233
0.0177654
0.0998883
0.257118
0.0281096
0.0705494
0.136491
0.0769826
0.0875633
0.0524209
0.217339
0.0642205
0.0619045
0.110994
0.0260714
0.0547355
0.0403462
0.0306977
0.0908993
0.106564
0.0467486
0.0370779
0.0875315
0.0547165
0.051605
0.132662
0.0255769
0.0876971
0.136402
0.0563846
0.0687076
0.11229
0.246088
0.0467595
0.0470751
0.0412517
0.0981111
0.107591
0.0610538
0.0671003
0.0487058
0.202491
0.0150372
0.145118
0.0802135
0.071205
0.14074
0.0709612