0.0260185
0.215318
0.137533
0.058983
0.0660671
0.437335
0.0880843
0.0806001
0.0637189
0.101354
0.0627843
0.1727
0.111641
0.143404
0.168149
0.325778
0.230787
0.659104
0.268236
0.778475
0.736939
0.403905
0.296826
0.325289
0.615759
0.304623
0.106163
0.190227
0.536486
0.125855
0.208408
0.218776
0.0380621
0.0973928
0.0821481
0.0807523
0.0137772
0.10358
0.108551
0.0798854
0.0711953
0.0363222
0.0454127
0.13492
0.0814479
0.0795231
0.314132
0.0707617
0.114347
0.238448
0.0378483
0.0560082
0.0877092
0.0709126
0.0805837
0.0289202
0.30427
0.0493768
0.00681017
0.0868032
0.104812
0.0612228
0.0482159
0.0397904
0.0519419
0.106751
0.0839837
0.431998
0.139337
0.0630756
0.096094
0.0929051
0.094616
0.184733
0.149257
0.18304
0.232015
0.169298
0.125488
0.0255533
0.126411
0.0263337
0.0447636
0.033172
0.0540208
0.0771524
0.177787
0.0369131
0.0798413
0.0367744
0.0673947
0.115346
0.0766783
0.0372974
0.0558573
0.0889849
0.0884833
0.14427
0.222434
0.0607297