0.210897
0.0494234
0.039463
0.0861809
0.227557
0.0192184
0.0733491
0.0577044
0.102123
0.12691
0.0244154
0.152845
0.0917679
0.523278
0.316315
0.51976
0.642543
0.156821
0.726318
0.668928
0.493086
0.328621
0.638828
0.791095
0.697447
0.285079
0.475153
0.0462297
0.211968
0.133792
0.170798
0.071068
0.158998
0.0884867
0.169051
0.0626031
0.159079
0.142777
0.0926106
0.14543
0.092578
0.0656896
0.046277
0.104574
0.152632
0.154581
0.0690612
0.0301716
0.0140927
0.06423
0.208782
0.0978605
0.0560342
0.0647201
0.0755966
0.0194457
0.0271348
0.0339799
0.0931479
0.0440755
0.0690297
0.0173946
0.0283175
0.111274
0.0393802
0.147193
0.0469149
0.0578301
0.163912
0.0688011
0.264742
0.0130927
0.109551
0.175893
0.0958801
0.0578462
0.0729997
0.0456787
0.0590364
0.0504583
0.18373
0.0204767
0.0242571
0.0232114
0.115882
0.0920276
0.0492022
0.0437761
0.216196
0.0454325
0.0433498
0.0588586
0.0292744
0.0497164
0.128802
0.0520052
0.160112
0.0735007
0.156009
0.046271