16291676
4068192831
9827519
2704879883
1883154311
1153294843
2025210073
451837454
3860290857
3678158899
4228685189
2687169069
3839993572
2586800205
855942383
630035388
3289385304
3597310383
625764578
970645770
801525896
4190510281
1572450233
490342613
3346335556
2782919909
891704980
4174078732
605266810
2677899653
2211535954
3831046013
3482917690
1206671311
1093223879
605067251
3482458550
2692057930
3792242361
1393687792
3864836942
3550604726
3478647674
2683267695
315902356
2095639715
1195485402
32067797
3001324727
4284756458
955231081
4178183765
2751766687
73620070
3133380531
1077842938
2887329633
1455356004
3789941992
2055056623
962775322
3627627912
264642396
3072051033
1716986628
3691529232
3500756942
3087423180
3385913505
1545904738
2442665447
1908697908
752794653
542838477
3207419978
2379849464
4056043609
1598432735
3394216618
2174339076
1878399148
3657245035
861481555
4283225816
1113589260
764275468
2162446104
1948023329
2822573140
167646503
722283701
1468500412
4030853520
2866219971
2354350472
3745144541
1217724407
4266771503
1137672009
3329223257
