0.138908
0.151327
0.141093
0.143634
0.15238
0.149781
0.156349
0.159918
0.155779
0.157274
0.162162
0.162215
0.163766
0.16094
0.173922
0.178194
0.172663
0.173121
0.180274
0.17674
0.163627
0.18028
0.173269
0.171954
0.17502
0.167449
0.163019
0.167969
0.156598
0.170755
0.157311
0.158751
0.16014
0.158522
0.141742
0.155941
0.148255
0.144693
0.151485
0.151634
0.144124
0.1383
0.149421
0.142126
0.154397
0.137421
0.157686
0.141085
0.143157
0.143463
0.139784
0.145071
0.133854
0.138235
0.14554
0.143173
0.139816
0.140747
0.144936
0.138853
0.145428
0.150413
0.134986
0.149379
0.14777
0.144953
0.146195
0.148786
0.141644
0.14932
0.146183
0.146797
0.142542
0.142936
0.139691
0.137499
0.140021
0.139736
0.137907
0.137097
0.147941
0.150377
0.133308
0.145483
0.147624
0.140538
0.141881
0.142641
0.145935
0.135879
0.140115
0.136085
0.137338
0.14513
0.140469
0.140373
0.140883
0.146779
0.143188
0.138705