0.140858
0.143136
0.147603
0.149126
0.147404
0.159974
0.145004
0.154177
0.169775
0.157186
0.166526
0.159363
0.158818
0.167988
0.154911
0.166719
0.175032
0.171502
0.17899
0.175526
0.17767
0.186552
0.177321
0.174012
0.175815
0.173925
0.158145
0.162976
0.161453
0.167084
0.1585
0.148683
0.155399
0.156108
0.149628
0.156666
0.148213
0.150838
0.14546
0.138446
0.145814
0.149849
0.149381
0.140176
0.152798
0.145986
0.141097
0.140254
0.139293
0.148523
0.146249
0.144923
0.140553
0.14159
0.140862
0.142537
0.14678
0.139814
0.148925
0.142752
0.146655
0.134634
0.143697
0.136083
0.146993
0.142665
0.151139
0.146116
0.13717
0.147615
0.142936
0.145483
0.14771
0.143835
0.149627
0.131057
0.136348
0.14486
0.146999
0.144078
0.146175
0.140358
0.147741
0.142479
0.132415
0.139848
0.136663
0.136581
0.143181
0.145344
0.140953
0.140454
0.144027
0.139652
0.144353
0.142808
0.140596
0.145417
0.142383
0.142204