0.146618
0.149403
0.140431
0.141734
0.144393
0.156009
0.156087
0.158458
0.151338
0.151097
0.163951
0.167413
0.156102
0.164491
0.172186
0.173872
0.174071
0.175529
0.178439
0.174173
0.166362
0.183546
0.175881
0.165838
0.180579
0.171857
0.172453
0.172704
0.166957
0.168256
0.160496
0.161113
0.156129
0.157796
0.150859
0.152541
0.145447
0.154874
0.145667
0.146004
0.13547
0.143687
0.153379
0.144886
0.140343
0.139463
0.136871
0.143378
0.14635
0.142283
0.140235
0.141162
0.133849
0.140233
0.139579
0.135353
0.14616
0.134865
0.143515
0.143504
0.137703
0.142367
0.135422
0.140323
0.141841
0.141766
0.142369
0.148736
0.138126
0.144125
0.151161
0.142046
0.140486
0.135008
0.141063
0.1434
0.128279
0.14331
0.140689
0.143729
0.144783
0.147092
0.147587
0.13482
0.140311
0.140064
0.140558
0.141063
0.139643
0.150142
0.14407
0.150992
0.14909
0.145065
0.144452
0.1418
0.146288
0.153756
0.154711
0.146044