0.156216
0.142188
0.14786
0.146542
0.150049
0.153098
0.15708
0.161026
0.158995
0.149934
0.167976
0.162226
0.160867
0.170656
0.170232
0.165952
0.177901
0.178476
0.177386
0.181341
0.176206
0.187128
0.181069
0.171849
0.177016
0.17074
0.159804
0.169736
0.172203
0.151612
0.162366
0.156292
0.153267
0.15313
0.144474
0.151129
0.147322
0.150912
0.145853
0.141507
0.148057
0.143752
0.141686
0.154042
0.152783
0.14855
0.149854
0.138294
0.146201
0.145289
0.14965
0.151256
0.136569
0.146131
0.144895
0.134835
0.135973
0.152953
0.13331
0.14541
0.145502
0.140895
0.134388
0.136407
0.135319
0.134025
0.141106
0.143563
0.13761
0.130578
0.146377
0.140744
0.152622
0.140023
0.127836
0.133502
0.144651
0.142369
0.138832
0.140516
0.141603
0.142527
0.151738
0.142028
0.145378
0.137006
0.140559
0.136706
0.137397
0.133561
0.136877
0.150856
0.148093
0.141329
0.146516
0.142288
0.157369
0.137303
0.138723
0.146173