0.137952
0.146592
0.141998
0.142156
0.142362
0.161548
0.157758
0.168666
0.161856
0.16113
0.161381
0.17145
0.167879
0.168315
0.154386
0.17727
0.174957
0.173957
0.174806
0.177436
0.171348
0.184957
0.175429
0.173704
0.179568
0.172396
0.177855
0.158512
0.158781
0.156138
0.154783
0.165332
0.160932
0.145815
0.149334
0.136363
0.160002
0.149756
0.152779
0.151653
0.135617
0.145918
0.154424
0.143711
0.14618
0.151058
0.14083
0.153139
0.14777
0.136838
0.141302
0.143394
0.140035
0.150286
0.135158
0.145503
0.142489
0.144524
0.150777
0.145715
0.139156
0.147645
0.142993
0.139536
0.140423
0.143412
0.144004
0.134328
0.144884
0.147668
0.140783
0.136003
0.141569
0.13834
0.137373
0.138413
0.139977
0.152879
0.137616
0.147751
0.149805
0.132065
0.138809
0.141648
0.144186
0.149723
0.137408
0.134708
0.134243
0.140928
0.136694
0.143736
0.132347
0.157506
0.141923
0.138887
0.139814
0.140908
0.139284
0.13666