0.14897
0.132225
0.149464
0.142946
0.150219
0.153377
0.155703
0.140389
0.152686
0.149548
0.157412
0.160896
0.162805
0.164732
0.162319
0.167374
0.179328
0.170252
0.176851
0.195181
0.181572
0.177897
0.179869
0.176414
0.180227
0.171701
0.162208
0.159238
0.166541
0.158703
0.156734
0.156803
0.15942
0.150574
0.159678
0.143476
0.149511
0.14116
0.15019
0.152757
0.140192
0.143204
0.155213
0.149321
0.147858
0.146076
0.148328
0.136953
0.14325
0.142778
0.136467
0.141843
0.14176
0.146765
0.139736
0.137079
0.14239
0.142202
0.14699
0.137656
0.149916
0.147959
0.141412
0.137271
0.139229
0.130567
0.139376
0.143513
0.138553
0.138805
0.148847
0.143295
0.135094
0.131691
0.140198
0.135226
0.138012
0.144338
0.147193
0.143591
0.138021
0.146608
0.147379
0.145108
0.155976
0.155424
0.142978
0.150091
0.14298
0.146145
0.14815
0.149799
0.147141
0.148042
0.149942
0.139705
0.148284
0.133557
0.144367
0.132805