0.138291
0.149303
0.138208
0.148123
0.148717
0.158379
0.161046
0.153203
0.153534
0.159679
0.160833
0.162013
0.153132
0.16617
0.177311
0.177476
0.168861
0.173426
0.171188
0.181598
0.17355
0.179949
0.172874
0.17146
0.17881
0.17167
0.159761
0.164799
0.166201
0.154599
0.168917
0.160001
0.159939
0.157888
0.152638
0.15144
0.148874
0.148035
0.150984
0.156784
0.147324
0.141366
0.15402
0.159164
0.146395
0.151266
0.141169
0.149754
0.140887
0.144635
0.145554
0.145675
0.135288
0.143908
0.136726
0.145477
0.135661
0.144128
0.141048
0.135598
0.143552
0.139193
0.141339
0.135868
0.147062
0.148287
0.144607
0.149864
0.138091
0.150267
0.144138
0.143688
0.149079
0.138225
0.133775
0.141658
0.137579
0.148392
0.145128
0.140165
0.13848
0.149628
0.13164
0.138868
0.14227
0.138656
0.140123
0.139428
0.138311
0.142991
0.14224
0.144876
0.140671
0.135121
0.146991
0.134457
0.135647
0.143549
0.142801
0.13859