0.150902
0.138341
0.138984
0.147664
0.138186
0.149525
0.151158
0.164041
0.161198
0.160059
0.166262
0.169367
0.163247
0.17327
0.168338
0.170961
0.183275
0.177318
0.168718
0.180801
0.179616
0.17589
0.163855
0.171041
0.18131
0.176273
0.17317
0.165482
0.154587
0.153665
0.154568
0.162933
0.151825
0.149665
0.154728
0.149373
0.149955
0.157616
0.149819
0.161422
0.15328
0.150863
0.147429
0.148679
0.158766
0.149684
0.147125
0.138558
0.139037
0.140573
0.132465
0.142459
0.141765
0.141396
0.138158
0.148545
0.144576
0.136878
0.148125
0.143422
0.13505
0.141514
0.143937
0.135924
0.139068
0.13484
0.142019
0.140419
0.145416
0.143705
0.146878
0.14062
0.135587
0.136241
0.133544
0.134625
0.141759
0.147804
0.141489
0.14575
0.147292
0.141798
0.140377
0.135667
0.158171
0.13428
0.139287
0.145792
0.140878
0.142318
0.150313
0.141345
0.145417
0.142438
0.141757
0.147338
0.139285
0.142275
0.136336
0.131259