0.149685
0.150105
0.147325
0.157141
0.153718
0.155915
0.155977
0.159312
0.158934
0.154535
0.159593
0.168002
0.167505
0.165127
0.169475
0.169087
0.171705
0.168943
0.174043
0.18759
0.173835
0.16733
0.188025
0.172382
0.172512
0.184021
0.166958
0.159929
0.161338
0.155117
0.148652
0.163995
0.151861
0.144562
0.148946
0.160729
0.148086
0.150511
0.147929
0.150024
0.146643
0.142784
0.154058
0.142098
0.15228
0.153347
0.148896
0.153617
0.144344
0.147115
0.141297
0.140289
0.146986
0.132391
0.139894
0.145386
0.136876
0.133956
0.146343
0.145685
0.143043
0.147053
0.13955
0.136791
0.139894
0.134762
0.137127
0.135506
0.139205
0.143327
0.142428
0.139354
0.138167
0.145058
0.133996
0.142521
0.130987
0.142442
0.145736
0.144584
0.156166
0.141001
0.137253
0.145601
0.144308
0.142974
0.148012
0.135391
0.135527
0.146289
0.143793
0.138956
0.148355
0.137012
0.138521
0.136305
0.139671
0.145407
0.145369
0.137819