0.137752
0.140114
0.14296
0.152274
0.136032
0.150626
0.156994
0.160271
0.162603
0.150521
0.162571
0.170508
0.165947
0.169659
0.169644
0.173697
0.184526
0.169587
0.187167
0.176735
0.180835
0.178382
0.174771
0.173716
0.182859
0.179383
0.15218
0.158529
0.167027
0.158874
0.165651
0.152002
0.156067
0.157873
0.158146
0.143316
0.158415
0.154734
0.148055
0.148852
0.14206
0.144238
0.148648
0.14855
0.145831
0.146775
0.14908
0.142192
0.143299
0.141567
0.138037
0.137396
0.136862
0.144254
0.134284
0.139427
0.136434
0.141181
0.148559
0.151855
0.142741
0.145647
0.132204
0.150086
0.139808
0.139
0.144641
0.144501
0.148613
0.142296
0.147843
0.14057
0.131735
0.139067
0.145396
0.138538
0.137452
0.138466
0.146236
0.136564
0.142382
0.149275
0.140931
0.14322
0.140602
0.148415
0.144671
0.136839
0.13955
0.137018
0.149746
0.135888
0.1454
0.1417
0.143389
0.143857
0.140085
0.140392
0.143193
0.131654