0.146243
0.146057
0.138028
0.143313
0.14742
0.145956
0.154226
0.158585
0.160683
0.156876
0.153221
0.16784
0.169056
0.173079
0.167581
0.165939
0.176345
0.181156
0.177781
0.190323
0.179698
0.174752
0.180139
0.171368
0.17003
0.181083
0.160781
0.159278
0.159415
0.148742
0.162571
0.164841
0.147715
0.163878
0.147699
0.143402
0.15168
0.152738
0.156157
0.152755
0.142884
0.144279
0.149736
0.144972
0.142817
0.150953
0.147336
0.141416
0.143614
0.142644
0.146546
0.145675
0.13966
0.144613
0.144153
0.144189
0.14621
0.141892
0.149223
0.151798
0.142948
0.139543
0.139457
0.141475
0.146433
0.141456
0.140224
0.135729
0.149311
0.152546
0.137249
0.152488
0.145501
0.139743
0.137472
0.131995
0.129273
0.15081
0.137384
0.140392
0.148836
0.144684
0.143477
0.143149
0.139621
0.142071
0.133094
0.144669
0.140608
0.138585
0.137086
0.135043
0.137232
0.151204
0.138478
0.136941
0.141895
0.143153
0.139347
0.136363