0.140153
0.145211
0.145064
0.142967
0.142624
0.142856
0.145992
0.16506
0.162131
0.14361
0.165087
0.163047
0.163099
0.179508
0.173929
0.177244
0.170101
0.17804
0.169075
0.182
0.173854
0.17873
0.171814
0.17358
0.183846
0.178086
0.172502
0.164439
0.16898
0.157545
0.156211
0.158118
0.145912
0.156231
0.147369
0.137484
0.148106
0.147751
0.149009
0.146412
0.136771
0.141337
0.141068
0.149135
0.150072
0.148289
0.139279
0.151203
0.144962
0.143003
0.139201
0.141451
0.143011
0.146591
0.142566
0.150319
0.139685
0.14366
0.139392
0.150833
0.141685
0.145381
0.143238
0.143242
0.140918
0.143665
0.139096
0.13873
0.143084
0.138544
0.141896
0.139335
0.146656
0.132951
0.141622
0.13634
0.138724
0.142315
0.133228
0.143949
0.141684
0.139091
0.149035
0.145164
0.143402
0.143874
0.138984
0.140609
0.155403
0.14913
0.145381
0.149833
0.141951
0.143342
0.146287
0.146286
0.150312
0.142735
0.139678
0.138617