0.145228
0.140339
0.140318
0.144888
0.141817
0.160045
0.143339
0.159178
0.14796
0.15272
0.168504
0.162344
0.157919
0.160154
0.156819
0.156627
0.184896
0.178719
0.180037
0.184453
0.179299
0.171542
0.17808
0.175837
0.180623
0.186819
0.155164
0.164508
0.173568
0.155195
0.157671
0.159705
0.152329
0.155924
0.146967
0.144257
0.155978
0.147273
0.155691
0.146785
0.140915
0.153747
0.149933
0.151907
0.143631
0.146287
0.147343
0.149205
0.150007
0.144456
0.139442
0.14772
0.143477
0.13841
0.135891
0.140311
0.143007
0.14433
0.149496
0.143301
0.146128
0.152584
0.139534
0.135084
0.14302
0.140895
0.146856
0.14411
0.145822
0.139336
0.140215
0.137812
0.14037
0.141109
0.133004
0.134356
0.145015
0.142295
0.147307
0.134513
0.141742
0.149927
0.140897
0.147127
0.149246
0.137145
0.140603
0.138881
0.131442
0.143799
0.141916
0.145041
0.143196
0.137525
0.145965
0.142819
0.147252
0.136689
0.148408
0.148678