0.141798
0.146344
0.152728
0.144168
0.151285
0.141923
0.145391
0.147579
0.157358
0.151678
0.15873
0.15848
0.158691
0.165768
0.177298
0.16498
0.177327
0.174036
0.190651
0.190486
0.167446
0.177348
0.172618
0.156514
0.176485
0.178831
0.172088
0.163801
0.170938
0.16934
0.168909
0.149255
0.168995
0.156348
0.155545
0.153993
0.144867
0.150121
0.156199
0.148907
0.144179
0.153755
0.147276
0.148812
0.139709
0.144896
0.138321
0.142609
0.141656
0.148143
0.154595
0.147343
0.143596
0.146351
0.135813
0.147253
0.139167
0.137538
0.138227
0.143189
0.141521
0.144128
0.1442
0.144871
0.148397
0.152949
0.140535
0.14283
0.145387
0.144475
0.144561
0.136381
0.138918
0.14229
0.135319
0.141438
0.132666
0.136537
0.140904
0.140652
0.140836
0.146341
0.140348
0.137635
0.138627
0.137325
0.143405
0.142651
0.133749
0.144283
0.144489
0.145974
0.142433
0.140666
0.142476
0.139534
0.144074
0.143663
0.134245
0.140614