0.143007
0.142389
0.150868
0.144903
0.145849
0.142075
0.146306
0.158805
0.153883
0.151316
0.163108
0.162337
0.178202
0.167796
0.172283
0.173
0.18624
0.170676
0.182175
0.181333
0.1842
0.178799
0.163327
0.171333
0.172928
0.181984
0.174448
0.158047
0.158737
0.160462
0.166242
0.163491
0.15678
0.15839
0.141416
0.150454
0.144425
0.154172
0.147725
0.150242
0.144258
0.140944
0.135225
0.143107
0.138954
0.158518
0.137664
0.138493
0.13969
0.144657
0.1419
0.143091
0.145014
0.133135
0.144428
0.15013
0.151617
0.142227
0.145682
0.145256
0.145044
0.148815
0.137292
0.131357
0.14951
0.138768
0.148087
0.143312
0.154701
0.143199
0.141998
0.133178
0.144139
0.136787
0.141839
0.133187
0.14397
0.139133
0.144024
0.139787
0.135512
0.142514
0.141244
0.149811
0.139807
0.143897
0.143237
0.137349
0.146398
0.139447
0.140705
0.144258
0.142865
0.141176
0.134545
0.143124
0.14788
0.141211
0.143868
0.144881