0.152409
0.150364
0.156658
0.138743
0.141042
0.146491
0.156173
0.151249
0.15181
0.145447
0.162728
0.159904
0.171979
0.178271
0.162692
0.170811
0.179783
0.174024
0.186223
0.175611
0.183614
0.179598
0.179775
0.172648
0.18567
0.179958
0.1568
0.15954
0.153594
0.164192
0.153832
0.156577
0.150633
0.147171
0.147654
0.145059
0.149293
0.15345
0.142639
0.148378
0.142903
0.145289
0.140754
0.149573
0.145926
0.15143
0.139658
0.136078
0.142693
0.147908
0.153943
0.137726
0.139013
0.140467
0.149845
0.140283
0.144216
0.146824
0.138265
0.139897
0.140814
0.152097
0.137109
0.14428
0.149462
0.145946
0.146112
0.142694
0.142138
0.149152
0.142197
0.140621
0.153248
0.14472
0.142172
0.136279
0.143306
0.14396
0.151165
0.138677
0.146081
0.146422
0.137199
0.149021
0.144346
0.134289
0.14332
0.14377
0.139012
0.136612
0.137088
0.138175
0.142684
0.137173
0.13297
0.139506
0.138943
0.140509
0.13522
0.156334