0.139836
0.144793
0.142217
0.143332
0.150133
0.147094
0.150658
0.155383
0.150707
0.151009
0.149047
0.165146
0.153282
0.162806
0.163408
0.162618
0.173522
0.168579
0.180734
0.171289
0.184835
0.172973
0.173977
0.158561
0.18044
0.177101
0.163602
0.166042
0.154871
0.170643
0.160516
0.163653
0.151318
0.146404
0.155397
0.153303
0.156558
0.144208
0.151656
0.155595
0.139882
0.144065
0.144134
0.145132
0.162777
0.151972
0.138665
0.141142
0.139187
0.14857
0.135976
0.149289
0.135548
0.136754
0.13958
0.146391
0.13849
0.14101
0.146971
0.137347
0.14562
0.146897
0.144619
0.144606
0.148201
0.13675
0.150444
0.149572
0.145384
0.139159
0.141515
0.148772
0.147714
0.149626
0.15139
0.141201
0.141177
0.142406
0.144492
0.149795
0.151866
0.139852
0.145513
0.139688
0.146119
0.137346
0.14556
0.138824
0.144959
0.138128
0.1418
0.14445
0.136656
0.153291
0.136077
0.142093
0.143986
0.144535
0.153051
0.136734