0.139328
0.144392
0.141066
0.149572
0.145341
0.153696
0.146614
0.15329
0.152552
0.15798
0.155173
0.14929
0.155542
0.167537
0.168007
0.168945
0.189441
0.184822
0.173627
0.183682
0.165679
0.182924
0.171998
0.174637
0.175417
0.175793
0.159095
0.165072
0.150889
0.165617
0.161785
0.158724
0.15442
0.158323
0.160692
0.142769
0.146513
0.158407
0.151028
0.143253
0.130996
0.141383
0.148077
0.145889
0.1438
0.147605
0.140076
0.140674
0.14487
0.144371
0.136292
0.146781
0.151762
0.144669
0.132827
0.139362
0.13899
0.145657
0.139314
0.136095
0.146971
0.142954
0.141723
0.129396
0.147589
0.140553
0.149868
0.145853
0.139743
0.153468
0.141044
0.142204
0.145511
0.140243
0.131906
0.135194
0.143069
0.144194
0.140193
0.143299
0.141751
0.153168
0.139214
0.144007
0.140397
0.142737
0.14618
0.147323
0.139978
0.135169
0.156223
0.150249
0.146524
0.1424
0.147861
0.147422
0.15236
0.154963
0.143937
0.140738