0.147637
0.139062
0.142576
0.152239
0.144238
0.153592
0.151202
0.156887
0.153431
0.143244
0.161608
0.156374
0.156971
0.164744
0.16809
0.178925
0.17536
0.173079
0.180577
0.176897
0.162263
0.170104
0.177316
0.178594
0.182225
0.168633
0.167185
0.164103
0.163705
0.163631
0.166003
0.158917
0.163053
0.152539
0.155963
0.146384
0.146677
0.155197
0.151354
0.159166
0.145501
0.141306
0.149137
0.14999
0.150462
0.145971
0.141806
0.150951
0.136147
0.153979
0.145677
0.14662
0.13997
0.137763
0.141574
0.143289
0.13762
0.137599
0.137712
0.141605
0.143643
0.143459
0.143535
0.137066
0.138764
0.152936
0.139196
0.14615
0.14631
0.137441
0.14016
0.139693
0.141245
0.148743
0.141953
0.146415
0.137206
0.149151
0.147229
0.134637
0.147314
0.140683
0.146451
0.142846
0.134759
0.14017
0.145032
0.143394
0.13022
0.14592
0.134622
0.150174
0.13705
0.149616
0.135886
0.15355
0.144969
0.145203
0.13861
0.134174