0.143124
0.147543
0.145846
0.137268
0.153584
0.142439
0.15194
0.156628
0.15203
0.157408
0.175393
0.16821
0.160234
0.172338
0.169497
0.173346
0.172273
0.181663
0.182073
0.1794
0.182794
0.179657
0.180575
0.168937
0.17919
0.174513
0.168874
0.171336
0.169606
0.165538
0.162402
0.158694
0.153967
0.154094
0.154208
0.147474
0.152038
0.147985
0.142434
0.146738
0.140809
0.144053
0.14527
0.143819
0.147211
0.137491
0.140207
0.142141
0.142004
0.143508
0.147098
0.145996
0.137285
0.142828
0.145418
0.146789
0.134088
0.140623
0.132903
0.138984
0.144196
0.144913
0.133432
0.136254
0.147091
0.137475
0.147025
0.141864
0.151401
0.140284
0.139803
0.144053
0.149205
0.145119
0.152836
0.145446
0.141035
0.145352
0.137251
0.141712
0.144121
0.146974
0.13737
0.142794
0.136274
0.143964
0.14421
0.139292
0.130024
0.136951
0.135813
0.147492
0.141909
0.149424
0.141117
0.134578
0.146277
0.140753
0.137051
0.136045