0.137128
0.145036
0.14461
0.135867
0.137872
0.163564
0.155309
0.154645
0.152923
0.156146
0.150739
0.156307
0.163141
0.174589
0.17717
0.180997
0.18062
0.185709
0.182125
0.182172
0.174229
0.175199
0.179246
0.171981
0.172888
0.17306
0.163148
0.160619
0.162434
0.150483
0.16213
0.156495
0.155051
0.154376
0.154568
0.161036
0.150521
0.151579
0.151583
0.153757
0.141804
0.14216
0.14552
0.142384
0.148751
0.143795
0.1456
0.14591
0.140427
0.144652
0.142651
0.135759
0.143764
0.145077
0.141256
0.149231
0.142086
0.144295
0.154389
0.13872
0.150553
0.146161
0.139551
0.141615
0.143882
0.147219
0.137945
0.149677
0.144304
0.133731
0.135964
0.136277
0.135252
0.135245
0.135937
0.135082
0.136411
0.151453
0.138857
0.140658
0.139302
0.143657
0.138192
0.153551
0.137072
0.139159
0.142969
0.146174
0.135573
0.150606
0.144737
0.146544
0.140358
0.138164
0.145945
0.133947
0.145107
0.144806
0.147607
0.141469