0.137121
0.143297
0.144317
0.147132
0.147882
0.144782
0.146214
0.143241
0.151787
0.153776
0.165491
0.16706
0.156222
0.16778
0.165057
0.163227
0.179412
0.176504
0.188699
0.184518
0.171657
0.18228
0.180832
0.16986
0.185825
0.178636
0.169745
0.174007
0.164511
0.16236
0.156015
0.155721
0.162229
0.151452
0.148691
0.138823
0.156574
0.147797
0.146774
0.147667
0.133026
0.142657
0.142377
0.150156
0.159048
0.146962
0.151134
0.141949
0.138483
0.156159
0.148873
0.148851
0.146607
0.137769
0.13671
0.140768
0.140088
0.132815
0.142647
0.140099
0.147431
0.140174
0.133184
0.136783
0.150969
0.137799
0.146626
0.147219
0.136655
0.14086
0.139525
0.145938
0.146325
0.145666
0.132887
0.129557
0.13717
0.139144
0.140295
0.140437
0.146863
0.150102
0.145389
0.143485
0.142814
0.147758
0.146264
0.130869
0.13876
0.147421
0.140615
0.143554
0.15096
0.143357
0.148138
0.138414
0.142869
0.147521
0.135345
0.152702