0.137008
0.140932
0.139251
0.147126
0.145539
0.154601
0.149824
0.148627
0.146887
0.153712
0.167975
0.166399
0.169067
0.179466
0.169143
0.173719
0.176795
0.171031
0.168113
0.182939
0.176394
0.173499
0.174879
0.169661
0.187869
0.167325
0.170195
0.15947
0.163476
0.169742
0.156271
0.166497
0.159949
0.15968
0.146127
0.1531
0.143774
0.154419
0.156968
0.145247
0.143932
0.139254
0.151449
0.149447
0.146109
0.138471
0.155483
0.137464
0.136458
0.146079
0.14369
0.142066
0.127663
0.151251
0.14304
0.148916
0.138923
0.143618
0.145235
0.147263
0.146133
0.142369
0.141653
0.1354
0.141798
0.136264
0.138458
0.145476
0.144677
0.157287
0.144624
0.141434
0.149555
0.142231
0.13267
0.138073
0.138228
0.136142
0.143934
0.13999
0.13372
0.142134
0.134519
0.146672
0.140387
0.13839
0.143579
0.139726
0.140043
0.140351
0.149924
0.140504
0.13999
0.145137
0.145719
0.139106
0.154742
0.140389
0.141301
0.14876