0.147432
0.139638
0.144791
0.125376
0.149069
0.147431
0.155193
0.150171
0.157798
0.145656
0.153184
0.149094
0.155772
0.165553
0.173516
0.164735
0.170733
0.184629
0.170709
0.177467
0.178807
0.177591
0.173534
0.168221
0.181825
0.165606
0.161857
0.160352
0.166699
0.162823
0.154301
0.153132
0.156806
0.159336
0.149535
0.143634
0.145013
0.146278
0.149449
0.148213
0.155114
0.144106
0.147919
0.161514
0.137818
0.146804
0.14317
0.142245
0.149159
0.153622
0.140367
0.146394
0.150514
0.149908
0.14267
0.142276
0.149805
0.139127
0.151086
0.143774
0.143026
0.141019
0.134785
0.135453
0.148739
0.141708
0.14884
0.144412
0.145351
0.13933
0.144705
0.14477
0.13646
0.144297
0.151272
0.137694
0.142803
0.143745
0.136713
0.147822
0.14344
0.140688
0.148475
0.141421
0.143685
0.156586
0.145106
0.136706
0.138286
0.152346
0.140228
0.139004
0.141183
0.147209
0.148388
0.155354
0.136089
0.142715
0.144168
0.137629