0.133487
0.155721
0.148053
0.152771
0.150123
0.157554
0.149126
0.141399
0.161448
0.151175
0.160191
0.161171
0.151259
0.17402
0.17168
0.163988
0.177791
0.175712
0.185612
0.187094
0.173099
0.180011
0.178777
0.172216
0.17421
0.174948
0.167095
0.16595
0.157049
0.159081
0.165088
0.159639
0.153975
0.158726
0.154027
0.147374
0.158709
0.147165
0.151127
0.144265
0.139692
0.137286
0.149642
0.14317
0.141151
0.14844
0.143846
0.150221
0.148453
0.139601
0.144096
0.138485
0.13258
0.140826
0.133306
0.138077
0.139419
0.139168
0.148004
0.14112
0.150185
0.141304
0.142649
0.138636
0.145719
0.147097
0.145622
0.147072
0.153735
0.144039
0.14415
0.150615
0.145015
0.150935
0.144143
0.138981
0.134712
0.139344
0.144939
0.135255
0.134551
0.1403
0.135671
0.148334
0.140356
0.143719
0.144094
0.134549
0.135042
0.141246
0.134205
0.141654
0.140335
0.151888
0.137986
0.144686
0.154891
0.144802
0.140486
0.138569