0.139224
0.145034
0.14238
0.150506
0.14651
0.142973
0.15609
0.156965
0.148039
0.15427
0.164819
0.16102
0.162229
0.172056
0.17432
0.165922
0.183772
0.169624
0.184526
0.180489
0.181178
0.170193
0.18248
0.165119
0.16375
0.169538
0.172309
0.175937
0.161497
0.164873
0.174231
0.150995
0.157882
0.159317
0.148666
0.13492
0.154424
0.146032
0.145025
0.141714
0.141675
0.142333
0.145201
0.152165
0.146461
0.142188
0.144964
0.139198
0.138347
0.148389
0.148906
0.142313
0.137975
0.138292
0.13946
0.147854
0.148459
0.147859
0.142128
0.144321
0.1427
0.144354
0.134443
0.1424
0.130865
0.145131
0.142862
0.152168
0.143011
0.144996
0.142016
0.141635
0.150869
0.144409
0.136826
0.14156
0.142975
0.141905
0.141596
0.146551
0.153485
0.138508
0.143917
0.14841
0.149606
0.139356
0.146661
0.138734
0.141402
0.137681
0.147112
0.148061
0.143012
0.141172
0.141782
0.131691
0.151146
0.133726
0.138811
0.133121