0.147304
0.148156
0.151389
0.140898
0.139479
0.154057
0.154357
0.164212
0.151954
0.148397
0.169397
0.163353
0.155672
0.173473
0.168441
0.16898
0.184013
0.169432
0.179954
0.187989
0.175088
0.175554
0.177192
0.177322
0.182238
0.169036
0.168333
0.18065
0.161577
0.16045
0.159533
0.160283
0.161443
0.152646
0.157054
0.146684
0.153372
0.145235
0.152389
0.146666
0.147887
0.144666
0.140572
0.149888
0.144676
0.145074
0.135722
0.148074
0.15343
0.138072
0.146997
0.140323
0.147056
0.148357
0.142678
0.143822
0.14291
0.143821
0.139005
0.154822
0.144515
0.137222
0.134798
0.140788
0.139447
0.138476
0.13823
0.148217
0.138149
0.14095
0.140029
0.140353
0.140226
0.141221
0.140662
0.136187
0.141759
0.142154
0.14243
0.13409
0.138716
0.137611
0.131992
0.141697
0.143175
0.143542
0.140576
0.143347
0.138989
0.150225
0.134588
0.144436
0.152754
0.137042
0.13208
0.135283
0.144679
0.138181
0.143577
0.146105