0.143322
0.150007
0.150237
0.146427
0.147454
0.13563
0.152966
0.149234
0.15179
0.143414
0.152536
0.166368
0.152154
0.166463
0.160291
0.173265
0.188754
0.171448
0.178307
0.18569
0.180418
0.184192
0.181206
0.175925
0.1784
0.177434
0.179571
0.163375
0.160209
0.163792
0.16415
0.154048
0.153993
0.153474
0.144698
0.138408
0.142599
0.142926
0.156332
0.1451
0.151975
0.148387
0.160312
0.151934
0.148917
0.146576
0.143688
0.140216
0.146535
0.139369
0.146428
0.140288
0.145143
0.137121
0.136192
0.145201
0.142196
0.13414
0.145131
0.146904
0.133613
0.144104
0.137431
0.136109
0.143012
0.138113
0.145857
0.135755
0.142353
0.133184
0.14733
0.144414
0.145116
0.139381
0.141961
0.141243
0.14184
0.142503
0.13795
0.135231
0.142115
0.140422
0.13793
0.14307
0.147426
0.143562
0.155112
0.139421
0.140569
0.139551
0.136876
0.145863
0.146157
0.144315
0.147649
0.148499
0.152776
0.151911
0.145734
0.141879