0.144632
0.156178
0.140996
0.143802
0.151859
0.15629
0.151844
0.15618
0.155366
0.152025
0.164128
0.158988
0.160352
0.169226
0.171286
0.172113
0.186193
0.177092
0.165769
0.200393
0.182285
0.170611
0.174796
0.1788
0.17827
0.180599
0.173227
0.16603
0.165389
0.161093
0.162759
0.148734
0.153469
0.152414
0.145195
0.140653
0.143594
0.147567
0.140728
0.143364
0.13948
0.148532
0.145025
0.140955
0.150634
0.148508
0.143787
0.139728
0.152494
0.14404
0.141501
0.143875
0.15144
0.150909
0.140252
0.134768
0.139786
0.138131
0.149537
0.141442
0.14
0.140561
0.131219
0.133223
0.143589
0.138442
0.140718
0.150358
0.138899
0.142031
0.136264
0.139808
0.146134
0.152215
0.139374
0.138495
0.137965
0.139071
0.142479
0.142375
0.137448
0.143834
0.142716
0.129607
0.147242
0.139648
0.155954
0.139319
0.141526
0.144969
0.150276
0.140739
0.13867
0.15077
0.141496
0.146062
0.133187
0.140488
0.142823
0.150896