0.151113
0.14228
0.139831
0.144936
0.143497
0.143115
0.155468
0.155709
0.158283
0.153637
0.157624
0.162031
0.15602
0.169613
0.167145
0.161587
0.171761
0.17759
0.179209
0.180484
0.188448
0.188697
0.181792
0.17009
0.17776
0.181909
0.162326
0.156481
0.16269
0.162265
0.159046
0.157749
0.153186
0.147244
0.152755
0.148733
0.143562
0.151084
0.154287
0.154482
0.149374
0.144298
0.147362
0.142826
0.151964
0.148469
0.15135
0.145334
0.14153
0.142113
0.142956
0.141213
0.145702
0.149284
0.140093
0.137886
0.142911
0.148271
0.142683
0.139266
0.139432
0.145375
0.129473
0.139924
0.137644
0.133713
0.133321
0.13817
0.15404
0.135934
0.137296
0.141635
0.140117
0.14324
0.142611
0.145924
0.142736
0.138902
0.138811
0.151589
0.157003
0.148061
0.142995
0.141362
0.155271
0.135309
0.144918
0.133941
0.145149
0.143485
0.145301
0.140498
0.142291
0.150091
0.140826
0.148182
0.148372
0.135523
0.134379
0.136748