0.145488
0.142164
0.142909
0.147019
0.151306
0.147792
0.149299
0.15547
0.165731
0.152448
0.154021
0.171527
0.162675
0.166792
0.178393
0.165215
0.179384
0.173493
0.175288
0.189388
0.185305
0.169808
0.17796
0.168896
0.175578
0.172242
0.160484
0.154692
0.159235
0.155572
0.155273
0.16083
0.154844
0.150321
0.158959
0.140625
0.145735
0.147648
0.153009
0.142898
0.150199
0.142599
0.162582
0.149234
0.142808
0.150609
0.13952
0.144564
0.141757
0.14059
0.145706
0.142866
0.141349
0.142233
0.141616
0.147437
0.156274
0.147019
0.145587
0.139478
0.146993
0.144252
0.133737
0.137357
0.154399
0.140447
0.143521
0.144113
0.146322
0.150042
0.138388
0.143784
0.143233
0.145421
0.135964
0.141641
0.136263
0.134129
0.135006
0.138925
0.140978
0.13591
0.149167
0.147063
0.14663
0.132102
0.144093
0.132101
0.145416
0.137553
0.150119
0.140433
0.140474
0.135823
0.148798
0.158357
0.140693
0.137214
0.143306
0.140088