0.138118
0.14192
0.147348
0.149013
0.144631
0.151629
0.149994
0.154908
0.162205
0.158027
0.164009
0.153907
0.160736
0.152472
0.169282
0.165289
0.185084
0.175214
0.173622
0.181411
0.17345
0.178935
0.174116
0.169591
0.181829
0.179235
0.16911
0.16913
0.160772
0.15461
0.165513
0.160217
0.142458
0.152599
0.148276
0.140174
0.157382
0.142861
0.144462
0.152873
0.149272
0.141334
0.141506
0.155748
0.143027
0.149209
0.145938
0.139198
0.138148
0.145158
0.136415
0.140869
0.152337
0.149155
0.149633
0.147645
0.144628
0.14029
0.140893
0.14066
0.13865
0.144852
0.137826
0.139732
0.137354
0.154592
0.146347
0.138857
0.142691
0.144835
0.144444
0.137337
0.145624
0.137925
0.140273
0.140198
0.138703
0.145695
0.136293
0.150077
0.143772
0.154205
0.146815
0.131861
0.143598
0.150212
0.146583
0.145514
0.134069
0.146593
0.139219
0.143605
0.147327
0.142996
0.145015
0.136009
0.140772
0.143086
0.151564
0.137406