0.145438
0.151774
0.141449
0.135298
0.149107
0.14226
0.152613
0.156648
0.154045
0.147758
0.155638
0.15506
0.166493
0.161906
0.170441
0.167816
0.179062
0.172284
0.180017
0.19007
0.171793
0.17435
0.179884
0.164576
0.183434
0.168104
0.177833
0.164524
0.164227
0.164172
0.162545
0.160471
0.157177
0.156174
0.146687
0.143355
0.14806
0.143799
0.146751
0.14997
0.146685
0.141021
0.151157
0.15298
0.150152
0.161467
0.152051
0.14987
0.14549
0.141421
0.146489
0.143099
0.147339
0.144189
0.142088
0.142279
0.144381
0.146443
0.14665
0.140689
0.142459
0.14559
0.145389
0.139697
0.139007
0.141977
0.132556
0.135029
0.139456
0.142945
0.147122
0.135739
0.148893
0.13587
0.141353
0.134791
0.137694
0.147262
0.140985
0.142888
0.144675
0.143571
0.148355
0.143483
0.143973
0.139253
0.152051
0.137403
0.1344
0.142579
0.14341
0.142826
0.14186
0.145331
0.145019
0.134449
0.149806
0.137244
0.135099
0.139507