0.146644
0.150552
0.151736
0.149675
0.154439
0.15477
0.160151
0.15629
0.158954
0.151617
0.15847
0.169431
0.163643
0.172177
0.163607
0.170462
0.173357
0.172298
0.17302
0.192878
0.164647
0.18347
0.176071
0.167964
0.174906
0.177584
0.169035
0.162998
0.173118
0.164436
0.155692
0.154054
0.154822
0.155724
0.145986
0.140492
0.154156
0.14088
0.147431
0.150822
0.137925
0.138693
0.144093
0.143516
0.143617
0.14711
0.138515
0.141459
0.134845
0.141531
0.136899
0.138473
0.149641
0.139107
0.145261
0.150128
0.144241
0.146748
0.139297
0.141987
0.139893
0.147202
0.145548
0.130364
0.148396
0.146342
0.146914
0.144283
0.142989
0.135117
0.148748
0.145429
0.136078
0.134303
0.139327
0.136873
0.144101
0.141667
0.129844
0.145909
0.144998
0.141655
0.147071
0.150302
0.146145
0.139409
0.146256
0.132163
0.137744
0.142722
0.141109
0.148497
0.145199
0.142649
0.148244
0.137818
0.147225
0.14798
0.142587
0.139354