0.139398
0.149999
0.151356
0.152215
0.142415
0.156441
0.147886
0.163023
0.157607
0.150892
0.152729
0.158267
0.160425
0.163076
0.160273
0.159508
0.180795
0.171729
0.17374
0.17853
0.176605
0.180349
0.166044
0.176168
0.172295
0.18179
0.171032
0.15505
0.158612
0.159388
0.160232
0.157463
0.168512
0.145147
0.138435
0.151928
0.149864
0.139236
0.140255
0.149364
0.137872
0.136964
0.145275
0.150678
0.148424
0.145464
0.146105
0.14124
0.144635
0.143778
0.143623
0.151357
0.137773
0.148138
0.148803
0.139603
0.14392
0.149066
0.141184
0.141453
0.137921
0.148541
0.135901
0.143217
0.142873
0.151245
0.148736
0.139004
0.143072
0.148454
0.133721
0.144833
0.135842
0.148148
0.137557
0.146588
0.136115
0.154225
0.137786
0.142147
0.142456
0.147667
0.144511
0.155971
0.143285
0.1447
0.149876
0.141956
0.144453
0.138357
0.144149
0.141414
0.144075
0.147476
0.147758
0.144322
0.143947
0.150717
0.142374
0.131184