0.142655
0.140605
0.150071
0.150196
0.145123
0.149812
0.162727
0.155538
0.164762
0.155344
0.159531
0.162027
0.161787
0.167061
0.161822
0.158693
0.177673
0.175852
0.183895
0.189511
0.168838
0.184721
0.169396
0.166269
0.177235
0.171126
0.167625
0.161026
0.158048
0.15612
0.157747
0.164882
0.152599
0.152175
0.151061
0.151723
0.155927
0.143293
0.146146
0.14752
0.141395
0.139542
0.144925
0.137336
0.147786
0.145233
0.137655
0.14486
0.141199
0.14164
0.150627
0.140414
0.146043
0.150444
0.144314
0.148307
0.145326
0.143445
0.142422
0.138724
0.144281
0.137992
0.1431
0.142076
0.143717
0.138198
0.143664
0.147908
0.141103
0.138974
0.14326
0.146492
0.146171
0.148406
0.14265
0.134518
0.134074
0.15304
0.138631
0.145419
0.14083
0.143607
0.153608
0.147376
0.139822
0.143349
0.141358
0.141057
0.137187
0.13689
0.149952
0.131997
0.144508
0.150311
0.138511
0.142291
0.140404
0.140495
0.149557
0.143412