0.149299
0.146827
0.130346
0.151959
0.147989
0.147598
0.158318
0.155029
0.154279
0.154092
0.16153
0.150344
0.154293
0.168376
0.157549
0.162393
0.182414
0.17643
0.179362
0.192316
0.170577
0.178527
0.183269
0.175513
0.167906
0.174696
0.171796
0.165944
0.17697
0.154883
0.158375
0.164258
0.15815
0.15468
0.146482
0.144486
0.14501
0.147862
0.141908
0.14836
0.138442
0.150412
0.150172
0.157275
0.144059
0.142721
0.149083
0.133596
0.139924
0.147644
0.14473
0.144142
0.134366
0.143286
0.142242
0.141141
0.148656
0.145534
0.1508
0.140217
0.143162
0.146903
0.147214
0.148265
0.147986
0.139285
0.150769
0.143197
0.140823
0.143497
0.146612
0.130191
0.144636
0.138509
0.142478
0.142035
0.140152
0.142548
0.140057
0.147619
0.147943
0.145296
0.143413
0.144034
0.140721
0.134099
0.139588
0.135723
0.156202
0.140136
0.142293
0.14671
0.143823
0.139142
0.147137
0.138967
0.141449
0.13728
0.140671
0.130599