0.143099
0.143307
0.141716
0.140769
0.150231
0.15571
0.160314
0.161437
0.158186
0.153391
0.168368
0.164518
0.169024
0.169135
0.162692
0.179302
0.183736
0.177213
0.179225
0.182453
0.179903
0.186515
0.177912
0.172196
0.171039
0.186588
0.171816
0.162579
0.162684
0.157024
0.158545
0.155482
0.16073
0.149236
0.149476
0.152561
0.155353
0.15291
0.149638
0.14854
0.143224
0.152615
0.140591
0.153359
0.143593
0.149951
0.130985
0.145267
0.141
0.137045
0.146536
0.142578
0.151706
0.146604
0.150191
0.145022
0.157087
0.141706
0.14126
0.146839
0.144243
0.145383
0.141318
0.135196
0.14285
0.146324
0.134932
0.138623
0.132564
0.141508
0.140876
0.141713
0.132235
0.128933
0.139273
0.144837
0.130057
0.134831
0.135549
0.15106
0.134232
0.147553
0.143029
0.137939
0.137983
0.149179
0.139867
0.13983
0.140247
0.141764
0.144264
0.138695
0.142555
0.144283
0.124394
0.14484
0.14207
0.140954
0.136688
0.135618