0.14675
0.148137
0.159333
0.152458
0.148749
0.153159
0.156438
0.14648
0.147113
0.154643
0.163342
0.159806
0.161827
0.171201
0.165501
0.167857
0.176749
0.182649
0.168488
0.18622
0.179882
0.17577
0.174871
0.159329
0.170172
0.18355
0.154064
0.162017
0.158703
0.157458
0.157213
0.158188
0.154451
0.158436
0.15508
0.150482
0.135397
0.152823
0.139195
0.148304
0.141035
0.140504
0.154391
0.143388
0.147448
0.145835
0.151657
0.144659
0.142014
0.159974
0.152879
0.146467
0.139333
0.147958
0.143637
0.145007
0.138525
0.13715
0.148054
0.145484
0.144522
0.142461
0.139542
0.1381
0.153252
0.144725
0.14086
0.143559
0.14747
0.136419
0.142786
0.152352
0.148431
0.139637
0.14045
0.13307
0.137387
0.144703
0.14658
0.149207
0.136869
0.137936
0.135338
0.142453
0.134984
0.143417
0.142987
0.140712
0.141636
0.142564
0.126636
0.144066
0.149984
0.146855
0.141202
0.141386
0.141674
0.145506
0.141898
0.138698