0.140794
0.143552
0.150213
0.149267
0.150194
0.144946
0.150987
0.152018
0.158649
0.158899
0.167329
0.165789
0.164585
0.169663
0.163902
0.169177
0.178765
0.169311
0.179669
0.177365
0.175944
0.170603
0.178371
0.168021
0.1826
0.183455
0.178262
0.170791
0.15574
0.159964
0.170044
0.160254
0.154692
0.157213
0.151514
0.150214
0.151439
0.14242
0.155047
0.148598
0.144233
0.138041
0.147728
0.148302
0.146212
0.145411
0.150878
0.142082
0.13677
0.151507
0.143958
0.13724
0.142379
0.139087
0.145672
0.139921
0.141789
0.146193
0.149509
0.142677
0.150778
0.137965
0.134331
0.138537
0.145291
0.137487
0.142778
0.154356
0.145929
0.145277
0.13929
0.140386
0.152627
0.137331
0.142988
0.142833
0.140691
0.135643
0.137171
0.136951
0.140421
0.145438
0.145704
0.147525
0.133995
0.136826
0.142645
0.145363
0.13672
0.141688
0.139694
0.138134
0.143767
0.145279
0.135121
0.13622
0.133044
0.146356
0.141443
0.136125