0.147545
0.144368
0.149696
0.149563
0.147759
0.151694
0.15588
0.155721
0.155961
0.163484
0.17686
0.162823
0.157062
0.170761
0.165966
0.18353
0.180512
0.176142
0.180398
0.184335
0.177192
0.191307
0.167658
0.170795
0.172342
0.190255
0.168142
0.154667
0.156725
0.154681
0.152913
0.147883
0.147859
0.151386
0.145385
0.143585
0.150489
0.152113
0.142536
0.143481
0.142679
0.145405
0.156859
0.147506
0.142206
0.146331
0.14867
0.139203
0.146492
0.146779
0.142783
0.14532
0.133647
0.141247
0.143198
0.147435
0.146824
0.142181
0.141701
0.149893
0.140099
0.140548
0.136915
0.134768
0.139741
0.140376
0.140099
0.138828
0.142929
0.1368
0.145346
0.146234
0.159745
0.136359
0.145579
0.139129
0.134302
0.137503
0.147963
0.147628
0.148154
0.14508
0.136214
0.139172
0.138668
0.14754
0.141273
0.134032
0.133632
0.133074
0.133228
0.148951
0.141191
0.143691
0.153113
0.140183
0.150524
0.141583
0.141374
0.140621