0.142388
0.141499
0.147738
0.147972
0.146763
0.159548
0.145226
0.153112
0.153638
0.152837
0.158769
0.160596
0.153398
0.165825
0.171044
0.171127
0.185201
0.172651
0.166844
0.182921
0.176468
0.176837
0.176168
0.167727
0.18477
0.176693
0.170454
0.165656
0.160708
0.158722
0.163903
0.157432
0.156519
0.145381
0.150024
0.146225
0.146586
0.147664
0.157698
0.1531
0.152595
0.138107
0.141904
0.145225
0.149668
0.153008
0.137567
0.144427
0.143973
0.147411
0.146349
0.141957
0.146459
0.139032
0.136787
0.143002
0.141478
0.139578
0.144681
0.150494
0.140302
0.14477
0.144795
0.137595
0.15179
0.147515
0.143746
0.132861
0.145627
0.147426
0.145648
0.146968
0.141363
0.148819
0.145684
0.131167
0.144241
0.140356
0.156126
0.137923
0.146824
0.144259
0.132062
0.140764
0.143689
0.145432
0.13762
0.13818
0.141632
0.139105
0.136664
0.142451
0.132797
0.139966
0.14163
0.140078
0.151157
0.147217
0.140784
0.141434