0.138452
0.140397
0.137439
0.143436
0.143674
0.152296
0.156515
0.151369
0.149152
0.149779
0.172255
0.157001
0.15848
0.17483
0.171678
0.174747
0.181683
0.191058
0.179818
0.200835
0.181137
0.181648
0.179603
0.164255
0.177883
0.169622
0.162678
0.172495
0.166176
0.163683
0.156846
0.17132
0.15305
0.161715
0.153702
0.159627
0.151714
0.146619
0.148347
0.142734
0.15082
0.15314
0.149355
0.152552
0.155166
0.148961
0.135305
0.136318
0.142476
0.142492
0.141144
0.142781
0.142105
0.135073
0.145452
0.140395
0.138689
0.143781
0.142949
0.134623
0.142784
0.14383
0.147434
0.142539
0.130382
0.144191
0.142475
0.133486
0.142346
0.141442
0.137658
0.134557
0.140069
0.134504
0.133027
0.142216
0.14001
0.134751
0.144546
0.142282
0.142609
0.139964
0.143709
0.136579
0.139991
0.136608
0.143019
0.138748
0.144367
0.144477
0.1427
0.133428
0.150869
0.141445
0.148928
0.138403
0.150517
0.142654
0.139395
0.143739