0.149412
0.143945
0.150447
0.138869
0.138989
0.152948
0.147199
0.156541
0.157268
0.148817
0.157875
0.171486
0.161443
0.179839
0.167227
0.176668
0.173308
0.160745
0.185678
0.174517
0.182835
0.177922
0.175019
0.171113
0.173088
0.168989
0.175513
0.153964
0.167978
0.159993
0.162787
0.154985
0.149854
0.161953
0.141715
0.153515
0.14689
0.15027
0.15758
0.155516
0.14379
0.137992
0.148098
0.153103
0.145458
0.147513
0.14495
0.13656
0.147534
0.137771
0.150555
0.142813
0.139609
0.139272
0.142825
0.142488
0.145736
0.141296
0.143028
0.135986
0.145524
0.141446
0.142624
0.133119
0.145875
0.138764
0.1409
0.140986
0.138494
0.140365
0.138962
0.145526
0.135978
0.145567
0.149356
0.139357
0.139718
0.141167
0.145885
0.145212
0.137311
0.142044
0.147047
0.134638
0.14108
0.147347
0.148851
0.146235
0.138054
0.156769
0.144439
0.143498
0.144253
0.136034
0.143702
0.137626
0.148382
0.140815
0.144823
0.141149