0.12714
0.145378
0.13339
0.141306
0.142882
0.15448
0.150176
0.161465
0.156975
0.150929
0.159339
0.162433
0.16527
0.164842
0.165493
0.173716
0.178767
0.183404
0.181121
0.18546
0.178259
0.183176
0.180083
0.176472
0.18717
0.171262
0.174456
0.161975
0.159479
0.164571
0.165708
0.157545
0.146033
0.150607
0.14506
0.152959
0.148287
0.150545
0.152699
0.145782
0.146557
0.137228
0.154995
0.15053
0.15931
0.1449
0.146422
0.145474
0.140882
0.142643
0.142725
0.150611
0.138806
0.140075
0.15235
0.142251
0.142268
0.139913
0.148606
0.152454
0.137297
0.139799
0.136067
0.138124
0.137234
0.13711
0.138394
0.149577
0.147248
0.139794
0.141552
0.136291
0.133959
0.135981
0.132387
0.13975
0.128383
0.136173
0.146667
0.149993
0.135008
0.146952
0.14971
0.145868
0.140057
0.150704
0.138563
0.137733
0.138059
0.144209
0.141757
0.152319
0.14109
0.146535
0.138901
0.14669
0.148008
0.140679
0.136848
0.143442