0.139302
0.152574
0.152978
0.15251
0.14769
0.151761
0.156664
0.156368
0.159666
0.159866
0.158232
0.160663
0.16851
0.167651
0.176958
0.160708
0.183551
0.179802
0.173023
0.183739
0.182694
0.181429
0.181166
0.164553
0.180376
0.169127
0.166237
0.159145
0.160754
0.158604
0.166759
0.155301
0.149311
0.154176
0.142865
0.150837
0.154335
0.140107
0.140828
0.141211
0.152162
0.156262
0.137951
0.158024
0.148919
0.141092
0.140378
0.143041
0.143141
0.149643
0.138801
0.136171
0.139923
0.139268
0.141319
0.145641
0.144543
0.144195
0.139322
0.138611
0.142382
0.143343
0.134911
0.131751
0.141415
0.147375
0.14175
0.138655
0.140587
0.151594
0.145832
0.148529
0.148238
0.137291
0.139004
0.138714
0.13312
0.141432
0.134548
0.146487
0.143747
0.139684
0.141091
0.142901
0.136252
0.144939
0.145396
0.144228
0.144883
0.140988
0.138378
0.141545
0.138629
0.143236
0.143639
0.151393
0.144868
0.136688
0.144141
0.145978