0.140149
0.151142
0.146274
0.149934
0.143695
0.152691
0.157615
0.148284
0.154835
0.152151
0.16246
0.160965
0.164922
0.175345
0.169547
0.173159
0.178918
0.170419
0.189345
0.19084
0.195762
0.181723
0.176843
0.169972
0.181546
0.170223
0.17389
0.163369
0.16111
0.160935
0.160216
0.160096
0.156507
0.161543
0.149486
0.145717
0.14279
0.151348
0.145526
0.149033
0.141235
0.140702
0.15458
0.149549
0.143542
0.146515
0.137314
0.134818
0.135262
0.145333
0.128742
0.157358
0.144761
0.140057
0.142025
0.148134
0.132149
0.143927
0.139993
0.145033
0.143438
0.143894
0.137505
0.135997
0.139144
0.154431
0.139956
0.133667
0.143241
0.141192
0.138362
0.139672
0.141116
0.135628
0.139851
0.139156
0.14852
0.142971
0.148264
0.143293
0.135787
0.137492
0.143488
0.14145
0.14733
0.139061
0.146504
0.137815
0.143158
0.15167
0.139448
0.135764
0.141436
0.13325
0.138208
0.149732
0.137868
0.147385
0.142472
0.140031