0.144749
0.145655
0.158053
0.136823
0.141368
0.152065
0.143637
0.159103
0.157655
0.156214
0.158554
0.166736
0.16368
0.170401
0.174432
0.172025
0.182819
0.173666
0.173824
0.184322
0.177286
0.167908
0.178319
0.159921
0.175661
0.174558
0.170815
0.162795
0.156952
0.159747
0.156221
0.158874
0.155222
0.146237
0.145799
0.150894
0.160549
0.150702
0.152397
0.141889
0.1347
0.144319
0.147872
0.159394
0.151283
0.140867
0.14592
0.147073
0.14118
0.142906
0.138003
0.145229
0.145427
0.146483
0.141118
0.144613
0.151012
0.140302
0.134537
0.137204
0.141747
0.146788
0.134747
0.13956
0.152584
0.136666
0.144261
0.141416
0.141299
0.150387
0.144651
0.144036
0.149782
0.14328
0.141565
0.133479
0.138596
0.145745
0.135297
0.159056
0.149869
0.13456
0.143752
0.144758
0.137211
0.143573
0.132051
0.139425
0.14344
0.138743
0.139672
0.140659
0.143919
0.141518
0.150665
0.142557
0.151523
0.141127
0.139287
0.138782