0.138567
0.146627
0.148322
0.144094
0.144001
0.158936
0.156286
0.154436
0.147145
0.167767
0.164142
0.174406
0.1674
0.177131
0.181055
0.165853
0.176395
0.171648
0.190788
0.182469
0.17063
0.166899
0.181611
0.159748
0.173316
0.174123
0.166684
0.167997
0.160964
0.16146
0.165051
0.158377
0.14885
0.150658
0.141382
0.15392
0.157905
0.149398
0.148062
0.146008
0.146224
0.144092
0.155719
0.149475
0.139151
0.145999
0.150187
0.144133
0.151849
0.148997
0.141822
0.135384
0.148925
0.144213
0.142151
0.142525
0.141912
0.141812
0.141896
0.142507
0.145395
0.136796
0.136216
0.141844
0.138566
0.143205
0.140173
0.143379
0.136349
0.139845
0.140697
0.145116
0.138296
0.153997
0.127031
0.145532
0.146572
0.139677
0.138085
0.137519
0.140808
0.141071
0.144923
0.140819
0.135348
0.142978
0.148799
0.135459
0.127053
0.14225
0.138652
0.136657
0.143759
0.136117
0.146016
0.144483
0.142606
0.149934
0.148242
0.140253