0.141773
0.144462
0.151683
0.15122
0.143543
0.157926
0.151972
0.154517
0.162828
0.150383
0.173571
0.170433
0.160655
0.180131
0.165549
0.163638
0.184042
0.166237
0.181462
0.186524
0.189424
0.182429
0.175186
0.177918
0.181933
0.174016
0.163671
0.166594
0.1616
0.159677
0.174935
0.146925
0.157537
0.151267
0.143612
0.146641
0.142953
0.143321
0.144866
0.152925
0.141526
0.138459
0.155858
0.146862
0.145718
0.146235
0.146623
0.14139
0.142447
0.142299
0.144416
0.137055
0.147821
0.144658
0.14041
0.136186
0.141667
0.142299
0.143635
0.143351
0.143147
0.13893
0.128016
0.144819
0.146347
0.133297
0.149043
0.141022
0.133918
0.150068
0.132376
0.134725
0.146198
0.142862
0.136964
0.130833
0.137164
0.146113
0.141814
0.145218
0.147191
0.147527
0.14149
0.13769
0.146104
0.142379
0.143894
0.142331
0.136542
0.143918
0.146362
0.138437
0.133657
0.148046
0.146913
0.139701
0.143337
0.144485
0.137499
0.14073