0.132679
0.142877
0.144739
0.145718
0.14084
0.147548
0.154126
0.154334
0.14527
0.14601
0.161479
0.161123
0.162045
0.175939
0.167554
0.168443
0.169755
0.167305
0.175841
0.173278
0.177954
0.182218
0.1743
0.173381
0.174105
0.169482
0.161149
0.158686
0.163085
0.151847
0.159983
0.15417
0.156825
0.158105
0.155623
0.140197
0.160683
0.14414
0.154949
0.137075
0.145878
0.140953
0.158142
0.150194
0.145789
0.145613
0.152627
0.144435
0.148797
0.142271
0.140499
0.142113
0.147541
0.141493
0.14387
0.142351
0.140602
0.150848
0.152458
0.14267
0.137541
0.137547
0.142202
0.14163
0.143912
0.149169
0.142555
0.150104
0.145295
0.146201
0.140788
0.149465
0.147081
0.149807
0.143225
0.1409
0.13886
0.142147
0.148837
0.14336
0.142776
0.140653
0.14492
0.146124
0.14294
0.149324
0.144808
0.135274
0.14127
0.144277
0.138923
0.140769
0.155944
0.143978
0.133234
0.142477
0.143222
0.14242
0.144446
0.137591