0.144059
0.144403
0.142804
0.143359
0.143129
0.15536
0.154142
0.161373
0.15149
0.15101
0.157103
0.163531
0.152409
0.172217
0.162564
0.173492
0.178606
0.178446
0.180871
0.188318
0.177932
0.188079
0.182235
0.162816
0.182923
0.174386
0.166094
0.156306
0.158225
0.156525
0.157084
0.159031
0.150338
0.150874
0.156811
0.147754
0.146494
0.151583
0.153151
0.142402
0.144511
0.144212
0.15426
0.14233
0.147777
0.151549
0.139283
0.134055
0.147111
0.148148
0.1436
0.141536
0.140721
0.141193
0.138996
0.142645
0.149225
0.138997
0.142704
0.141765
0.150886
0.145821
0.14304
0.143312
0.13477
0.147633
0.141856
0.145382
0.142338
0.141509
0.145718
0.150468
0.142901
0.149283
0.141303
0.133802
0.136258
0.133526
0.141721
0.129157
0.142353
0.130859
0.141683
0.133223
0.139094
0.134872
0.147329
0.140157
0.140661
0.146851
0.14144
0.140494
0.156476
0.14434
0.146167
0.145795
0.150764
0.15243
0.139359
0.150621