0.146879
0.150393
0.145254
0.148595
0.152454
0.15132
0.148376
0.145798
0.152171
0.141996
0.163731
0.15886
0.154182
0.171486
0.160373
0.173018
0.17352
0.174913
0.181179
0.183297
0.172149
0.18751
0.184636
0.170173
0.178715
0.182539
0.162671
0.163788
0.163002
0.159598
0.157782
0.142374
0.159892
0.156021
0.161134
0.147664
0.153707
0.156329
0.139636
0.150828
0.142943
0.153018
0.156968
0.143654
0.151765
0.145996
0.143651
0.146461
0.144905
0.151561
0.15162
0.14322
0.128817
0.140445
0.14321
0.143616
0.156145
0.151312
0.135001
0.142306
0.144114
0.137562
0.147403
0.145617
0.143407
0.144357
0.144083
0.147774
0.134291
0.14627
0.145904
0.147772
0.141473
0.139129
0.135535
0.138806
0.135457
0.140699
0.139143
0.151353
0.140805
0.138877
0.134096
0.140722
0.143316
0.131849
0.136457
0.129805
0.135467
0.144783
0.146499
0.135608
0.147385
0.140726
0.142635
0.145206
0.140382
0.145819
0.145659
0.139197