0.143036
0.147636
0.147109
0.143368
0.145227
0.15096
0.142385
0.159528
0.155955
0.153575
0.156518
0.166857
0.167264
0.157978
0.16996
0.162444
0.181231
0.180258
0.170238
0.186005
0.176395
0.178189
0.18726
0.177623
0.17821
0.187533
0.16748
0.168448
0.162058
0.163831
0.165277
0.162486
0.150921
0.15226
0.151528
0.149327
0.149339
0.139162
0.149394
0.152253
0.146326
0.137394
0.147462
0.151011
0.145365
0.148478
0.142937
0.155285
0.138902
0.145388
0.142132
0.146585
0.140406
0.14467
0.142527
0.141989
0.143405
0.139025
0.140192
0.143459
0.136753
0.140206
0.136506
0.139646
0.135058
0.137549
0.149792
0.139317
0.139893
0.137928
0.141753
0.141323
0.143855
0.135486
0.140407
0.146003
0.139809
0.144142
0.143252
0.145167
0.142663
0.139668
0.144082
0.129909
0.14137
0.142716
0.14113
0.133584
0.136347
0.145103
0.146508
0.137633
0.151731
0.14189
0.153513
0.149681
0.141353
0.146088
0.13897
0.142773