0.143393
0.148997
0.147587
0.149236
0.151394
0.146962
0.15401
0.153362
0.149353
0.155258
0.152986
0.169701
0.166963
0.162469
0.167052
0.16818
0.189577
0.167712
0.17242
0.182715
0.185684
0.175352
0.174559
0.17235
0.174458
0.168622
0.15864
0.166125
0.156933
0.157913
0.153828
0.15087
0.15745
0.156443
0.148026
0.149489
0.150029
0.144732
0.145999
0.150705
0.147856
0.144361
0.142746
0.152558
0.148347
0.139797
0.140939
0.147691
0.146287
0.139698
0.142445
0.140043
0.137862
0.146089
0.149131
0.142116
0.1445
0.148363
0.143702
0.143381
0.145431
0.147851
0.142612
0.133123
0.151003
0.141872
0.142375
0.147397
0.145671
0.143007
0.144732
0.146802
0.150891
0.147911
0.134611
0.139711
0.13367
0.135173
0.137812
0.143922
0.139597
0.141414
0.148866
0.142138
0.139823
0.149294
0.140037
0.136654
0.144367
0.12997
0.143331
0.144969
0.152094
0.147362
0.145377
0.137347
0.147249
0.141221
0.14094
0.146926