0.147639
0.150679
0.142489
0.141635
0.143159
0.148703
0.149417
0.157861
0.155501
0.156212
0.168309
0.170266
0.170926
0.172625
0.16525
0.163212
0.178765
0.171165
0.177618
0.179807
0.179618
0.178178
0.175134
0.157492
0.175858
0.176229
0.163609
0.168669
0.159582
0.162725
0.162366
0.157108
0.15433
0.158879
0.142663
0.148608
0.146319
0.150075
0.151746
0.14551
0.143916
0.145158
0.148862
0.148244
0.14811
0.150086
0.149684
0.142575
0.144521
0.147269
0.135319
0.138869
0.138221
0.146548
0.143694
0.144596
0.139649
0.142488
0.145401
0.139121
0.147437
0.14729
0.154273
0.140444
0.140049
0.135979
0.133786
0.133172
0.145814
0.137454
0.148094
0.136062
0.146051
0.152526
0.14278
0.13645
0.133993
0.148378
0.141357
0.136044
0.150095
0.146548
0.146371
0.151016
0.142688
0.146381
0.140376
0.135386
0.146322
0.135015
0.141723
0.148007
0.143079
0.137955
0.145435
0.14946
0.135261
0.135871
0.136661
0.140649