0.140268
0.147124
0.144386
0.147771
0.143744
0.144233
0.152059
0.154372
0.154403
0.154936
0.154534
0.163046
0.152405
0.167622
0.161899
0.171218
0.175117
0.182235
0.183838
0.176034
0.179464
0.178907
0.182896
0.171103
0.185856
0.177739
0.160587
0.160674
0.166268
0.150819
0.167668
0.151523
0.154462
0.153147
0.146875
0.145999
0.151812
0.154655
0.141896
0.149726
0.143739
0.143366
0.149502
0.135752
0.156474
0.145709
0.144702
0.144463
0.148383
0.142594
0.144696
0.1439
0.149364
0.144538
0.147365
0.142049
0.145843
0.142734
0.140211
0.143566
0.141285
0.141348
0.141022
0.129352
0.141195
0.151661
0.140583
0.133771
0.141898
0.14811
0.151597
0.140672
0.140288
0.142765
0.142754
0.143129
0.140596
0.139734
0.15091
0.143517
0.148426
0.145228
0.141426
0.147535
0.138548
0.143515
0.137883
0.131554
0.138924
0.149523
0.147408
0.144248
0.145607
0.139394
0.140319
0.143347
0.145545
0.140519
0.143004
0.139593