0.141002
0.152354
0.1475
0.154147
0.147022
0.160364
0.159295
0.1604
0.156209
0.151936
0.162884
0.172576
0.164654
0.165699
0.165031
0.17155
0.171653
0.175684
0.173913
0.183527
0.158234
0.174271
0.173465
0.174109
0.167324
0.181108
0.161521
0.166762
0.163992
0.155166
0.16036
0.163171
0.162231
0.156593
0.138717
0.146264
0.143593
0.152439
0.144455
0.139135
0.151353
0.135029
0.143353
0.146428
0.150894
0.145072
0.14486
0.148276
0.147892
0.150831
0.142001
0.145927
0.143888
0.142703
0.144385
0.150361
0.141394
0.133901
0.136703
0.145532
0.152533
0.137817
0.136794
0.139774
0.145623
0.135611
0.140251
0.141617
0.147041
0.145651
0.144298
0.139298
0.151726
0.144829
0.136203
0.147676
0.13932
0.135373
0.143001
0.143093
0.144224
0.139829
0.142559
0.149875
0.139968
0.145552
0.142823
0.14762
0.142118
0.145385
0.134526
0.139821
0.138036
0.142066
0.137547
0.144931
0.138251
0.140277
0.14598
0.139993