0.145451
0.142076
0.148646
0.146314
0.150081
0.155334
0.142875
0.1618
0.147322
0.152554
0.159815
0.163252
0.160677
0.164516
0.155357
0.166681
0.195304
0.17251
0.180582
0.187458
0.177118
0.174261
0.178466
0.1709
0.183087
0.160988
0.168815
0.158258
0.158371
0.160125
0.154371
0.155969
0.158198
0.158821
0.150618
0.147406
0.158091
0.149727
0.14533
0.144468
0.153456
0.149081
0.139981
0.148123
0.145367
0.143957
0.146313
0.146332
0.140956
0.139801
0.137622
0.138674
0.139836
0.150488
0.147761
0.149385
0.137529
0.137167
0.147337
0.141876
0.137735
0.144737
0.143508
0.135355
0.152561
0.144673
0.136634
0.143519
0.143966
0.154292
0.15262
0.139046
0.142991
0.150255
0.134844
0.128801
0.141809
0.135837
0.147942
0.142339
0.144153
0.138167
0.143961
0.140269
0.145773
0.144836
0.138361
0.151224
0.140042
0.14405
0.14491
0.144698
0.139774
0.150267
0.13963
0.137503
0.138921
0.147714
0.139711
0.13954