0.146995
0.150145
0.144403
0.148054
0.151556
0.146799
0.152453
0.155727
0.154467
0.15278
0.155568
0.159622
0.16103
0.171595
0.158561
0.166963
0.175989
0.178412
0.185354
0.186498
0.185959
0.179693
0.176003
0.164208
0.172274
0.166797
0.170499
0.153152
0.169238
0.154422
0.159576
0.162151
0.158677
0.155965
0.15302
0.15342
0.143711
0.147054
0.140412
0.145468
0.141985
0.137695
0.15133
0.151536
0.142662
0.148469
0.140425
0.139684
0.142452
0.13803
0.136378
0.145055
0.139616
0.137439
0.136321
0.138552
0.146104
0.143422
0.138191
0.142373
0.145989
0.142295
0.139375
0.140248
0.141687
0.135034
0.144563
0.145921
0.136178
0.140384
0.140743
0.138504
0.140444
0.141162
0.144763
0.143499
0.140621
0.140904
0.149234
0.141984
0.142996
0.147505
0.161525
0.149777
0.141903
0.141191
0.146303
0.143894
0.13989
0.154132
0.140029
0.138343
0.147277
0.14786
0.146224
0.154358
0.146791
0.146406
0.139024
0.138643