0.141082
0.14395
0.147727
0.145911
0.144572
0.146365
0.150197
0.148544
0.155895
0.153554
0.155568
0.169038
0.16729
0.165755
0.157685
0.171144
0.181483
0.172643
0.176371
0.185133
0.180584
0.179704
0.184671
0.16691
0.177404
0.180446
0.172838
0.16991
0.152162
0.157664
0.156985
0.157196
0.157677
0.150092
0.151973
0.143504
0.145456
0.148383
0.145862
0.150591
0.143662
0.139395
0.14189
0.145092
0.142465
0.152532
0.144203
0.139321
0.143541
0.145525
0.151115
0.143293
0.139587
0.1406
0.148304
0.138014
0.14958
0.140212
0.138748
0.137839
0.157253
0.151572
0.139063
0.149368
0.140539
0.138525
0.133898
0.151702
0.144703
0.141397
0.138254
0.142866
0.13921
0.13886
0.135992
0.140602
0.145425
0.136912
0.146575
0.143154
0.140267
0.14517
0.145566
0.135025
0.139998
0.143442
0.143217
0.147946
0.142699
0.143055
0.148023
0.144401
0.149589
0.145867
0.139605
0.142066
0.146121
0.145857
0.1429
0.138475