0.143986
0.145651
0.140257
0.143944
0.143777
0.147185
0.146259
0.156385
0.164437
0.15841
0.159399
0.159586
0.160957
0.171144
0.176719
0.160921
0.190074
0.177468
0.171125
0.187158
0.170952
0.185724
0.172734
0.16646
0.177024
0.172692
0.165548
0.165394
0.163929
0.158284
0.155333
0.164534
0.155936
0.143229
0.149018
0.15039
0.154392
0.15782
0.14636
0.158207
0.147857
0.141722
0.140473
0.150883
0.141978
0.150138
0.138713
0.15142
0.148836
0.137599
0.143289
0.142285
0.144558
0.140555
0.144321
0.137676
0.139736
0.139714
0.135564
0.145869
0.148845
0.146261
0.139263
0.14131
0.138855
0.142077
0.141598
0.143839
0.147914
0.140029
0.150668
0.147631
0.136439
0.140876
0.144094
0.141046
0.139996
0.151205
0.13336
0.149488
0.140828
0.137172
0.15228
0.143336
0.137899
0.139561
0.150504
0.135482
0.133928
0.13653
0.146138
0.139309
0.145128
0.13896
0.141774
0.140875
0.150516
0.142176
0.149724
0.131101