0.148163
0.144068
0.140532
0.16049
0.139558
0.141999
0.15966
0.15907
0.153753
0.159916
0.159742
0.165791
0.159392
0.176139
0.16985
0.177876
0.172342
0.182295
0.179112
0.173889
0.185357
0.184253
0.176977
0.172
0.181599
0.175491
0.173827
0.16651
0.161777
0.162238
0.163539
0.15902
0.162478
0.153847
0.139501
0.162922
0.151711
0.152472
0.148983
0.139459
0.143584
0.143423
0.133581
0.146251
0.148923
0.142037
0.140919
0.148024
0.133768
0.144252
0.133539
0.153457
0.144133
0.144426
0.14112
0.144223
0.148992
0.142895
0.145138
0.13976
0.143085
0.142829
0.131779
0.132199
0.142691
0.146447
0.135316
0.144265
0.144647
0.140885
0.153169
0.1376
0.141077
0.151444
0.146643
0.147153
0.136322
0.137544
0.128753
0.144682
0.139396
0.149562
0.145378
0.137649
0.141554
0.142578
0.139062
0.131719
0.140801
0.13957
0.138763
0.139449
0.140614
0.141704
0.137381
0.148378
0.145659
0.137475
0.140665
0.134067