0.1408
0.140487
0.144186
0.142473
0.154198
0.150008
0.149843
0.15758
0.154912
0.156522
0.161304
0.159138
0.154675
0.164095
0.174029
0.160289
0.1735
0.167406
0.1702
0.173932
0.1753
0.177346
0.183372
0.174575
0.17804
0.178384
0.161865
0.159491
0.160924
0.162401
0.159083
0.160331
0.154857
0.156703
0.161204
0.146696
0.144148
0.151591
0.146815
0.149025
0.148887
0.146363
0.154993
0.144212
0.142163
0.143074
0.143132
0.138858
0.147229
0.138553
0.143569
0.149144
0.14261
0.136697
0.145397
0.141464
0.139468
0.139999
0.147224
0.147903
0.142389
0.143216
0.144934
0.142123
0.136036
0.147074
0.144936
0.151878
0.14085
0.143877
0.142617
0.149023
0.147693
0.144533
0.137483
0.141911
0.130024
0.138125
0.153427
0.14278
0.14433
0.145706
0.140985
0.152092
0.139176
0.137632
0.143178
0.141407
0.136713
0.135377
0.138371
0.145449
0.141501
0.152739
0.145708
0.14855
0.145263
0.143064
0.148387
0.136775