0.148837
0.145388
0.141326
0.156545
0.147966
0.160464
0.147399
0.151612
0.158739
0.16436
0.153306
0.156716
0.158723
0.172962
0.172197
0.178321
0.18787
0.18078
0.181747
0.181935
0.182503
0.176435
0.171323
0.173589
0.180946
0.171026
0.159522
0.167867
0.163723
0.170497
0.146646
0.151378
0.16441
0.154551
0.150466
0.144503
0.148459
0.148071
0.143365
0.153855
0.139857
0.139058
0.15723
0.148631
0.150045
0.145795
0.135757
0.138314
0.140757
0.136894
0.143854
0.137261
0.146833
0.143948
0.14054
0.141764
0.134153
0.136358
0.137596
0.135127
0.137031
0.137982
0.130688
0.138617
0.142789
0.136865
0.138588
0.143345
0.144402
0.138886
0.154814
0.147079
0.14227
0.149493
0.143242
0.143099
0.136632
0.139243
0.152246
0.146134
0.148264
0.145843
0.147441
0.1416
0.149634
0.152702
0.142756
0.14502
0.136333
0.141897
0.137882
0.14241
0.136642
0.141439
0.136327
0.140729
0.143642
0.148217
0.1388
0.138877