0.147552
0.139815
0.13922
0.144451
0.142466
0.150197
0.155446
0.168046
0.167235
0.149162
0.164984
0.167944
0.166485
0.160672
0.167542
0.159315
0.189472
0.172493
0.17576
0.187124
0.180081
0.180905
0.173524
0.169755
0.184076
0.170934
0.173444
0.165618
0.161217
0.159185
0.161345
0.164441
0.16472
0.145665
0.148637
0.145982
0.152012
0.151964
0.140397
0.159425
0.143617
0.139905
0.144816
0.14939
0.150871
0.143124
0.148968
0.145567
0.149714
0.147011
0.151058
0.14842
0.138178
0.139131
0.135899
0.144146
0.150608
0.138856
0.140678
0.135012
0.14359
0.138534
0.135121
0.139629
0.136478
0.138771
0.1464
0.132883
0.139214
0.143517
0.13647
0.14418
0.136854
0.135458
0.138898
0.149021
0.146328
0.140848
0.128174
0.142459
0.139649
0.139682
0.147258
0.137744
0.143204
0.145329
0.133628
0.143673
0.14518
0.142082
0.144327
0.149297
0.143215
0.141138
0.148516
0.144247
0.140924
0.142451
0.141152
0.140805