0.141262
0.135409
0.142482
0.141949
0.14656
0.144143
0.15876
0.152012
0.153734
0.149939
0.162625
0.16385
0.164229
0.158764
0.162184
0.161154
0.195344
0.173996
0.169644
0.192172
0.173933
0.168416
0.180665
0.177253
0.176594
0.182808
0.160721
0.169155
0.158557
0.175409
0.170467
0.158978
0.153519
0.157642
0.150717
0.150815
0.154783
0.142771
0.150341
0.142638
0.136904
0.148857
0.144697
0.149209
0.14566
0.14673
0.136335
0.139871
0.152473
0.140812
0.148863
0.145528
0.138355
0.156477
0.150262
0.1473
0.136685
0.149521
0.144822
0.14074
0.138865
0.143971
0.137049
0.132719
0.149425
0.143828
0.141826
0.135578
0.136679
0.145213
0.139066
0.149682
0.147149
0.149108
0.144001
0.134638
0.140187
0.140183
0.143184
0.139461
0.14429
0.145264
0.146788
0.151816
0.144592
0.142667
0.147048
0.139172
0.143289
0.144914
0.136668
0.144083
0.137781
0.140294
0.134474
0.13423
0.146682
0.14275
0.14241
0.13248