0.145027
0.144525
0.140304
0.146905
0.143616
0.150628
0.144999
0.155327
0.154332
0.154371
0.159167
0.163283
0.164397
0.162586
0.171061
0.168962
0.174511
0.180296
0.176495
0.182116
0.170494
0.17553
0.173975
0.165467
0.174122
0.165197
0.170959
0.154245
0.162548
0.162475
0.162641
0.150887
0.159298
0.148798
0.148381
0.145834
0.148975
0.145333
0.149242
0.159085
0.140278
0.143173
0.160114
0.145002
0.151232
0.154214
0.140648
0.149801
0.148375
0.145017
0.146349
0.140089
0.148493
0.140602
0.142996
0.148269
0.139957
0.139691
0.143661
0.148743
0.146008
0.144204
0.141745
0.147206
0.147686
0.142193
0.138824
0.141796
0.144273
0.14611
0.152602
0.137361
0.142509
0.142165
0.13422
0.136406
0.132296
0.135912
0.147744
0.153866
0.146757
0.149427
0.142052
0.148861
0.142586
0.143608
0.134114
0.136609
0.132985
0.145336
0.14703
0.14445
0.131806
0.138716
0.141575
0.146199
0.138469
0.146028
0.147288
0.147882