0.143037
0.144261
0.149713
0.138692
0.146958
0.155128
0.154897
0.15477
0.150445
0.159993
0.16399
0.154441
0.163815
0.168769
0.164297
0.170093
0.173699
0.173362
0.169692
0.182863
0.179126
0.182842
0.190333
0.171363
0.176714
0.186415
0.163214
0.171226
0.163971
0.163741
0.162945
0.170396
0.160099
0.157039
0.150118
0.152178
0.150989
0.154911
0.15236
0.143231
0.146727
0.146234
0.150849
0.152725
0.143923
0.139592
0.144526
0.144841
0.146405
0.14809
0.144548
0.137534
0.14274
0.143368
0.143406
0.142376
0.140356
0.139811
0.142253
0.143064
0.144075
0.146483
0.135655
0.136076
0.129712
0.143036
0.133322
0.135554
0.142096
0.134048
0.138034
0.132936
0.144895
0.136462
0.13757
0.131803
0.142126
0.138847
0.137394
0.139032
0.137723
0.149987
0.144666
0.145905
0.147232
0.149202
0.141554
0.14524
0.137221
0.143948
0.147083
0.145887
0.144997
0.137249
0.142895
0.145782
0.138221
0.14217
0.142621
0.14177