0.14233
0.148986
0.141346
0.136908
0.154019
0.157029
0.15602
0.15477
0.162762
0.144418
0.159364
0.161529
0.147287
0.170096
0.166596
0.176639
0.172318
0.17904
0.166826
0.189869
0.181898
0.176701
0.173389
0.168781
0.170993
0.165989
0.165229
0.159606
0.16638
0.158764
0.157335
0.155753
0.150132
0.145234
0.15093
0.148606
0.159978
0.149625
0.141844
0.147035
0.1399
0.137437
0.148897
0.149626
0.14273
0.149101
0.14869
0.139612
0.140785
0.140604
0.14065
0.136566
0.14376
0.139933
0.141983
0.145085
0.144977
0.147993
0.137338
0.142299
0.142775
0.143934
0.141147
0.148641
0.140694
0.146896
0.144502
0.139819
0.144131
0.147819
0.144725
0.145855
0.144541
0.144005
0.14073
0.147529
0.148388
0.138951
0.141327
0.150288
0.148429
0.150509
0.144426
0.139608
0.140963
0.141639
0.143703
0.144182
0.140381
0.143145
0.145458
0.142539
0.144802
0.147394
0.139512
0.14081
0.142454
0.144224
0.146346
0.142463