0.135719
0.152349
0.143381
0.141431
0.150685
0.146408
0.149315
0.155802
0.15265
0.157282
0.160027
0.158811
0.165943
0.173308
0.159361
0.169579
0.17483
0.176874
0.181571
0.186982
0.186438
0.178826
0.182339
0.17002
0.170388
0.170401
0.164751
0.161115
0.158624
0.160204
0.159347
0.164124
0.151546
0.149987
0.143498
0.150095
0.150102
0.153386
0.155203
0.138303
0.143199
0.152266
0.145013
0.153798
0.142015
0.141545
0.140996
0.147841
0.146319
0.152215
0.141314
0.147547
0.14157
0.136938
0.141769
0.144892
0.139172
0.143566
0.140495
0.143095
0.145982
0.138308
0.135626
0.139579
0.146661
0.147201
0.139977
0.141082
0.137702
0.132916
0.140749
0.139368
0.140733
0.139766
0.147511
0.141864
0.141736
0.141057
0.14128
0.142859
0.147332
0.13982
0.1463
0.153879
0.140089
0.148941
0.141656
0.135343
0.144729
0.142986
0.145673
0.146624
0.145575
0.145226
0.142566
0.14609
0.138729
0.141891
0.143963
0.144059