0.140757
0.145802
0.142722
0.147168
0.151999
0.14899
0.1473
0.154573
0.161048
0.162534
0.156024
0.157573
0.14966
0.168878
0.166321
0.159326
0.181779
0.176662
0.171366
0.191558
0.178693
0.178891
0.17473
0.171663
0.185411
0.166795
0.160673
0.170237
0.173807
0.158452
0.165896
0.16863
0.158991
0.163345
0.148353
0.143158
0.149984
0.158056
0.138822
0.142503
0.150784
0.150635
0.146218
0.148663
0.151216
0.15241
0.144223
0.146482
0.142008
0.143676
0.142495
0.144165
0.13684
0.135431
0.143661
0.149673
0.145345
0.144627
0.149054
0.153741
0.147248
0.144495
0.133864
0.138475
0.135257
0.151055
0.145208
0.140896
0.141859
0.142664
0.141531
0.137174
0.140895
0.14263
0.138242
0.142146
0.13347
0.143574
0.143093
0.13992
0.146464
0.138815
0.13584
0.140078
0.142833
0.141014
0.149038
0.134345
0.138634
0.136574
0.15001
0.141979
0.13477
0.137606
0.142658
0.136106
0.141875
0.135367
0.150041
0.141783