0.140338
0.132523
0.137899
0.144346
0.148197
0.150779
0.150258
0.147733
0.159518
0.146006
0.155723
0.16632
0.154195
0.168364
0.165556
0.160445
0.178672
0.178393
0.169584
0.175972
0.187467
0.171486
0.184476
0.171034
0.177302
0.171254
0.170809
0.162367
0.165993
0.155362
0.164562
0.148679
0.153963
0.155393
0.148331
0.156074
0.153055
0.152593
0.153566
0.156627
0.143129
0.141782
0.159906
0.150566
0.153777
0.148246
0.136225
0.145577
0.152159
0.135946
0.141728
0.145604
0.142988
0.144915
0.145231
0.142924
0.143818
0.146457
0.140409
0.13863
0.134663
0.135374
0.141245
0.142529
0.137818
0.142143
0.150491
0.151613
0.137997
0.134833
0.141696
0.139763
0.138684
0.137065
0.131342
0.146039
0.136041
0.14886
0.146536
0.148771
0.153959
0.1404
0.143266
0.142337
0.146918
0.144698
0.152084
0.139631
0.138658
0.146007
0.142579
0.14407
0.141115
0.156596
0.146816
0.145282
0.134836
0.140399
0.140464
0.145147