0.14367
0.143847
0.148466
0.14415
0.148775
0.149331
0.163227
0.158609
0.152827
0.152208
0.168723
0.15961
0.170648
0.171224
0.169766
0.172238
0.178938
0.173214
0.182308
0.190485
0.170584
0.180734
0.180842
0.157472
0.181588
0.173766
0.181433
0.168904
0.159732
0.156943
0.163878
0.16078
0.160842
0.156653
0.150852
0.143601
0.142625
0.149791
0.1469
0.135453
0.138893
0.145139
0.144597
0.14858
0.147437
0.153067
0.142762
0.137084
0.134235
0.146186
0.141225
0.144343
0.142265
0.144862
0.144656
0.143782
0.152458
0.140081
0.137172
0.139466
0.13827
0.143299
0.132192
0.149827
0.142395
0.142482
0.144372
0.13954
0.147609
0.142633
0.147249
0.136379
0.144897
0.147571
0.13577
0.136497
0.144015
0.133079
0.146414
0.145372
0.136498
0.140572
0.137209
0.136782
0.142552
0.134626
0.14006
0.137303
0.140331
0.145488
0.135976
0.141494
0.149938
0.144891
0.138956
0.140346
0.143567
0.148242
0.14831
0.143065