0.143805
0.141085
0.14138
0.151908
0.146843
0.151078
0.159919
0.152858
0.164854
0.155395
0.15364
0.159651
0.175037
0.17251
0.167783
0.162369
0.183286
0.181498
0.178847
0.171157
0.186858
0.178978
0.16479
0.171294
0.173229
0.18045
0.168732
0.171067
0.159223
0.154586
0.164522
0.154771
0.162254
0.161071
0.149246
0.149286
0.153114
0.15022
0.149134
0.144363
0.148921
0.141115
0.147548
0.156679
0.14481
0.145685
0.150908
0.146541
0.138777
0.140795
0.135415
0.139342
0.141514
0.140085
0.146216
0.153262
0.152255
0.146616
0.142145
0.135744
0.144291
0.144894
0.137418
0.135646
0.143668
0.141435
0.141259
0.144906
0.140872
0.144795
0.144719
0.14746
0.138678
0.142655
0.140057
0.131746
0.1385
0.13982
0.142469
0.144428
0.14122
0.136294
0.139017
0.138265
0.13268
0.141891
0.143517
0.133006
0.13524
0.145106
0.145207
0.139313
0.139019
0.143614
0.145786
0.138131
0.144757
0.145848
0.142497
0.143413