0.142294
0.151828
0.146604
0.140968
0.154977
0.149188
0.146402
0.151732
0.155214
0.147115
0.15912
0.158784
0.162681
0.16527
0.168934
0.167585
0.177739
0.177989
0.171865
0.185372
0.18287
0.171605
0.171524
0.170677
0.168019
0.17826
0.173847
0.168262
0.163561
0.171511
0.163875
0.1565
0.154595
0.146566
0.144375
0.140216
0.149824
0.152542
0.144695
0.15124
0.142614
0.148787
0.151679
0.155431
0.149004
0.149675
0.140847
0.135612
0.142164
0.138834
0.136186
0.134801
0.134644
0.137261
0.147183
0.141181
0.145611
0.145453
0.153425
0.144944
0.138954
0.137252
0.136305
0.143268
0.142786
0.153373
0.146491
0.150311
0.140507
0.141584
0.141471
0.146273
0.140336
0.134918
0.139257
0.143117
0.130482
0.139436
0.143171
0.14048
0.140458
0.147446
0.147234
0.145874
0.145726
0.142695
0.149117
0.147047
0.144555
0.142973
0.148837
0.137402
0.136886
0.150195
0.136647
0.143751
0.152982
0.142243
0.148606
0.137993