3306596916
1899943525
554498835
1181536010
2290301378
2657889161
2290219694
492205752
2059738838
2122172867
3279109567
928858458
350441482
3863521847
2100499089
1414458741
4127409690
1256275883
3626781280
1374787052
1954259396
855781937
2270756044
3258145833
1038926578
591237904
2570397594
1919232818
4247279602
2417519933
1606435776
915687353
2938118875
2480359621
1790667395
2168664955
1600387629
2936710025
25394752
600407454
2408373361
2714196797
3426332861
2045361284
3121275680
302322680
2163146585
3873732245
2295312716
2442918222
3002994909
1082788353
3038382301
230143519
3893734110
2087016359
2115945497
2706710245
3099217273
2564992007
4123821953
1385054429
533497688
403301279
1053550888
4256901616
702708983
3243177661
4220309218
1347334306
2003065616
3452493775
1987591743
1246416198
1889198824
2533127888
3380974846
2779270969
1501615293
2553619948
4050194380
309647759
3663566501
2064031743
1720364397
3508745804
3372767862
471051277
2793152823
238116445
3651347591
1498855277
1194310302
1148744921
1297545151
3687921993
2229667763
987834546
699736795
2927533801
