0.0737446
0.17229
0.0233035
0.0826214
0.238779
0.0204958
0.523627
0.166755
0.309839
0.0454322
0.0206223
0.494526
0.0522962
0.0573205
0.616868
0.194116
0.19961
0.0659182
0.122239
0.229702
0.168567
0.801457
0.697546
0.493333
0.586938
0.134667
0.236147
0.609417
0.194905
0.270779
0.0721887
0.0609482
0.01625
0.0362366
0.103951
0.0824432
0.0285713
0.0335246
0.0177974
0.304424
0.00720741
0.0454754
0.226361
0.167583
0.302911
0.0764886
0.0248746
0.0699485
0.0560332
0.0616826
0.00430075
0.0521555
0.137791
0.0298648
0.00714617
0.00474792
0.0112998
0.0602795
0.0860474
0.102717
0.0342808
0.139142
0.0252382
0.0539917
0.05817
0.0270565
0.0243705
0.0483297
0.140304
0.337179
0.0865793
0.00416467
0.533731
0.0303455
0.148824
0.0207673
0.0243692
0.156647
0.148591
0.0186503
0.172917
0.257033
0.0793577
0.00693332
0.0439593
0.0569074
0.0207504
0.463328
0.0786188
0.00833678
0.0397257
0.360646
0.0273439
0.648848
0.00728998
0.0843079
0.0278204
0.292052
0.0504536
0.0175264