0.00421172
0.0371544
0.0908806
0.0540922
0.0847795
0.0210536
0.00288087
0.102317
0.0458596
0.137919
0.0209601
0.404285
0.285798
0.524694
0.444035
0.561509
0.201141
0.545431
0.0205382
0.21148
0.921294
0.0314216
0.942462
0.0376845
0.669295
0.478014
0.914888
0.23366
0.166733
0.521631
0.0013809
0.0158835
0.219369
0.00577825
0.617328
0.0801327
0.0674432
0.012368
0.0151728
0.180608
0.0197288
0.147662
0.0026413
0.00355005
0.0547699
0.0752872
0.0568115
0.15736
0.109403
0.148145
0.171425
0.0704397
0.00772733
0.0318288
0.00159574
0.0156481
0.30389
0.103659
0.00763336
0.464595
0.350965
0.00357753
0.0119117
0.0695561
0.0736207
0.00434654
0.00632686
0.0193283
0.190707
0.00832518
0.00103375
0.100427
0.0390389
0.00120765
0.00387557
0.0362207
0.00164605
0.181867
0.0345706
0.0141063
0.0266214
0.0171587
0.0216932
0.000528683
0.0542942
0.0245961
0.00582706
0.0329711
0.458457
0.219699
0.158773
0.00153821
0.0121561
0.0310149
0.0265388
0.775993
0.00900103
0.00543745
0.0315845
0.0460916