0.0218898
0.0701408
0.201475
0.0373239
0.00227937
0.00078501
0.342965
0.27114
0.0472858
0.0607847
0.125333
0.0957981
0.857053
0.120053
0.0563667
0.148289
0.760517
0.383175
0.768086
0.0155724
0.510739
0.278253
0.350338
0.739572
0.0834489
0.848024
0.0313012
0.105016
0.151682
0.00706874
0.128075
0.00671736
0.410268
0.196332
0.0188157
0.0341624
0.0522595
0.199833
0.211435
0.00963144
0.0673702
0.0345518
0.0242123
0.0109303
0.108125
0.701727
0.221692
0.0462418
0.333734
0.0218982
0.0974063
0.0133426
0.00530509
0.0112414
0.0334642
0.052948
0.0649828
0.0362946
0.584865
0.0614273
0.140403
0.0337947
0.245361
0.0315979
0.0182121
0.0575786
0.0299618
0.0184859
0.408685
0.00313838
0.400593
0.0549305
0.0166256
0.0419683
0.0139784
0.131852
0.00260344
0.0550793
0.151814
0.0204637
0.0968066
0.0190606
0.00878458
0.0437201
0.022012
0.0369857
0.111245
0.00465892
0.00326384
0.0820888
0.0023213
0.0135767
0.138267
0.180395
0.460088
0.0822601
0.0496045
0.0484442
0.386833
0.0414137