0.831164
0.141006
0.00574733
0.652048
0.501263
0.371312
0.12576
0.105599
0.0489679
0.218793
0.0174281
0.0944496
0.0677613
0.0280814
0.00183362
0.40778
0.168841
0.555171
0.839575
0.770875
0.926048
0.196308
0.893048
0.158009
0.249389
0.222702
0.0572016
0.132438
0.475979
0.521288
0.0974162
0.0151855
0.0052827
0.0130401
0.190581
0.0157078
0.156191
0.00161687
0.00405841
0.233074
0.0326465
0.00883666
0.00558709
0.0150739
0.092347
0.0166674
0.00951711
0.179648
0.0241281
0.0341258
0.0144624
0.125102
0.000830267
0.0185735
0.0156664
0.0315147
0.00195961
0.0845531
0.0425831
0.0274903
0.0248793
0.00153165
0.305668
0.0593692
0.0281751
0.141257
0.174913
0.867574
0.315811
0.0206733
0.0233355
0.00346714
0.257094
0.324147
0.00546861
0.0179179
0.0118475
0.0028718
0.0123453
0.00135134
0.0406821
0.131917
0.161806
0.0141027
0.0194086
0.100638
0.143226
0.0548896
0.00681739
0.0050197
0.0376131
0.00549325
0.00208167
0.0165815
0.0127373
0.08468
0.223038
0.0284788
0.00647712
0.00528121