0.0428836
0.178648
0.230416
0.0379043
0.164416
0.223871
0.0851231
0.0336506
0.0527884
0.00252489
0.243997
0.0549955
0.059628
0.183566
0.196593
0.562869
0.145348
0.548113
0.0685332
0.392102
0.367615
0.202255
0.0438025
0.108386
0.7379
0.133399
0.0390881
0.450272
0.323651
0.317958
0.675753
0.624505
0.0508649
0.399317
0.143049
0.150566
0.0877827
0.101252
0.00671224
0.365337
0.0219903
0.0154589
0.103355
0.810078
0.105677
0.0265359
0.0187567
0.586108
0.0251909
0.113707
0.0070457
0.0418519
0.00271608
0.0532392
0.00350334
0.00613769
0.0174149
0.00540898
0.00495115
0.386384
0.0368907
0.018657
0.129985
0.00430122
0.423311
0.00426251
0.0176678
0.00734206
0.469307
0.0480425
0.0313011
0.00834096
0.012123
0.00327161
0.00103595
0.224128
0.00643034
0.260764
0.00676998
0.304806
0.0101572
0.0219516
0.0946973
0.236822
0.090316
0.0258388
0.0305807
0.0156982
0.00445755
0.427337
0.060513
0.103753
0.0461677
0.000506633
0.37731
0.0538928
0.0669968
0.0499221
0.0645026
0.00689746