0.0144611
0.275473
0.0216917
0.109279
0.196638
0.030072
0.0364991
0.0316299
0.0325163
0.0420974
0.0991604
0.0831831
0.724825
0.110598
0.240077
0.773417
0.572657
0.415672
0.273253
0.663415
0.400823
0.219653
0.333785
0.729153
0.601417
0.0123356
0.842458
0.36534
0.0131309
0.42044
0.0521297
0.100863
0.0130893
0.0331483
0.00371657
0.180741
0.0342987
0.0962091
0.0637315
0.00237758
0.0399041
0.0172973
0.345241
0.05413
0.169979
0.0286337
0.132905
0.0373355
0.00946028
0.0265241
0.234516
0.037335
0.00718156
0.201573
0.00451275
0.000690323
0.00814866
0.00383526
0.0123396
0.135033
0.00787184
0.00796807
0.282304
0.658757
0.0301858
0.0932097
0.00186895
0.00382943
0.00282538
0.0323405
0.11379
0.000417887
0.00623211
0.0116712
0.00564748
0.0577391
0.00321746
0.021908
0.606595
0.0254354
0.0106273
0.103909
0.106348
0.0109286
0.413178
0.0255614
0.0732359
0.123192
0.0104796
0.381792
0.170433
0.0862213
0.0440289
0.0236035
0.0666944
0.0235901
0.0618932
0.246759
0.246514
0.0251658