0.494544
0.0792688
0.27906
0.455221
0.108377
0.132429
0.14967
0.00450307
0.0312925
0.0285012
0.0715335
0.0998896
0.724641
0.202961
0.0539406
0.241041
0.916056
0.218459
0.749755
0.0137811
0.33439
0.135358
0.223858
0.0236552
0.0172397
0.090217
0.0532512
0.0349433
0.0764416
0.0109946
0.0527465
0.135706
0.0811776
0.0882595
0.128562
0.0187344
0.169398
0.0394585
0.0113642
0.00524306
0.039828
0.049718
0.205689
0.0187134
0.0133535
0.245323
0.00838456
0.0375105
0.0170078
0.0151196
0.0203761
0.0952946
0.241441
0.00796057
0.12329
0.309756
0.0388922
0.00514162
0.0507522
0.0329583
0.584427
0.25192
0.0311855
0.368218
0.026906
0.0151338
0.478562
0.0675816
0.560528
0.0257149
0.0336252
0.124082
0.186773
0.7611
0.00958757
0.0865845
0.0208217
0.0871357
0.102926
0.00758767
0.103783
0.0855055
0.0236651
0.057312
0.00698218
0.0160449
0.0856302
0.0817608
0.0258122
0.0577903
0.00892722
0.0392894
0.231702
0.63761
0.334595
0.0198687
0.459819
0.256813
0.0484796
0.225778