0.383275
0.00147607
0.00723335
0.00772239
0.0735195
0.0201594
0.19667
0.103349
0.0542256
0.00571608
0.0062545
0.0649431
0.000661993
0.00297131
0.987019
0.0711847
0.0196741
0.0552974
0.882954
0.0160367
0.101191
0.0813043
0.281972
0.528446
0.503734
0.855835
0.0905574
0.719451
0.0249888
0.368513
0.278938
0.0810264
0.00010167
0.0326506
0.884772
0.00580506
0.00283656
0.000533383
0.00382753
0.00265724
0.00154259
0.831988
0.519121
0.00647095
0.0922982
0.0023779
0.106118
0.00246498
0.00283378
0.367896
0.941488
0.00732733
0.0191453
0.800729
0.00246092
0.0511101
0.0367474
0.00275794
0.00105459
0.0513702
0.00014933
0.0762634
0.00640834
0.000537113
0.014749
0.0479236
0.622915
0.00231568
0.436794
0.197109
0.00083071
0.00431162
0.00164109
0.0787694
0.00084645
0.0150587
0.0839884
0.000604177
0.112288
0.00492326
0.00140251
0.00357338
0.228728
0.00858627
0.972415
0.000768887
0.0132641
0.00115799
0.0246544
0.000944093
0.248237
0.00136455
0.0133124
0.00056361
0.0216342
0.000190907
0.0603765
0.0254473
0.00170822
0.0064577