0.0848946
0.205136
0.195021
0.0202403
0.0328757
0.0801418
0.0595688
0.0531117
0.085712
0.0399289
0.0476388
0.0496616
0.581422
0.00598864
0.569112
0.227699
0.267577
0.35144
0.629489
0.351056
0.430128
0.502562
0.0632033
0.457645
0.142653
0.133978
0.230969
0.505641
0.389301
0.321146
0.0951434
0.0551042
0.567909
0.0165839
0.16385
0.234349
0.00376291
0.0111671
0.0183739
0.283471
0.0287424
0.0646606
0.0687355
0.0303176
0.0126079
0.00387085
0.0189814
0.0327127
0.0113809
0.0137269
0.0244585
0.0780493
0.368215
0.00476707
0.102899
0.125784
0.383841
0.0108444
0.0937066
0.467102
0.254018
0.0599663
0.123877
0.0252908
0.0169493
0.0889845
0.0547176
0.293088
0.260831
0.104746
0.030633
0.185339
0.0341851
0.0147774
0.186663
0.118313
0.0492646
0.249664
0.095204
0.0262445
0.0147639
0.409559
0.0569062
0.0109123
0.397871
0.0115187
0.0315546
0.0662332
0.0666355
0.366525
0.199983
0.137909
0.0956754
0.0187119
0.0330916
0.065026
0.0511792
0.0600718
0.0151763
0.107878