0.0709562
0.623228
0.243012
0.118502
0.102333
0.0128183
0.0051818
0.0196583
0.0171931
0.0507768
0.0164202
0.348959
0.060497
0.0804553
0.314628
0.0753173
0.150506
0.0329452
0.0307296
0.276867
0.455536
0.207697
0.1196
0.501911
0.392004
0.446661
0.759477
0.787953
0.419931
0.0898712
0.0169801
0.143476
0.151483
0.0394418
0.26713
0.0296608
0.130817
0.0657732
0.014624
0.00467111
0.209
0.013866
0.457095
0.00989426
0.353799
0.0703497
0.192413
0.045405
0.0332551
0.0956344
0.141922
0.0205647
0.138755
0.0238791
0.56574
0.389819
0.0587244
0.133161
0.189705
0.133677
0.511551
0.060149
0.0269808
0.222484
0.135789
0.00851253
0.0464682
0.0197389
0.0890082
0.0516803
0.145682
0.0230892
0.0379914
0.023462
0.427344
0.109595
0.161262
0.141487
0.0184224
0.0836456
0.0129269
0.0063446
0.0887885
0.00597128
0.0812697
0.087407
0.0311726
0.00564955
0.0226957
0.189253
0.390687
0.0829009
0.182236
0.0210437
0.113917
0.00725459
0.0427574
0.204897
0.026284
0.0798578