0.173496
0.00457932
0.0831758
0.0788929
0.16508
0.0704155
0.326254
0.373441
0.0294748
0.0272495
0.169107
0.461775
0.13448
0.0369469
0.599845
0.809284
0.1731
0.863254
0.141882
0.174804
0.283785
0.688866
0.0490787
0.270316
0.367521
0.11008
0.20376
0.412658
0.60687
0.339337
0.226273
0.16741
0.0411673
0.11797
0.0598042
0.133574
0.0248364
0.0422145
0.284099
0.144517
0.449087
0.0203152
0.0259283
0.267537
0.320835
0.000427327
0.0326365
0.0182139
0.123245
0.383546
0.00985925
0.068736
0.101591
0.043122
0.0326962
0.00727306
0.316055
0.0209364
0.0283001
0.107107
0.0567656
0.0155354
0.0763158
0.0285783
0.00759922
0.0881337
0.0106317
0.0136785
0.0776327
0.00999706
0.0621445
0.0729524
0.0158935
0.59652
0.0161353
0.0376185
0.0580926
0.0377217
0.206106
0.0063035
0.0890665
0.0614198
0.0540738
0.042717
0.0862731
0.243024
0.139773
0.0608723
0.0049034
0.0379049
0.0479334
0.0621869
0.0223283
0.150134
0.142155
0.0149032
0.0102405
0.00568759
0.0212343
0.360689