0.361526
0.0709537
0.0210009
0.0169676
0.260003
0.303871
0.140064
0.168989
0.299804
0.0629751
0.0732807
0.0309338
0.36052
0.37183
0.0688536
0.0569936
0.0982087
0.626894
0.419386
0.445283
0.954936
0.714642
0.6692
0.178551
0.0264384
0.0202837
0.230408
0.361285
0.127006
0.669924
0.0128688
0.162283
0.134097
0.0178899
0.335396
0.0165363
0.089591
0.161159
0.0139088
0.116595
0.00751685
0.0106717
0.0345063
0.54639
0.0135114
0.115457
0.291715
0.0434389
0.0299854
0.340896
0.0592921
0.12718
0.0889947
0.0222546
0.187614
0.330261
0.00263356
0.0115747
0.0188121
0.0315853
0.0682475
0.00616344
0.122134
0.00169813
0.168124
0.0124231
0.0543458
0.0173036
0.030068
0.304218
0.0303079
0.0196658
0.00694976
0.0130028
0.062537
0.0678482
0.0231511
0.082061
0.00561975
0.0426579
0.121768
0.0644595
0.0804068
0.259541
0.0459876
0.260652
0.0272727
0.131916
0.16915
0.0136197
0.394394
0.0526039
0.0965134
0.343894
0.0137508
0.012049
0.0175578
0.0975685
0.0540396
0.0187005