0.010502
0.151001
0.0375722
0.0040297
0.0754209
0.0447619
0.00402146
0.134002
0.671851
0.403159
0.232223
0.00423758
0.890383
0.143461
0.0655839
0.414593
0.881668
0.308006
0.0825675
0.0393038
0.818051
0.119281
0.15217
0.404318
0.229019
0.0808357
0.542868
0.0137589
0.367074
0.203476
0.0212721
0.238558
0.0504501
0.29062
0.181896
0.0172231
0.344822
0.164362
0.0388215
0.00940746
0.0406791
0.0467714
0.378759
0.00150951
0.309803
0.00379449
0.00935151
0.0786693
0.0800041
0.0368085
0.00340092
0.0151201
0.148276
0.00597762
0.144479
0.00090193
0.00113185
0.0182614
0.0265731
0.0154551
0.133347
0.0238946
0.00286815
0.566046
0.15116
0.0247946
0.0153166
0.0561382
0.00703573
0.146612
0.00107369
0.0287254
0.143595
0.0268364
0.436243
0.0303979
0.0249505
0.00396397
0.00145439
0.0322293
0.0104435
0.0521234
0.463497
0.00220277
0.00280455
0.301333
0.00251119
0.44539
0.734642
0.009291
0.0277228
0.208524
0.132264
0.0612858
0.00924537
0.0910087
0.0440912
0.139892
0.136404
0.0162824