0.131415
0.0154397
0.309442
0.243734
0.02478
0.0426172
0.116239
0.0917259
0.305298
0.0207509
0.0796587
0.112948
0.100071
0.004992
0.062075
0.760409
0.127363
0.698102
0.285649
0.198821
0.503105
0.102045
0.927945
0.322776
0.134923
0.303718
0.672404
0.955422
0.165143
0.0508009
0.0833336
0.0188169
0.00812687
0.0500139
0.540565
0.178738
0.0111187
0.00109485
0.152793
0.0337391
0.0480948
0.0810794
0.0173669
0.00203327
0.0193374
0.869089
0.0142951
0.00280015
0.0183946
0.0586802
0.00643123
0.00035121
0.0063743
0.128721
0.00711932
0.0284183
0.00333459
0.011689
0.010372
0.435833
0.00234582
0.00115631
0.0318413
0.190956
0.254317
0.00510146
0.0244344
0.128838
0.0154647
0.0260145
0.180804
0.576573
0.0304986
0.00289943
0.098909
0.00932224
0.0103473
0.0115477
0.158576
0.00271692
0.015164
0.00238813
0.00739354
0.0192764
0.00321243
0.0398266
0.00380215
0.328203
0.00841532
0.0317761
0.153884
0.00340152
0.931153
0.154988
0.032243
0.678445
0.0110484
0.0236142
0.0681883
0.00294468