0.332314
0.00444085
0.212468
0.13322
0.00378519
0.333005
0.0337493
0.0772599
0.0070438
0.0279857
0.0279053
0.638516
0.637291
0.72516
0.539313
0.0693844
0.136426
0.0647057
0.265458
0.223991
0.437118
0.888359
0.365477
0.795441
0.236696
0.133861
0.134403
0.596843
0.193432
0.0333724
0.263105
0.37656
0.0705868
0.0368698
0.0327021
0.0312918
0.0413666
0.0251054
0.370537
0.00416068
0.0220202
0.047592
0.232269
0.08109
0.0105162
0.00722743
0.0703934
0.0250901
0.352686
0.0213209
0.00821894
0.0803335
0.0943342
0.000884237
0.208895
0.0410051
0.349256
0.0945437
0.139511
0.00779755
0.0931889
0.0666319
0.0605311
0.776088
0.232969
0.0357416
0.259742
0.0103863
0.0734283
0.0613684
0.0158678
0.0252836
0.00495234
0.0355514
0.0171623
0.0118224
0.069654
0.0404936
0.332423
0.166282
0.299727
0.0360853
0.0374462
0.00664541
0.254939
0.067452
0.0111137
0.00878099
0.0908039
0.0179806
0.0462762
0.117106
0.0386787
0.0330887
0.00785568
0.00771362
0.0169305
0.0455395
0.00423773
0.00633632