0.0782514
0.00292278
0.00751238
0.0740013
0.0504003
0.0827759
0.222306
0.0609598
0.293132
0.0394045
0.0572071
0.195831
0.413076
0.185248
0.0120778
0.908521
0.483081
0.123687
0.0324186
0.381715
0.60694
0.282469
0.0205041
0.120851
0.834276
0.393178
0.0807062
0.867243
0.017182
0.169514
0.156588
0.0198176
0.640287
0.042291
0.0528256
0.144248
0.0341327
0.500974
0.0036501
0.0795252
0.200353
0.00728352
0.0321832
0.134227
0.38151
0.217926
0.0129186
0.185048
0.0454121
0.00964189
0.0635038
0.0119674
0.016003
0.0310186
0.039038
0.511143
0.0213865
0.0830726
0.0229354
0.893011
0.0242939
0.102223
0.0547929
0.00629371
0.0252528
0.0115086
0.115867
0.016999
0.165882
0.46852
0.0288627
0.0214256
0.0116221
0.0246
0.146273
0.0480552
0.013909
0.0430865
0.115136
0.0845384
0.00255201
0.00972756
0.00681821
0.0155515
0.452026
0.0156433
0.00439743
0.011265
0.0209591
0.291857
0.156481
0.00768243
0.0101556
0.0153801
0.0100195
0.240632
0.339958
0.00660404
0.0850831
0.0767515