0.0900074
0.0079143
0.0313617
0.0140317
0.0138648
0.0132005
0.158148
0.0255067
0.064119
0.00521041
0.0854135
0.0757703
0.0514517
0.215149
0.136163
0.302952
0.182105
0.146545
0.233236
0.881436
0.554622
0.696576
0.753508
0.266705
0.924616
0.436826
0.416999
0.0192054
0.0715998
0.0184601
0.0326788
0.030227
0.0773462
0.0518894
0.894777
0.127497
0.0144352
0.00573763
0.429832
0.685185
0.0608629
0.0285479
0.134717
0.0190419
0.00951933
0.0211069
0.107067
0.0127931
0.0750861
0.0007129
0.0436136
0.00232966
0.0402582
0.00457612
0.0303502
0.0656042
0.284728
0.157972
0.00414118
0.00472046
0.00166498
0.0291259
0.0527684
0.136734
0.00271364
0.140072
0.0203068
0.0222954
0.418019
0.035295
0.00495978
0.0219545
0.419075
0.0169801
0.00572721
0.0286634
0.0157411
0.00850963
0.11664
0.0299851
0.00492314
0.0195587
0.0391908
0.198321
0.00253369
0.875312
0.00885158
0.0280942
0.00823834
0.0388065
0.100647
0.00128748
0.633321
0.00261911
0.00483074
0.00194041
0.0256167
0.291176
0.731244
0.106199