0.0589434
0.0555325
0.121396
0.460503
0.0559366
0.0458235
0.323032
0.46301
0.182286
0.0306739
0.168849
0.237834
0.105511
0.0882647
0.250593
0.27292
0.362793
0.197362
0.597113
0.27531
0.409135
0.173212
0.137737
0.310044
0.234344
0.247543
0.586343
0.229439
0.0264416
0.12299
0.034278
0.209034
0.25096
0.137228
0.043943
0.202224
0.0407443
0.026905
0.0225863
0.0934496
0.0865639
0.0525752
0.0496452
0.121089
0.0678871
0.0545444
0.0986279
0.321788
0.356937
0.038723
0.113575
0.0263844
0.129195
0.0466767
0.0443252
0.240061
0.212647
0.361705
0.0968263
0.0375675
0.274528
0.237342
0.203198
0.0247855
0.0750297
0.0408063
0.0159023
0.177959
0.0868809
0.0920599
0.145096
0.171573
0.0786104
0.204059
0.0630622
0.0749467
0.0322239
0.186044
0.174569
0.0757334
0.0270023
0.287408
0.0946109
0.0118745
0.0257155
0.054306
0.0244751
0.171163
0.270031
0.120111
0.0140476
0.121284
0.13726
0.0400459
0.0598731
0.14999
0.0529653
0.0313371
0.347113
0.0753648