0.0172191
0.0172705
0.0331728
0.0671918
0.081445
0.0144746
0.0221758
0.0104285
0.012848
0.543665
0.00402435
0.0396463
0.0966509
0.825065
0.0913335
0.122424
0.985875
0.960475
0.310541
0.39777
0.688243
0.781739
0.93784
0.037745
0.0638076
0.328978
0.0821825
0.0361323
0.0983885
0.0601312
0.0197871
0.839514
0.0375754
0.0180976
0.366398
0.310692
0.363572
0.00279276
0.036886
0.0185293
0.00244382
0.0411593
0.00402765
0.0179113
0.0297879
0.00465754
0.0533469
0.0115246
0.0720754
0.00270663
0.0461183
0.0018371
0.00580306
0.0392579
0.598808
0.00176587
0.554759
0.00251522
0.0639085
0.00501969
0.0965932
0.000866467
0.00409188
0.803305
0.00287018
0.181141
0.320373
0.0439271
0.0239354
0.195538
0.039602
0.0460111
0.0207485
0.000329737
0.0382142
0.051641
0.00985875
0.0574557
0.00743759
0.0219507
0.793373
0.0520775
0.033458
0.0642448
0.0166006
0.000603503
0.0008699
0.00257513
0.529243
0.012706
0.00620444
0.0425618
0.015396
0.00696609
0.029234
0.00161667
0.0105878
0.00882469
0.0319098
0.0328967