0.0573935
0.288596
0.0719904
0.0788006
0.0187912
0.223146
0.0252578
0.109754
0.00992772
0.0267434
0.759332
0.0808934
0.11546
0.777307
0.398466
0.00507894
0.110435
0.330877
0.277648
0.915064
0.133456
0.773583
0.181511
0.272096
0.1978
0.143709
0.0478689
0.372918
0.0319653
0.449767
0.545521
0.178433
0.177135
0.557908
0.103964
0.160594
0.0173701
0.0284683
0.590963
0.0175551
0.028483
0.00438705
0.00200225
0.0266389
0.0177982
0.0120846
0.0521325
0.0551794
0.0214472
0.016614
0.108798
0.0215198
0.0790451
0.0385001
0.0437597
0.0141256
0.639036
0.0529752
0.0289127
0.0199898
0.0967427
0.00084362
0.0391647
0.00980213
0.06917
0.0132065
0.0472052
0.176732
0.0100712
0.00461966
0.128849
0.347118
0.0889936
0.014991
0.0272787
0.651407
0.0525662
0.0103261
0.0422958
0.0826627
0.0752311
0.181754
0.13264
0.280579
0.109526
0.0191012
0.0875267
0.0601026
0.00896442
0.149169
0.0235134
0.00414369
0.0436112
0.227063
0.0114675
0.0166872
0.10184
0.0354015
0.0635244
0.507133