0.0217539
0.008537
0.114758
0.152147
0.350255
0.0327323
0.0693526
0.0378689
0.0406582
0.479061
0.0403534
0.0209839
0.09482
0.615917
0.231724
0.0636158
0.254696
0.118209
0.463369
0.105599
0.709425
0.549437
0.383012
0.0314381
0.263166
0.45187
0.0173684
0.0114882
0.5821
0.00416207
0.35905
0.0148645
0.167736
0.143861
0.0567766
0.0289536
0.017068
0.0317956
0.0346913
0.071137
0.00499174
0.248201
0.00959046
0.241717
0.0698422
0.0104916
0.362335
0.0906449
0.366556
0.062331
0.0903327
0.0542761
0.0137034
0.0053889
0.492073
0.00893539
0.182526
0.544722
0.0706012
0.606069
0.108028
0.158532
0.0198747
0.00972666
0.0166473
0.00597375
0.0148584
0.0116399
0.0920792
0.108779
0.00246537
0.666498
0.030923
0.0696108
0.00491451
0.0199229
0.115596
0.0170195
0.00080046
0.018065
0.0725213
0.00792966
0.00485254
0.349483
0.0362261
0.298661
0.0893853
0.351823
0.0528643
0.00920615
0.205381
0.0959902
0.328214
0.0246167
0.134135
0.0204233
0.308149
0.0365335
0.101234
0.199278