0.0100333
0.156714
0.00536387
0.257065
0.0294129
0.38455
0.112066
0.172512
0.633127
0.417578
0.327266
0.0248986
0.0417192
0.0217931
0.381558
0.113266
0.0240547
0.360427
0.0572583
0.194045
0.104059
0.496802
0.282767
0.494866
0.633672
0.156993
0.614358
0.273287
0.175934
0.0705364
0.290957
0.0550812
0.179645
0.307252
0.122597
0.13308
0.0695286
0.0129577
0.0556987
0.0731422
0.287592
0.023337
0.0473634
0.102643
0.230196
0.429849
0.0996428
0.0621469
0.0538638
0.0139703
0.00130096
0.11465
0.0304921
0.0444503
0.179499
0.25609
0.00814998
0.0360371
0.00889686
0.0569981
0.079523
0.337143
0.0810672
0.0860356
0.0158686
0.0312791
0.0398586
0.0935926
0.00708939
0.105201
0.265381
0.0306767
0.0461173
0.453301
0.0049018
0.0143071
0.0012418
0.0332324
0.0773703
0.0043541
0.106012
0.0120835
0.0521111
0.0677611
0.0981179
0.115289
0.0110307
0.0312659
0.0216342
0.0278102
0.0165752
0.263807
0.188077
0.308073
0.0290508
0.00732115
0.610119
0.478553
0.125583
0.207094