0.104865
0.268653
0.0191152
0.00665817
0.128028
0.739915
0.64727
0.348498
0.0128403
0.89153
0.450241
0.768996
0.0149422
0.242012
0.842917
0.932454
0.0233192
0.197716
0.577693
0.201508
0.0703259
0.148849
0.927121
0.0883335
0.0415971
0.150654
0.600397
0.157874
0.0136799
0.0353574
0.00187412
0.00774878
0.0592461
0.0432937
0.00310247
0.0105005
0.0533732
0.742801
0.0844836
0.00111765
0.00504169
0.112497
0.0102471
0.00398402
0.00854682
0.00693187
0.0128914
0.0563837
0.00554768
0.106336
0.00319561
0.00392179
0.324941
0.00165147
0.0134292
0.0155994
0.00379758
0.0369956
0.055814
0.0963034
0.0336814
0.00192498
0.00503464
0.00358414
0.00486448
0.0406139
0.0154239
0.00114768
0.0158189
0.00400772
0.0797878
0.0166705
0.00956647
0.705067
0.0834224
0.00719999
0.635568
0.0647423
0.00280566
0.00543658
0.0626726
0.0306247
0.0276599
0.00589261
0.00700967
0.198818
0.0226474
0.0099869
0.099776
0.00768578
0.00186376
0.00325926
0.252623
0.00123189
0.00103411
0.00629965
0.133399
0.0012489
0.835818
0.00912423