0.255084
0.120415
0.0254991
0.0364156
0.0597055
0.103168
0.697707
0.0703263
0.0718336
0.0260482
0.0592328
0.409229
0.0337177
0.386531
0.281531
0.598455
0.341209
0.331683
0.227799
0.308675
0.218901
0.130794
0.533895
0.076766
0.180321
0.0638215
0.438005
0.262734
0.292978
0.622438
0.152159
0.0753071
0.179636
0.00329189
0.0942494
0.0162162
0.049921
0.205937
0.195874
0.260692
0.0672751
0.0202487
0.0703921
0.0503429
0.0225198
0.0645995
0.0234505
0.00640754
0.0682557
0.0993213
0.196578
0.0301536
0.0963424
0.204925
0.018871
0.13879
0.126094
0.0506293
0.0477727
0.139399
0.357919
0.0453159
0.131795
0.157918
0.205085
0.105322
0.0525336
0.130916
0.0299346
0.0139301
0.257428
0.00999685
0.0098595
0.0153375
0.0844681
0.483521
0.112865
0.0427558
0.0551552
0.196429
0.156459
0.0461353
0.0545036
0.0950527
0.132233
0.076238
0.0103126
0.316309
0.0673929
0.14823
0.0226191
0.0850915
0.0307236
0.0216195
0.227977
0.0620088
0.118104
0.220967
0.477941
0.0910269