0.397803
0.0170643
0.0501034
0.440257
0.0108999
0.140799
0.127667
0.0592049
0.189165
0.311865
0.115388
0.0271793
0.164703
0.0527641
0.134676
0.196756
0.525266
0.549188
0.545268
0.12334
0.144686
0.493681
0.174388
0.7745
0.0984715
0.190426
0.386951
0.60535
0.14573
0.027007
0.0637478
0.138313
0.288188
0.111223
0.381236
0.00529982
0.00409264
0.100513
0.0939
0.0161879
0.0815586
0.0552799
0.151936
0.512626
0.0602825
0.207111
0.0442363
0.00841528
0.210742
0.0208123
0.0546192
0.0549121
0.0740729
0.0417552
0.403777
0.043636
0.1132
0.0741699
0.0205749
0.0113372
0.0753428
0.0748041
0.036625
0.0565179
0.301988
0.0166482
0.00482496
0.0359629
0.0901447
0.204598
0.0352759
0.191289
0.0158366
0.2034
0.0714156
0.0430335
0.011672
0.0725983
0.109663
0.130387
0.155104
0.0183688
0.12425
0.0674303
0.0963174
0.0203656
0.14832
0.00509429
0.0889858
0.0218246
0.016297
0.140397
0.0826938
0.141511
0.209114
0.426969
0.0538707
0.625318
0.0659371
0.041502