0.057743
0.0148925
0.0410567
0.605789
0.0145591
0.00317868
0.0395605
0.0309114
0.159489
0.0370529
0.0515362
0.0142809
0.0505827
0.486597
0.564768
0.11269
0.53264
0.272218
0.0769133
0.784043
0.210191
0.245025
0.396339
0.124018
0.808899
0.0716988
0.556527
0.0302473
0.31227
0.05627
0.578465
0.398573
0.438089
0.385621
0.0272125
0.0517539
0.101947
0.164707
0.125942
0.0401891
0.0242096
0.0579219
0.0135859
0.166803
0.0442928
0.257728
0.0131107
0.185722
0.0323613
0.0273099
0.415788
0.0433387
0.0223981
0.0217909
0.010296
0.00432356
0.0279938
0.0252241
0.0237287
0.134744
0.204345
0.0886972
0.156995
0.201346
0.0893313
0.418067
0.00547613
0.033048
0.239535
0.0504817
0.0253289
0.0490833
0.00719406
0.337151
0.0264894
0.0685492
0.034285
0.0145398
0.0653555
0.067315
0.088728
0.41682
0.00327917
0.102827
0.00214303
0.740053
0.0153402
0.0987374
0.012238
0.170194
0.163281
0.0849265
0.0121218
0.00667227
0.022523
0.027707
0.055745
0.0531561
0.100151
0.0135851