0.227626
0.0560258
0.0671774
0.0484234
0.310284
0.00265582
0.0222864
0.0457616
0.469074
0.088093
0.361308
0.318826
0.484926
0.68087
0.00410591
0.281154
0.431105
0.224296
0.642815
0.334606
0.375927
0.101457
0.186593
0.668997
0.238863
0.101153
0.0203358
0.44291
0.0286887
0.0967631
0.0971548
0.386476
0.344143
0.161243
0.0522832
0.0208932
0.0272739
0.114707
0.0108727
0.188142
0.0925258
0.333543
0.0282468
0.129128
0.00941052
0.0366442
0.0573236
0.195928
0.0979574
0.138762
0.191622
0.0960247
0.319998
0.0294828
0.00936048
0.0338286
0.0915594
0.00656251
0.28246
0.25826
0.13795
0.044181
0.204023
0.00897435
0.0362771
0.168834
0.299753
0.0318643
0.0244219
0.0670016
0.30557
0.0797393
0.171058
0.0271445
0.0319819
0.238409
0.113295
0.232234
0.117315
0.113928
0.110812
0.0221886
0.122123
0.095914
0.0292943
0.0114646
0.132818
0.0770077
0.0494954
0.217222
0.0798277
0.00498861
0.137115
0.0346013
0.0471142
0.0121109
0.0395194
0.0281748
0.033897
0.0554358