0.0320782
0.0110778
0.0068831
0.0127724
0.180764
0.53593
0.0110727
0.340137
0.0238113
0.18586
0.0938754
0.357485
0.639773
0.113093
0.0365804
0.505776
0.0663916
0.828295
0.364753
0.455394
0.0494577
0.316219
0.260551
0.542132
0.072826
0.85997
0.743525
0.0958426
0.471835
0.0642335
0.544736
0.0629518
0.0747589
0.0453387
0.0322177
0.025604
0.0145582
0.0145886
0.0263756
0.0108932
0.0470439
0.0131019
0.00989268
0.214927
0.053123
0.0125489
0.0836207
0.0915138
0.0819879
0.115847
0.0157499
0.045801
0.0114764
0.0547875
0.406618
0.0241679
0.00315859
0.0194978
0.113421
0.015518
0.233551
0.00992455
0.0576434
0.153771
0.0187678
0.0163057
0.0215466
0.0766388
0.0211886
0.00538977
0.0132957
0.200174
0.21682
0.131708
0.0105722
0.373393
0.0128305
0.0394703
0.00456778
0.0887149
0.0256207
0.0168592
0.0322143
0.0461594
0.510964
0.00482686
0.488424
0.0169375
0.102089
0.0552574
0.0257564
0.239566
0.396853
0.0125151
0.102644
0.355848
0.135287
0.0185047
0.06183
0.0813494