0.125019
0.0307651
0.563708
0.0231772
0.0371615
0.000996383
0.0106492
0.015791
0.064831
0.982251
0.0113073
0.00670787
0.0551531
0.0350235
0.0298325
0.0216691
0.0475305
0.295491
0.622307
0.278764
0.972019
0.852918
0.0874826
0.239754
0.556178
0.437584
0.438977
0.0237177
0.570922
0.0557191
0.00266546
0.0501988
0.0503225
0.77289
0.0435753
0.0106418
0.009264
0.0417761
0.171064
0.046023
0.0286553
0.0282331
0.00982748
0.202185
0.0196892
0.664805
0.00706885
0.0136135
0.0804564
0.0827853
0.00204279
0.0730492
0.0042493
0.0102741
0.0447048
0.130813
0.00783214
0.0800472
0.0042069
0.00533317
0.507554
0.00242505
0.00341623
0.282802
0.5074
0.0647938
0.339048
0.0429784
0.151916
0.0600321
0.0314081
0.0198722
0.0459815
0.0268432
0.0153437
0.0108563
0.00923186
0.0177227
0.0123181
0.0349231
0.0419644
0.261793
0.523745
0.00868147
0.2591
0.00148413
0.00229075
0.635246
0.272556
0.00433304
0.345072
0.0215098
0.0485699
0.00139004
0.00952525
0.0889943
0.0287854
0.0505227
0.00831599
0.00755592