0.0268524
0.503121
0.125423
0.0411372
0.0641951
0.126791
0.0429749
0.200188
0.0574941
0.0949997
0.662143
0.0199315
0.0871348
0.341806
0.407473
0.327796
0.758954
0.112971
0.460727
0.21211
0.597287
0.666379
0.337614
0.335797
0.409077
0.134251
0.0653891
0.343793
0.176682
0.121636
0.390121
0.0177243
0.266293
0.0688716
0.196256
0.0723238
0.0992796
0.777802
0.365372
0.0534351
0.124134
0.129803
0.060349
0.0903465
0.0876256
0.11128
0.04364
0.0225255
0.0157399
0.00495877
0.0199538
0.175085
0.0442353
0.00940374
0.0397775
0.166299
0.207494
0.0102511
0.425202
0.025091
0.139502
0.102573
0.0191379
0.00130359
0.251713
0.0843425
0.0588167
0.0024007
0.0119794
0.0726251
0.0898671
0.0296902
0.199699
0.0811391
0.0216776
0.00212978
0.012928
0.0243569
0.00319121
0.0374676
0.0524521
0.090608
0.147841
0.119363
0.436098
0.20926
0.148149
0.0252904
0.00148403
0.0373015
0.022235
0.00890368
0.0146742
0.230185
0.030659
0.035186
0.0462098
0.00157345
0.0472314
0.0659515