0.000835903
0.00373868
0.0130516
0.157178
0.00859402
0.170769
0.17336
0.00152218
0.00171587
0.00140903
0.412686
0.280986
0.803862
0.00247067
0.894048
0.0542262
0.131154
0.666965
0.0831483
0.291299
0.0326048
0.0763268
0.994691
0.00628485
0.238916
0.00684533
0.649378
0.456879
0.0706591
0.0560058
0.775998
0.0331531
0.314653
0.13835
0.0251965
0.0532034
0.511889
0.00456149
0.00546908
0.079722
0.0458277
0.00923807
0.000620217
0.0127786
0.00855483
0.0344747
0.343928
0.412457
0.0330814
0.000678747
0.0164397
0.0152428
0.00235911
0.0219772
0.720251
0.0162579
0.0339296
0.0521201
0.00747947
0.286907
0.0105971
0.00107424
0.0161817
0.0244086
0.00734104
0.0258402
0.597992
0.00877229
0.502323
0.0102099
0.00382684
0.00209841
0.207138
0.0244855
0.00319721
0.0539759
0.0393117
0.0026492
0.189925
0.281191
0.0268006
0.000873883
0.00028348
0.0146065
0.00329404
0.00267718
0.0106252
0.00581835
0.84158
0.0131917
0.0660283
0.358413
0.00744852
0.000575753
0.00299347
0.0361262
0.00490619
0.784432
0.000570633
0.0478081