0.00980313
0.0356319
0.00482277
0.00295153
0.0872168
0.126519
0.00698766
0.0413927
0.0315747
0.789907
0.0310389
0.0546207
0.5931
0.0361538
0.178497
0.674862
0.809213
0.874804
0.720376
0.651295
0.0276303
0.336609
0.0275192
0.44571
0.456972
0.285269
0.113863
0.0499535
0.34207
0.382904
0.810594
0.220306
0.0252125
0.0573772
0.00252227
0.363652
0.0899078
0.0285935
0.0596121
0.473832
0.0186112
0.353909
0.471715
0.157732
0.0164949
0.268797
0.00721756
0.0058299
0.0236896
0.00347375
0.0453079
0.027067
0.00172296
0.105672
0.0017435
0.0850666
0.309299
0.0617629
0.0430309
0.00336694
0.267334
0.0122966
0.0738873
0.00558441
0.0717401
0.0331918
0.00695242
0.0515293
0.00231991
0.117283
0.00910304
0.0465326
0.0288324
0.0381827
0.263115
0.0472501
0.000670977
0.0288647
0.00649817
0.0192612
0.0264788
0.00336355
0.16176
0.00354032
0.44218
0.0258621
0.139556
0.0509462
0.0680724
0.0169558
0.00426669
0.00117999
0.00446296
0.0109191
0.0177831
0.01792
0.00619355
0.131645
0.0385016
0.325596