0.0290648
0.26588
0.221199
0.184865
0.0635056
0.0131792
0.167106
0.0373499
0.234649
0.224897
0.31886
0.0103247
0.132508
0.447386
0.0913644
0.0249156
0.0192579
0.748002
0.323305
0.212185
0.0433928
0.313551
0.214719
0.918083
0.799057
0.0639177
0.928631
0.0513787
0.116584
0.00347529
0.690327
0.109349
0.0201176
0.059875
0.0198186
0.0272021
0.00602139
0.0225956
0.00297521
0.0435988
0.0932946
0.0199794
0.0329993
0.0861929
0.26763
0.000845407
0.0173027
0.00718506
0.11714
0.0567977
0.119681
0.062806
0.0150495
0.224837
0.0313046
0.0484354
0.0443915
0.143676
0.0180956
0.207321
0.0184249
0.720125
0.150619
0.0139395
0.153866
0.0968477
0.188882
0.00169892
0.52042
0.0212695
0.361501
0.0375865
0.0348952
0.120989
0.0487306
0.00186021
0.0617586
0.0985679
0.0074915
0.0345709
0.0033055
0.204507
0.0324117
0.0934668
0.322202
0.0972313
0.0503586
0.0154054
0.00465555
0.00707374
0.0769147
0.168992
0.0216147
0.0169116
0.0427606
0.690347
0.476711
0.00203357
0.137963
0.00165194