0.228941
0.0376165
0.0348413
0.0105297
0.0291834
0.295678
0.122769
0.667048
0.14542
0.508701
0.190529
0.0996325
0.206834
0.286971
0.120405
0.73739
0.498405
0.423602
0.163252
0.0357699
0.464693
0.78863
0.188816
0.491564
0.32489
0.22154
0.128711
0.190024
0.127104
0.181653
0.116167
0.452535
0.165777
0.271472
0.0207014
0.259047
0.00835451
0.0738026
0.255224
0.0397819
0.0581988
0.0167382
0.00899927
0.146146
0.25179
0.0334275
0.094472
0.00235012
0.0951645
0.00962457
0.114421
0.0174619
0.0150167
0.0301503
0.0192363
0.0115589
0.00638079
0.00462311
0.0208556
0.5091
0.0416737
0.0991283
0.0700922
0.0424202
0.403349
0.140211
0.145916
0.0750473
0.010929
0.041831
0.0714755
0.0216202
0.0278974
0.222829
0.242165
0.403648
0.0432873
0.0542171
0.00681449
0.138186
0.00927547
0.00216851
0.0252218
0.0535002
0.0177065
0.0568917
0.0598064
0.0467378
0.0705326
0.491937
0.217244
0.0597408
0.0920868
0.0321756
0.0463887
0.0621761
0.0699026
0.177058
0.0211731
0.00581758