0.018272
0.0531822
0.0615815
0.0697989
0.0347928
0.286999
0.197423
0.099194
0.104597
0.107573
0.20936
0.00998905
0.158848
0.0410033
0.137848
0.0571371
0.116309
0.135613
0.786533
0.0520907
0.770743
0.691448
0.603222
0.21217
0.0602552
0.0756397
0.520148
0.0736835
0.281085
0.0332736
0.128932
0.18204
0.146203
0.116291
0.207596
0.00996691
0.0039707
0.0246026
0.022233
0.669722
0.0197537
0.0183854
0.662737
0.702326
0.0150569
0.012341
0.191505
0.0610459
0.0143165
0.0376804
0.0638663
0.0349551
0.0245977
0.214574
0.0484072
0.237774
0.144519
0.00964172
0.0321208
0.611735
0.00867739
0.0394742
0.0218371
0.0941394
0.14988
0.0124439
0.0155845
0.013568
0.130278
0.0589586
0.0413423
0.0313702
0.180093
0.0129881
0.0997471
0.203114
0.0704895
0.239353
0.190718
0.439126
0.0718254
0.0528829
0.193459
0.0400709
0.0959226
0.0949946
0.10626
0.0551104
0.217468
0.00711662
0.0262594
0.0749186
0.0521662
0.00891484
0.640861
0.0709977
0.216043
0.00262304
0.0866483
0.103568