0.247726
0.241884
0.0636702
0.0688089
0.0877179
0.0798506
0.0152821
0.147362
0.0157179
0.0691496
0.0953997
0.0218619
0.295738
0.105372
0.20375
0.735182
0.487859
0.421128
0.465725
0.561689
0.0770855
0.280741
0.566805
0.636664
0.237054
0.363182
0.422941
0.017169
0.739243
0.230515
0.104181
0.473604
0.0321382
0.176081
0.055938
0.0991744
0.0479142
0.0427132
0.00454394
0.158171
0.0775682
0.0178929
0.313236
0.433619
0.269155
0.057512
0.354908
0.128524
0.131173
0.00470386
0.139312
0.0926771
0.0246127
0.282547
0.0530671
0.109049
0.0562434
0.246242
0.00651996
0.013971
0.0530591
0.0270002
0.0223603
0.164183
0.0350342
0.162899
0.147986
0.144827
0.041025
0.0110798
0.123621
0.00089168
0.0453692
0.0700429
0.00226772
0.160509
0.0936016
0.0546248
0.0659176
0.073649
0.00836387
0.0261126
0.027752
0.0293827
0.0511598
0.0297497
0.0618158
0.00932786
0.0393019
0.167417
0.053498
0.133154
0.0420467
0.102351
0.00649965
0.00578739
0.31492
0.0740185
0.277052
0.031077