0.234874
0.00759342
0.0316854
0.0937097
0.267776
0.154728
0.0773277
0.185404
0.215902
0.116088
0.160614
0.0451118
0.206474
0.649268
0.244019
0.18212
0.105906
0.304125
0.50623
0.173897
0.256838
0.202481
0.77556
0.171543
0.354715
0.0782561
0.158776
0.0860468
0.0765344
0.227296
0.0253412
0.076584
0.0101683
0.0570515
0.443154
0.0529391
0.190316
0.0379729
0.302939
0.0219426
0.208636
0.444117
0.148567
0.00655207
0.0307485
0.0230089
0.259466
0.0400998
0.0196308
0.0608722
0.314979
0.316639
0.0122187
0.315975
0.294918
0.00549692
0.601173
0.439464
0.0275304
0.0320765
0.123227
0.00973043
0.00329905
0.222752
0.0402643
0.0213842
0.0211718
0.137667
0.00173182
0.0826859
0.322281
0.112203
0.00652049
0.0812447
0.257083
0.181607
0.161441
0.0576738
0.0830243
0.0135817
0.0297604
0.196618
0.0141978
0.0298522
0.0246068
0.125004
0.023402
0.373208
0.0410338
0.00190202
0.0741555
0.187855
0.0216974
0.137038
0.047785
0.0293735
0.243503
0.00191858
0.226095
0.0589428