0.232472
0.0206633
0.0673366
0.0602049
0.109459
0.0730917
0.153894
0.171386
0.104523
0.134554
0.0239713
0.0778926
0.312637
0.0928958
0.229158
0.585095
0.377648
0.223648
0.287821
0.117969
0.255639
0.464261
0.508099
0.0464761
0.104864
0.099059
0.178346
0.192376
0.0226107
0.114784
0.290528
0.0352741
0.142425
0.0717262
0.227296
0.0431442
0.0391717
0.153758
0.172838
0.537083
0.195802
0.110393
0.0390593
0.0633706
0.430251
0.0314069
0.0535073
0.0662797
0.0129028
0.0730434
0.278662
0.0589216
0.329517
0.277382
0.243268
0.0277953
0.0217325
0.41107
0.024455
0.294721
0.0423315
0.0288134
0.104984
0.171937
0.314791
0.518336
0.150367
0.0749604
0.0125409
0.042241
0.192377
0.0790234
0.0283253
0.0552931
0.0268316
0.308998
0.064446
0.209983
0.122175
0.0615688
0.0435037
0.0484392
0.366103
0.213628
0.122926
0.230638
0.0238245
0.269673
0.0273522
0.0310489
0.0283923
0.0416571
0.144104
0.166264
0.060767
0.0129974
0.00826263
0.0797474
0.113869
0.156861