0.362316
0.071383
0.177979
0.00125208
0.0291635
0.0673497
0.199821
0.00023676
0.148794
0.0829224
0.274428
0.393779
0.00174949
0.44599
0.044563
0.178711
0.135786
0.0107051
0.834302
0.0490019
0.0274646
0.0505604
0.153821
0.171851
0.034152
0.840317
0.0735034
0.451366
0.462834
0.720776
0.191968
0.472095
0.026278
0.0808333
0.0284195
0.323604
0.186608
0.452198
0.0127374
0.724026
0.0730882
0.00651265
0.0689467
0.0404781
0.0112074
0.539676
0.153443
0.156306
0.0133122
0.0107258
0.0330908
0.0373833
0.0290186
0.081573
0.00248503
0.0312067
0.182214
0.049896
0.0508401
0.407185
0.00612287
0.0183324
0.0805821
0.0285734
0.598765
0.0217277
0.0209182
0.0419562
0.00339064
0.199184
0.00586059
0.0309214
0.458548
0.0496356
0.0200973
0.0264076
0.00304621
0.144994
0.428802
0.0299633
0.336322
0.457134
0.00445538
0.00780874
0.0104521
0.0165164
0.0461311
0.00890816
0.0472963
0.0356372
0.00409452
0.00105414
0.122871
0.125573
0.116571
0.0739744
0.089451
0.228007
0.0179261
0.0577512