0.00841568
0.633083
0.0493524
0.33481
0.0889825
0.0486269
0.00601392
0.0894523
0.0358905
0.123022
0.0853837
0.0514023
0.0749971
0.523391
0.0417227
0.758641
0.0583883
0.64283
0.0240505
0.932819
0.753885
0.470649
0.169233
0.392915
0.915605
0.410503
0.0124847
0.210857
0.675549
0.00789938
0.167145
0.145617
0.0269718
0.286505
0.181333
0.00727146
0.115557
0.0368304
0.651981
0.00547754
0.00033804
0.010833
0.0200271
0.417401
0.00443488
0.00192739
0.0799104
0.348889
0.226203
0.037879
0.000919553
0.0270365
0.0275502
0.0444129
0.193471
0.0234888
0.0661476
0.00857314
0.225283
0.0997256
0.0117592
0.472941
0.0783474
0.000479653
0.53777
0.00087371
0.111125
0.0293663
0.0256168
0.0698149
0.0271638
0.00618381
0.0266521
0.0895424
0.0222781
0.264403
0.292586
0.00281387
0.00215808
0.147617
0.0255022
0.00499694
0.0421754
0.129093
0.029969
0.0012501
0.0380018
0.062027
0.0339297
0.0442951
0.0075344
0.0278167
0.00701338
0.0202426
0.0135133
0.0791674
0.00530669
0.0440442
0.0229485
0.0216858