0.0897568
0.0490598
0.340704
0.345568
0.105417
0.278825
0.0299769
0.0307673
0.279269
0.0629441
0.014044
0.248921
0.0439394
0.343596
0.314047
0.451958
0.654992
0.515422
0.0262807
0.155252
0.317131
0.794567
0.126048
0.277079
0.14625
0.371209
0.316236
0.0488232
0.139349
0.159626
0.269229
0.216304
0.33905
0.0483782
0.332382
0.0784531
0.0875423
0.0293701
0.0307388
0.229459
0.0563299
0.0803548
0.0161045
0.0829314
0.117984
0.159259
0.0118223
0.393131
0.00351452
0.0576177
0.00167645
0.0466604
0.0482774
0.0163183
0.630004
0.0449727
0.00645666
0.0403766
0.688468
0.0959022
0.0125438
0.0250109
0.00581349
0.436982
0.119423
0.0386891
0.115644
0.00783901
0.0657897
0.0238323
0.0467283
0.138356
0.0627218
0.04257
0.0813068
0.503974
0.0205987
0.0967638
0.0230205
0.0111578
0.0129219
0.0239779
0.305993
0.12027
0.00837607
0.00401377
0.247739
0.0771191
0.0133659
0.138754
0.319862
0.0140569
0.292371
0.0627822
0.0391846
0.0209966
0.0155885
0.00635016
0.0572224
0.00416591