0.00605752
0.763961
0.131487
0.222086
0.116267
0.0593879
0.0298095
0.169906
0.0288376
0.0190336
0.0138162
0.032611
0.341388
0.131758
0.182785
0.148351
0.56196
0.471442
0.236868
0.113055
0.39313
0.315529
0.0876108
0.328015
0.154957
0.595756
0.0553034
0.239841
0.191999
0.0518362
0.505748
0.362292
0.137169
0.0213742
0.413368
0.0625093
0.126354
0.0488145
0.3904
0.00714171
0.102725
0.0672937
0.0526616
0.336503
0.12436
0.101151
0.0678577
0.128098
0.0234362
0.103989
0.095038
0.528366
0.306613
0.00967301
0.0148531
0.458579
0.00757167
0.126042
0.591375
0.139724
0.0604331
0.0564391
0.0133313
0.0116399
0.0406546
0.0703754
0.125565
0.122997
0.0154447
0.140071
0.0344918
0.0168717
0.0177275
0.00282853
0.0695586
0.0198987
0.0182476
0.0781168
0.0781215
0.303428
0.0660132
0.0278605
0.015877
0.0945957
0.233898
0.00328933
0.0226787
0.0066549
0.0320331
0.0042309
0.168736
0.233726
0.0531848
0.326417
0.0445941
0.0609305
0.197687
0.290741
0.161941
0.00274782