0.00603885
0.111841
0.0973626
0.0317558
0.0173199
0.304718
0.0421128
0.374488
0.196192
0.190386
0.0110497
0.0138834
0.263694
0.608592
0.366158
0.649896
0.608373
0.0245027
0.368892
0.19716
0.772599
0.095841
0.246926
0.110971
0.349101
0.463596
0.125214
0.0488229
0.463707
0.576821
0.0856667
0.0861712
0.00987951
0.0446689
0.0253092
0.437744
0.16149
0.158016
0.167501
0.0567574
0.0264085
0.00268967
0.017292
0.00802511
0.0595319
0.027274
0.122004
0.222676
0.292309
0.191801
0.376945
0.0683592
0.0428616
0.0539851
0.0532516
0.0179444
0.0315297
0.166007
0.112435
0.0433053
0.0170508
0.028177
0.0045392
0.0603751
0.455074
0.0109869
0.0211191
0.0844967
0.00628659
0.0501674
0.0241129
0.0296672
0.178256
0.0301296
0.111639
0.480698
0.101816
0.0305104
0.0646301
0.129838
0.030244
0.0586848
0.0166761
0.364556
0.0930493
0.525983
0.0773962
0.0263275
0.0787048
0.0431211
0.138143
0.0369604
0.0115053
0.00947601
0.215728
0.00880444
0.340267
0.0378071
0.0377124
0.0214302