0.0296196
0.0491408
0.023628
0.0934189
0.0417358
0.132415
0.263265
0.00429958
0.158083
0.0497469
0.0145082
0.113
0.0649635
0.160227
0.447536
0.106921
0.222009
0.465386
0.354272
0.731086
0.541031
0.137278
0.405272
0.570419
0.265297
0.0175393
0.168389
0.332777
0.105199
0.11943
0.399754
0.382225
0.0794041
0.0200652
0.0738159
0.0363287
0.0877028
0.131604
0.203065
0.0536393
0.637457
0.0148853
0.0353321
0.325768
0.144235
0.0173779
0.0166527
0.529995
0.141734
0.0712398
0.0309732
0.00489815
0.131838
0.345478
0.00908644
0.0739376
0.00277113
0.0227047
0.1155
0.0242506
0.0537555
0.232478
0.0868598
0.129858
0.0631056
0.292838
0.0626145
0.258929
0.0380527
0.0232818
0.348526
0.0410036
0.0507495
0.0259991
0.326281
0.0554708
0.264495
0.117298
0.14378
0.00815876
0.0157719
0.0282884
0.0780324
0.293537
0.0109736
0.0353601
0.230145
0.149511
0.0162276
0.0310739
0.312406
0.294908
0.0274517
0.0956199
0.131125
0.0746599
0.0416521
0.0468651
0.0308041
0.0804394