0.0175487
0.00770046
0.000769333
0.0106632
0.664808
0.0454243
0.147819
0.101145
0.010304
0.0137579
0.00300144
0.627775
0.00891276
0.358617
0.0584867
0.85911
0.947141
0.231455
0.336099
0.0036383
0.962975
0.710026
0.918724
0.153116
0.0682642
0.548426
0.0283989
0.666218
0.0375263
0.927145
0.0378485
0.00956308
0.0884557
0.0224089
0.00153859
0.916174
0.543883
0.11204
0.0288661
0.00590157
0.165105
0.00308635
0.00182858
0.00253952
0.00411637
0.0228979
0.0187672
0.00941456
0.0039733
0.0260522
0.052163
0.0531759
0.588981
0.0141897
0.0127767
0.00463575
0.00253919
0.0415978
0.0564818
0.00947192
0.0506054
0.0400973
0.00383423
0.00249178
0.0120544
0.390411
0.0278597
0.000490057
0.0151024
0.00035131
0.551297
0.018071
0.00881038
0.0119454
0.0475865
0.278212
0.0974605
0.0177475
0.0150418
0.00015892
0.00427224
4.39933e-05
0.0163874
0.00396677
0.00340849
0.00845778
0.00321845
0.00906679
0.00147807
0.466316
0.0415161
0.00650011
0.0165443
0.00346046
0.00333725
0.107554
0.00119471
0.0659296
0.241961
0.0702924