0.0345332
0.00872896
0.0413038
0.0107752
0.067579
0.0221369
0.0392108
0.0263743
0.513448
0.538875
0.192859
0.0860956
0.0750163
0.128344
0.111774
0.49203
0.122879
0.299972
0.629705
0.13572
0.780365
0.16946
0.484858
0.811888
0.0339327
0.476338
0.139484
0.536084
0.0455097
0.334172
0.0410054
0.0215736
0.0151654
0.0652991
0.00692037
0.0612752
0.0528259
0.0362813
0.31468
0.0127984
0.584797
0.315473
0.057912
0.0678248
0.0171185
0.570041
0.507955
0.0680462
0.0705134
0.507106
0.140658
0.0498657
0.0175782
0.195474
0.00162632
0.148224
0.00888919
0.0161006
0.393928
0.00297151
0.459969
0.010447
0.00604274
0.11128
0.00981878
0.122115
0.00530676
0.0127163
0.0586061
0.0273048
0.225086
0.0522381
0.0378789
0.0231434
0.0086189
0.0325969
0.143252
0.0067448
0.039321
0.0342789
0.275304
0.0588793
0.106294
0.204588
0.0327883
0.0928982
0.00927526
0.05423
0.00996671
0.018703
0.260964
0.0315483
0.156813
0.0549291
0.183663
0.0231041
0.0205394
0.0209324
0.171033
0.0274033