0.641959
0.100704
0.00283607
0.0276481
0.0631848
0.0469134
0.00287326
0.00299943
0.190095
0.0123093
0.00551023
0.188425
0.00143285
0.516298
0.013865
0.280559
0.0451251
0.573255
0.132553
0.737578
0.0801493
0.321512
0.623424
0.785542
0.0296287
0.504011
0.0316578
0.294329
0.0483363
0.420255
0.033548
0.0216464
0.0841213
0.305716
0.0290302
0.465892
0.033691
0.00628325
0.0302187
0.00010358
0.00420344
0.141842
0.0221087
0.124872
0.00304967
0.462416
0.302077
0.691224
0.00601139
0.0055128
0.287487
0.0154061
0.0438468
0.0101384
0.00759405
0.0524463
0.826358
0.148108
0.00270939
0.00649461
0.29509
0.00639091
0.108137
0.032693
0.0574668
0.15636
0.00711254
0.00323921
0.0104587
0.000683847
0.00200302
0.261415
0.54525
0.0373915
0.0134713
0.685237
0.0055764
0.00136309
0.000443637
0.0198092
0.159681
0.00899399
0.0752147
0.0168257
0.0188611
0.00576533
0.0951579
0.0365185
0.0235007
0.00623967
0.0252804
0.519809
0.0217461
0.00866104
0.0686863
0.0901259
0.0218598
0.00730406
0.00810056
0.632952