0.0135272
0.209967
0.168321
0.635933
0.576385
0.0220434
0.0336034
0.394403
0.0145796
0.328153
0.00313953
0.13193
0.00372677
0.211791
0.560112
0.364308
0.532222
0.452119
0.466661
0.946729
0.111794
0.650475
0.18088
0.139049
0.127472
0.0400202
0.0574512
0.151139
0.327403
0.30462
0.0127906
0.59005
0.0709056
0.0420876
0.153944
0.352328
0.0583506
0.0715691
0.0582026
0.0623313
0.0642457
0.138718
0.151563
0.0265971
0.151106
0.0196523
0.0179133
0.0107091
0.0308963
0.100033
0.140424
0.00283008
0.0344173
0.0445736
0.00467917
0.1742
0.0636142
0.0364348
0.112945
0.320217
0.388576
0.0318346
0.0250534
0.0208328
0.103268
0.0303711
0.0251855
0.0545789
0.0292561
0.00597691
0.0173622
0.00218999
0.386938
0.0196267
0.536407
0.0105173
0.0166624
0.0724096
0.0191171
0.142235
0.129724
0.0151297
0.411761
0.0361227
0.0124379
0.159033
0.161534
0.0348622
0.0835689
0.156309
0.0442108
0.013695
0.139764
0.11192
0.0140032
0.169228
0.0142905
0.0405517
0.0231991
0.0119685