0.035664
0.0045772
0.0310596
0.00968772
0.013783
0.00686042
0.00351675
0.0270137
0.121906
0.0754706
0.00168264
0.0620075
0.0139431
0.0231293
0.882544
0.0644561
0.696386
0.18156
0.895216
0.0128695
0.325591
0.0525442
0.863738
0.56222
0.0498467
0.484047
0.0567626
0.364481
0.0519278
0.0218592
0.0729986
0.147617
0.0628986
0.0293771
0.296822
0.0726425
0.0885279
0.00685986
0.0473061
0.0553722
0.0191012
0.0291427
0.345123
0.00549321
0.00375665
0.0297627
0.0127617
0.010645
0.00286859
0.866701
0.565496
0.0242706
0.032024
0.0392224
0.594363
0.013386
0.038051
0.019359
0.474514
0.0126382
0.0151324
0.0189151
0.108318
0.0433294
0.0662482
0.0753506
0.755725
0.00462776
0.0378249
0.00697623
0.00243411
0.00186489
0.321902
0.00592942
0.00692131
0.834928
0.0872767
0.312883
0.828765
0.0569245
0.00697996
0.00140093
0.260712
0.688732
0.0262601
0.00164265
0.0710828
0.0841005
0.000861893
0.0215782
0.0478119
0.00436026
0.00108278
0.0137201
0.0510998
0.0373026
0.0505322
0.00641349
0.00441191
0.0121855