0.07544
0.00646615
0.00668505
0.0538268
0.0613458
0.103478
0.697294
0.347722
0.0132809
0.018332
0.261892
0.00232421
0.0192201
0.282323
0.0881498
0.018494
0.171358
0.073328
0.0004357
0.920492
0.733379
0.183714
0.283722
0.930721
0.0733068
0.967384
0.50214
0.0374292
0.0109861
0.00180508
0.18516
0.956166
0.00230856
0.0278783
0.594413
0.00109991
0.00940682
0.00198024
0.408294
0.0274477
0.224015
0.00144385
0.0201127
0.0666187
0.00649982
0.462636
0.657653
0.00655352
0.00141362
0.00508014
0.0354637
0.00032609
0.00487932
0.00124083
0.00499777
0.110672
0.148913
0.553284
0.118357
0.00356577
0.388527
0.00045525
0.0433359
0.00424343
0.841255
0.0006931
0.0116513
0.0136641
0.625124
0.00369266
0.00171813
0.00188419
0.044401
0.00382189
0.549473
0.000492617
0.000517503
0.0396636
0.0640594
0.00343415
0.0414163
0.223878
0.151223
0.0119451
0.00311498
0.0516405
0.0103606
0.00191728
0.0450123
0.00658336
0.000931943
0.00349556
0.0488662
0.0504946
0.0286258
0.000594337
0.00683109
0.0654737
0.00319661
0.00793618