0.00141397
0.00823882
0.0830832
0.0149695
0.0608605
0.0461604
0.0492025
0.104884
0.0401262
0.0301156
0.541141
0.068355
0.06991
0.654692
0.105092
0.790399
0.221473
0.099848
0.124977
0.0271216
0.55108
0.731169
0.524346
0.145095
0.438866
0.497725
0.112743
0.0616994
0.257157
0.139163
0.0108316
0.35594
0.308745
0.260221
0.0698877
0.0441251
0.0301378
0.00534698
0.0253943
0.510686
0.747742
0.00156902
0.0626425
0.234789
0.100748
0.0578768
0.0094334
0.00102865
0.0429253
0.0356727
0.0819268
0.00400666
0.0327375
0.124344
0.0656944
0.0136169
0.0273425
0.000735857
0.0224611
0.10959
0.815344
0.0135045
0.095094
0.0102723
0.746667
0.571629
0.00569732
0.0333269
0.0506389
0.0437313
0.0354126
0.00833104
0.035613
0.0067721
0.0052403
0.0223151
0.284814
0.198328
0.0448615
0.00563359
0.00854094
0.0154109
0.0161344
0.00647261
0.181652
0.0296064
0.0281525
0.0152966
0.126524
0.129021
0.0182547
0.0502451
0.0179889
0.0109332
0.944633
0.249979
0.0818209
0.013363
0.0174214
0.00601598