0.107373
0.127033
0.0194152
0.0498578
0.0505022
0.0050796
0.142719
0.283261
0.0873413
0.0191272
0.301515
0.232633
0.36742
0.261027
0.129403
0.0905839
0.420341
0.466178
0.523717
0.664698
0.0684328
0.811802
0.440986
0.307112
0.149685
0.252206
0.0849968
0.0374829
0.0934021
0.191942
0.12938
0.275371
0.0334113
0.308987
0.187306
0.186707
0.0701649
0.00380013
0.430126
0.159231
0.0433658
0.0107579
0.00681432
0.0789417
0.0803995
0.0400348
0.0514539
0.0524361
0.114177
0.00703707
0.0147379
0.0085496
0.00738273
0.469138
0.0174876
0.135343
0.0275176
0.0138236
0.0666139
0.0167055
0.165043
0.493276
0.16665
0.110218
0.0368968
0.111106
0.00767373
0.266772
0.0174395
0.54842
0.152997
0.152989
0.0602356
0.0554902
0.103841
0.0356898
0.0225242
0.0634704
0.031942
0.0047065
0.0805215
0.0901809
0.366181
0.350465
0.00869397
0.0148755
0.169671
0.0149613
0.0250327
0.00838129
0.205827
0.598694
0.0362143
0.0290149
0.00723096
0.0798631
0.389127
0.0119579
0.0307144
0.0405383