0.0735134
0.0759625
0.00195416
0.0163076
0.011855
0.00314266
0.123028
0.2997
0.789037
0.0121018
0.0843982
0.304531
0.203836
0.13965
0.225059
0.160398
0.282746
0.228695
0.131675
0.56041
0.596221
0.115225
0.592298
0.407965
0.173954
0.0994947
0.378564
0.0369239
0.0433842
0.490587
0.226692
0.0493646
0.243978
0.137679
0.00936104
0.019468
0.00684447
0.277234
0.123538
0.289281
0.0916525
0.129096
0.146598
0.0227038
0.00984247
0.00759965
0.0139274
0.16199
0.273892
0.128182
0.32391
0.0171318
0.107928
0.499257
0.0115975
0.0762885
0.0457281
0.0446038
0.231688
0.00386513
0.343007
0.129064
0.00745453
0.467578
0.0299463
0.119918
0.0546341
0.11578
0.00988447
0.318074
0.0305069
0.00661552
0.111512
0.130844
0.0120287
0.422446
0.0699714
0.0387343
0.256624
0.0220479
0.00684111
0.121974
0.0818123
0.0430582
0.0347942
0.0355259
0.0418376
0.243813
0.0195961
0.379893
0.0592272
0.0413897
0.0501928
0.397674
0.00903464
0.115434
0.0120927
0.0617706
0.0324536
0.121374