0.0328689
0.0493926
0.0431649
0.104961
0.365353
0.075906
0.0169702
0.0677273
0.0503087
0.226683
0.18312
0.146248
0.0368191
0.721045
0.18572
0.294898
0.936508
0.845308
0.673052
0.117979
0.802566
0.127103
0.11471
0.347203
0.40564
0.700398
0.248058
0.0345059
0.212405
0.0696303
0.327074
0.0223183
0.0450557
0.0457317
0.0442672
0.0142832
0.238348
0.0754291
0.0280154
0.172174
0.0911968
0.210087
0.0403313
0.0706728
0.184079
0.00351101
0.0116585
0.141428
0.0154073
0.302975
0.0131715
0.076747
0.072929
0.0126473
0.289566
0.355067
0.00445927
0.330062
0.00578977
0.107281
0.025385
0.0245515
0.0786091
0.0534813
0.129102
0.0299288
0.0463258
0.034217
0.0468435
0.0146178
0.0218547
0.272758
0.0692536
0.0192254
0.0112827
0.0978356
0.00446304
0.370339
0.00568342
0.10006
0.210941
0.0298082
0.225853
0.0178008
0.0748079
0.0150679
0.0492085
0.222659
0.00509458
0.0113103
0.0839151
0.151808
0.0169695
0.0348674
0.269909
0.0316569
0.0412141
0.00973279
0.00855725
0.444983