0.0435433
0.0219938
0.012224
0.505712
0.0226091
0.0455089
0.0811669
0.102771
0.28544
0.0936756
0.106561
0.099007
0.0363267
0.541626
0.630031
0.215358
0.483239
0.572724
0.236718
0.109421
0.410855
0.124188
0.102298
0.0476517
0.30834
0.639912
0.0101641
0.113837
0.188135
0.0986023
0.00347942
0.144392
0.238479
0.0958388
0.272759
0.019219
0.44297
0.372812
0.00436357
0.240389
0.105749
0.0812574
0.0395878
0.00925556
0.0880749
0.182971
0.0823158
0.329555
0.0541994
0.332655
0.160067
0.011372
0.137864
0.0321827
0.275226
0.191542
0.106228
0.0270676
0.0229026
0.155584
0.292293
0.549286
0.0571627
0.197646
0.0495917
0.0106657
0.0893214
0.138893
0.00722623
0.0132157
0.177042
0.0243228
0.066927
0.393012
0.132627
0.0909662
0.016615
0.0729787
0.00282825
0.131854
0.0352634
0.0473475
0.0761949
0.0771952
0.123804
0.0254435
0.0552827
0.258824
0.12573
0.097175
0.13762
0.385321
0.0442338
0.00482762
0.047603
0.112855
0.00572129
0.00885657
0.25628
0.00995181