0.391433
0.0398519
0.023813
0.0940916
0.0473725
0.0842789
0.0907644
0.0882366
0.0220223
0.0348779
0.230554
0.022827
0.0214807
0.0124475
0.547738
0.0373376
0.0643083
0.0142413
0.432585
0.0801711
0.344032
0.186616
0.304313
0.189079
0.196219
0.751115
0.857468
0.647727
0.497039
0.824181
0.12378
0.0655459
0.17187
0.793768
0.028986
0.051573
0.0324843
0.00792379
0.118562
0.310204
0.243113
0.229529
0.0254306
0.175773
0.631309
0.195327
0.097962
0.00382256
0.0233145
0.0146734
0.0834814
0.0136456
0.0041507
0.00327769
0.0342069
0.0368019
0.0325109
0.0542194
0.00596921
0.0462533
0.479306
0.00586421
0.110783
0.306681
0.00639604
0.193854
0.47406
0.00187594
0.00835527
0.0304353
0.0284917
0.0203952
0.0989809
0.395832
0.0372014
0.0435216
0.0621284
0.0519969
0.639229
0.0957636
0.0564764
0.0590855
0.0036229
0.0377174
0.0206518
0.043536
0.0600076
0.00714192
0.0465702
0.00334492
0.055314
0.289599
0.127272
0.013009
0.00884287
0.0158184
0.088055
0.0153449
0.00289412
0.116856