0.0450785
0.0722671
0.00254018
0.212384
0.0286965
0.00934137
0.396231
0.196013
0.172298
0.0180028
0.136899
0.321041
0.652705
0.584076
0.0834336
0.844292
0.00791298
0.435006
0.186344
0.576205
0.723997
0.426189
0.244177
0.284866
0.155314
0.533264
0.594382
0.037607
0.126774
0.264623
0.0418785
0.00450372
0.14585
0.1866
0.0875273
0.392548
0.363674
0.179122
0.11754
0.00119062
0.182091
0.00242822
0.0673429
0.0362705
0.0321975
0.0798047
0.0884506
0.0204959
0.0132835
0.01535
0.0724628
0.417503
0.0576263
0.025941
0.0548475
0.0165567
0.0636217
0.00383621
0.0223351
0.0277873
0.0271867
0.27894
0.0101501
0.0530158
0.111007
0.00319985
0.00420247
0.0805227
0.239514
0.0106396
0.0220713
0.0139499
0.0920075
0.0819783
0.0594057
0.0136162
0.163088
0.0643132
0.024403
0.00693306
0.0913065
0.0714161
0.0151321
0.598081
0.0247176
0.504236
0.142502
0.00349318
0.0912965
0.0744988
0.0186344
0.178769
0.0455567
0.0278871
0.0256528
0.0377927
0.18636
0.187651
0.0296171
0.0926267