0.0087954
0.496391
0.0859156
0.00589391
0.0386517
0.348538
0.0860414
0.0160859
0.0382641
0.551645
0.148449
0.114485
0.0467094
0.171717
0.250058
0.0361013
0.0820115
0.701748
0.208238
0.286235
0.0214008
0.44416
0.446984
0.113656
0.783392
0.136775
0.0862766
0.549564
0.0430699
0.206346
0.061744
0.0368412
0.0186941
0.141547
0.0193775
0.0235161
0.0332235
0.120057
0.0412223
0.0536629
0.0410528
0.0677285
0.0309549
0.0695872
0.0106696
0.066148
0.0287607
0.0712178
0.018038
0.100548
0.112061
0.0323309
0.0340448
0.0491373
0.0390748
0.0482102
0.00284375
0.0103195
0.0540318
0.392762
0.717252
0.015691
0.0213828
0.255518
0.00502732
0.806503
0.260551
0.109204
0.230042
0.12415
0.0889827
0.765178
0.0322152
0.0131494
0.00934254
0.15654
0.0178483
0.0134325
0.215588
0.132926
0.0661835
0.0186538
0.0366634
0.050566
0.00203717
0.0428433
0.0266485
0.175745
0.0156364
0.104535
0.0581376
0.0319066
0.0154837
0.0314991
0.556012
0.053551
0.380449
0.731976
0.206629
0.0213139