0.0217154
0.0833565
0.0695659
0.276375
0.137024
0.29562
0.251102
0.201368
0.100727
0.208051
0.0160043
0.0861636
0.0363522
0.281212
0.483062
0.479403
0.135813
0.169508
0.414363
0.318282
0.365037
0.468972
0.137989
0.460066
0.234297
0.196555
0.400493
0.361952
0.261664
0.161517
0.390421
0.0483095
0.154876
0.0208369
0.302535
0.038438
0.0978884
0.0415537
0.0205873
0.122234
0.104256
0.345561
0.104169
0.155861
0.285711
0.416032
0.0461277
0.153353
0.0945478
0.0442515
0.382432
0.0145388
0.0733153
0.0654289
0.136806
0.02931
0.109569
0.0159556
0.375759
0.107863
0.0223395
0.044079
0.0462582
0.0136822
0.2973
0.0196238
0.0491512
0.178336
0.0430054
0.0240349
0.0529965
0.0327169
0.05641
0.108765
0.0186373
0.0501305
0.120181
0.0451358
0.188914
0.0154198
0.124904
0.170653
0.0671051
0.252189
0.43677
0.00705314
0.00788436
0.0730763
0.0181606
0.224974
0.0772978
0.0483849
0.0855539
0.0127088
0.0884921
0.0797766
0.0405806
0.204271
0.043703
0.0972053