0.129023
0.33204
0.214948
0.132622
0.0359563
0.00694626
0.0562998
0.338174
0.172979
0.331021
0.0352082
0.0240626
0.460575
0.0977782
0.160274
0.564566
0.0191283
0.310487
0.112434
0.535452
0.0403254
0.328267
0.392903
0.227476
0.330577
0.112037
0.189363
0.305652
0.39462
0.0916062
0.261653
0.380922
0.115724
0.384281
0.00419044
0.0413786
0.153466
0.0361026
0.420087
0.00852829
0.100869
0.204659
0.0404843
0.0617845
0.0663767
0.196247
0.319579
0.124402
0.08108
0.0112291
0.343412
0.100602
0.100589
0.0109219
0.147245
0.00489136
0.0167788
0.0262498
0.159074
0.0508515
0.0861221
0.009034
0.0241672
0.0557434
0.2006
0.267297
0.298331
0.161311
0.352697
0.0318354
0.0367884
0.254948
0.0211441
0.213329
0.132973
0.0640466
0.0631558
0.118402
0.0870944
0.0187872
0.0258105
0.0504156
0.0967989
0.0318273
0.145036
0.199547
0.372665
0.012826
0.186116
0.293782
0.0199514
0.0248017
0.141406
0.0120122
0.0907826
0.0650567
0.0490973
0.0566082
0.092433
0.0787577