0.588317
0.00639345
0.00468008
0.0451031
0.168178
0.315573
0.011027
0.00114592
0.0370087
0.0179399
0.153805
0.00390848
0.0945107
0.66636
0.425332
0.0428017
0.761335
0.11966
0.346787
0.00615579
0.970577
0.193444
0.39659
0.964122
0.252766
0.042974
0.00655002
0.607284
0.944397
0.0711865
0.172535
0.117664
0.0152292
0.163441
0.00198595
0.00645615
0.154605
0.395607
0.698321
0.00769269
0.0450817
0.00246905
0.00417623
0.00138079
0.00477791
0.00690867
0.0468341
0.00230995
0.0203769
0.0329546
0.0152061
0.0121814
0.00926941
0.194207
0.00272013
0.0569914
0.0203062
0.0123449
0.0272402
0.0268158
0.0472857
0.00229751
0.173406
0.392935
0.592771
0.00249082
0.262401
0.00268515
0.0603833
0.00076256
0.0115871
0.00260789
0.00938193
0.230955
0.115812
0.530138
0.0132838
0.267551
0.000541223
0.0225571
0.0269133
0.0594189
0.0661146
0.00760487
0.0107084
0.0532335
0.0327416
0.0884885
0.0059108
0.0469982
0.0271408
0.00756925
0.00291265
0.00502159
0.098515
0.0414327
0.0259074
0.524359
0.553931
0.0292451