0.484278
0.00751127
0.0055951
0.0106053
0.0635595
0.034526
0.015274
0.300138
0.322255
0.459278
0.00343645
0.0750566
0.173656
0.343933
0.588475
0.367782
0.0336917
0.484106
0.0569215
0.90165
0.298779
0.285585
0.795646
0.919397
0.934024
0.430349
0.00178766
0.00925439
0.0736096
0.531329
0.435649
0.0307762
0.0944945
0.0183913
0.0963972
0.238786
0.00273287
0.0339823
0.216977
0.329435
0.0411089
0.0142412
0.00915675
0.00590484
0.0194397
0.00849452
0.0574572
0.00732684
0.200522
0.0811796
0.0286381
0.00147522
0.131465
0.0359492
0.00534116
0.00200963
0.0648487
0.0161506
0.00564057
0.0154251
0.05796
0.0114655
0.3386
0.0129431
0.00799546
0.827799
0.0705436
0.00361371
0.0190436
0.156673
0.0628874
0.0615719
0.0372649
0.00392417
0.0118804
0.0461537
0.0827218
0.0186455
0.0119937
0.023159
0.0126246
0.114538
0.100168
0.0599451
0.0116131
0.112974
0.00250318
0.00755762
0.415853
0.0434083
0.0621758
0.0362649
0.256639
0.0297694
0.242199
0.00903343
0.112565
0.173077
0.0583962
0.0109711