0.0211774
0.0423321
0.0438223
0.129825
0.00428971
0.952285
0.1762
0.912572
0.147925
0.104149
0.0127371
0.135957
0.250987
0.124549
0.159064
0.181667
0.0473451
0.605836
0.41704
0.012013
0.847808
0.221954
0.293452
0.522789
0.0286239
0.0979254
0.134287
0.0516538
0.0180572
0.255336
0.00524207
0.167787
0.906285
0.0410966
0.0127646
0.884676
0.358319
0.440121
0.655576
0.0525224
0.305691
0.00427715
0.248401
0.435806
0.120162
0.0298874
0.00184168
0.0028327
0.0297869
0.0147813
0.000609967
0.873464
0.00182413
0.00513855
0.0232855
0.0204992
0.220986
0.0891346
0.0416204
0.0230181
0.0184974
0.00798244
0.194058
0.0081935
0.0149966
0.0707227
0.0837766
0.00443228
0.470076
0.0872393
0.00237927
0.0199244
0.00150779
0.00816035
0.0171445
0.0746677
0.00135469
0.00174419
0.0202257
0.062444
0.0917108
0.0779177
0.150915
0.00674817
0.0841568
0.00618316
0.00597287
0.00341462
0.0213679
0.139101
0.0160122
0.000459613
0.0420969
0.00362979
0.103872
0.00807762
0.0274732
0.00361388
0.0506348
0.0160188