0.00852272
0.00778892
0.0554704
0.0397952
0.00431231
0.0160405
0.0558204
0.0334717
0.0297796
0.526301
0.655146
0.00892142
0.0576367
0.0417784
0.0151877
0.904718
0.208447
0.586083
0.965582
0.257536
0.0111507
0.0098071
0.557261
0.0787202
0.247857
0.426849
0.312431
0.0496076
0.307777
0.00800614
0.0776891
0.00809126
0.0186777
0.044355
0.0707564
0.0606984
0.0589844
0.312877
0.000895
0.0252045
0.01871
0.0381927
0.0483132
0.0210421
0.00483313
0.663374
0.00801004
0.202824
0.0130654
0.010298
0.0302194
0.341624
0.328505
0.0343941
0.00145534
0.00365387
0.141062
0.15415
0.00838877
0.0781166
0.00193441
0.0131833
0.234767
0.0558407
0.00315424
0.000532157
0.00385399
0.00194783
0.0681376
0.594811
0.810207
0.0180006
0.183916
0.295678
0.0867064
0.152654
0.00381339
0.00450502
0.00659357
0.00201934
0.594191
0.121638
0.260223
0.00798281
0.264187
0.00595766
0.0401505
0.00154388
0.236389
0.00343292
0.00182853
0.00159678
0.581832
0.00785699
0.00832589
0.056746
0.42956
0.128983
0.107707
0.281349