0.0350761
0.0227785
0.0464839
0.0142271
0.0484489
0.0288592
0.0129675
0.0209183
0.232925
0.218753
0.00379286
0.178955
0.062139
0.0696779
0.0440826
0.0520507
0.801423
0.74117
0.900312
0.832111
0.863261
0.0281889
0.216872
0.114659
0.102298
0.782525
0.924273
0.122538
0.150965
0.00501057
0.062413
0.0406384
0.0910779
0.0431843
0.413267
0.426443
0.0740499
0.170069
8.64767e-05
0.0110316
0.00929287
0.00429483
0.0316737
0.029287
0.102539
0.0605558
0.0798791
0.00916863
0.750874
0.0681507
0.00627219
0.443733
0.246609
0.273613
0.00915914
0.0943752
0.0976344
0.0115576
0.757655
0.0543446
0.0260032
0.00389182
0.0676824
0.00719401
0.0337146
0.0687601
0.141566
0.181715
0.589711
0.0109499
0.00235257
0.00124282
0.0263612
0.0032543
0.0606906
0.0165292
0.00827702
0.0593139
0.0596189
0.00228766
0.101572
0.0185939
0.00150678
0.0279735
0.0224371
0.0264586
0.238501
0.00706914
0.0853779
0.0184299
0.0168708
0.0169931
0.54445
0.0307432
0.0253697
0.0347169
0.00306756
0.183946
0.064114
0.0100202