0.0301982
0.0240247
0.155163
0.280873
0.0176189
0.122219
0.0671227
0.0279224
0.451908
0.0678956
0.0288562
0.340829
0.435486
0.438334
0.193177
0.356405
0.682782
0.17901
0.0629497
0.203146
0.0334985
0.301652
0.204033
0.546736
0.307579
0.260956
0.400282
0.398219
0.104524
0.00694188
0.0408095
0.167018
0.12578
0.0404765
0.143276
0.267136
0.0262453
0.0724055
0.105387
0.250435
0.0434843
0.0226662
0.11748
0.0434725
0.205773
0.40901
0.149106
0.00338266
0.0372635
0.303512
0.00989422
0.251445
0.249333
0.068092
0.0889688
0.58811
0.0228825
0.0340678
0.0280007
0.0343847
0.290586
0.0468399
0.033469
0.0232217
0.0271751
0.162068
0.0843541
0.140655
0.0200966
0.172025
0.0369552
0.357687
0.0144176
0.0245628
0.249997
0.0785201
0.0278586
0.153913
0.0968189
0.0621463
0.168913
0.0477884
0.0162441
0.0276455
0.1653
0.0189849
0.160198
0.0461388
0.00898054
0.0168526
0.300137
0.0779694
0.263934
0.0213523
0.467583
0.0676213
0.0199544
0.00205245
0.189001
0.130341