0.0645516
0.106325
0.00479701
0.0389468
0.0360368
0.135324
0.010654
0.174125
0.0877645
0.0393582
0.0349655
0.0109939
0.477068
0.0507938
0.234805
0.0302091
0.329906
0.353164
0.603828
0.643141
0.476042
0.767478
0.145974
0.589023
0.167228
0.109511
0.0587952
0.311933
0.145496
0.783117
0.173129
0.0703988
0.0207863
0.0884569
0.0100627
0.00686647
0.0817367
0.0321555
0.381664
0.00409216
0.0289214
0.0122314
0.0483669
0.118213
0.011795
0.422741
0.00463518
0.00929433
0.0440433
0.632971
0.0312851
0.156597
0.0364988
0.0120762
0.0331614
0.0524889
0.0289544
0.0921728
0.290629
0.0272206
0.161185
0.00243107
0.0681691
0.0344082
0.0683313
0.0415143
0.37628
0.0199459
0.0376006
0.0341023
0.0758569
0.0456967
0.0218699
0.00227303
0.0689695
0.0852082
0.039767
0.0320807
0.349886
0.215529
0.295442
0.0109095
0.0381687
0.645983
0.021293
0.481154
0.142358
0.0066193
0.0262278
0.0881706
0.061893
0.0495695
0.332073
0.214377
0.490702
0.00987581
0.0831502
0.0477655
0.178559
0.00960331