0.054365
0.00469288
0.0191481
0.113044
0.377455
0.0339435
0.0509882
0.0317001
0.658025
0.309192
0.00778995
0.0181125
0.0780561
0.0723296
0.0241013
0.0446596
0.74453
0.742113
0.284472
0.116514
0.117894
0.490133
0.143823
0.313271
0.197207
0.432889
0.0259422
0.0424315
0.422099
0.280554
0.0761704
0.0874865
0.0113891
0.127831
0.155949
0.122301
0.392623
0.0224573
0.452508
0.0719075
0.00136291
0.179393
0.010748
0.134772
0.036382
0.545974
0.051688
0.0332407
0.0101413
0.0101125
0.0839853
0.0173511
0.614784
0.0976858
0.0603257
0.100431
0.0227288
0.00485491
0.0408521
0.302342
0.303119
0.020504
0.160584
0.013992
0.201535
0.387014
0.0135385
0.0686929
0.0436632
0.0142817
0.0412099
0.0203099
0.111252
0.0155721
0.00456973
0.00853088
0.13516
0.395671
0.0541355
0.157758
0.0670904
0.709213
0.474852
0.00342402
0.164999
0.0297204
0.0327238
0.427393
0.0515401
0.0906528
0.0411951
0.0680922
0.00439007
0.0589595
0.186378
0.0290968
0.00522492
0.0098156
0.0617181
0.181176