0.517127
0.0398257
0.010217
0.0971782
0.017788
0.0198861
0.0534781
0.207211
0.152807
0.0165658
0.0723865
0.392908
0.207765
0.0273041
0.296352
0.111379
0.469572
0.321229
0.268942
0.592345
0.600295
0.31957
0.250807
0.328433
0.675507
0.0287629
0.0918042
0.862178
0.00924022
0.0176021
0.396468
0.0226051
0.00955571
0.0389874
0.0168096
0.257621
0.104688
0.0424536
0.142131
0.0540144
0.0477849
0.17485
0.0217663
0.00924507
0.529263
0.00838645
0.134906
0.428844
0.021808
0.0136665
0.0140964
0.437007
0.15248
0.0222065
0.396333
0.0444387
0.0476739
0.00636416
0.501791
0.0768525
0.161133
0.0126199
0.0490426
0.159809
0.00529492
0.0195799
0.013298
0.0437078
0.219553
0.266221
0.0240158
0.310804
0.0378474
0.0210428
0.0883897
0.107944
0.28463
0.00302366
0.383027
0.0957454
0.00582987
0.279133
0.0219969
0.260249
0.0193908
0.0018814
0.00115917
0.0418939
0.0358779
0.0141308
0.0590391
0.0194845
0.182308
0.0733057
0.102106
0.154046
0.104069
0.0176667
0.0431501
0.00499107