0.16383
0.126991
0.486002
0.0773752
0.137717
0.00895025
0.159386
0.427843
0.15054
0.105215
0.00552749
0.0552411
0.015933
0.915127
0.506675
0.272991
0.0762575
0.451316
0.513359
0.520001
0.832362
0.311994
0.0167576
0.61618
0.732021
0.00294673
0.0167894
0.598829
0.210203
0.204271
0.0192545
0.521056
0.0173823
0.336491
0.183323
0.0428812
0.562362
0.0402713
0.400024
0.105121
0.145669
0.0187492
0.00278762
0.382662
0.110443
0.013216
0.00583101
0.00357884
0.0862233
0.00365093
0.208133
0.104824
0.0100936
0.0073194
0.00678295
0.0100906
0.00355179
0.0724107
0.0867934
0.074595
0.0420855
0.00359481
0.0106903
0.0428338
0.0106322
0.00797289
0.015923
0.0763984
0.00159982
0.0215054
0.0255456
0.294596
0.0143804
0.0311004
0.0611694
0.78596
0.0707423
0.0881044
0.129351
0.00772113
0.00539931
0.0338152
0.00029107
0.0607433
0.0514084
0.0158948
0.0602305
0.0271356
0.00224756
0.0012133
0.110193
0.00723846
0.151683
0.0307722
0.0391461
0.0447165
0.0110702
0.173968
0.00852801
0.118192