0.0338006
0.0479351
0.00744325
0.266382
0.0376958
0.0103835
0.449924
0.138221
0.816412
0.0536061
0.0100515
0.242081
0.0257832
0.221021
0.188691
0.0226332
0.509857
0.018328
0.0890589
0.854431
0.0432638
0.917292
0.761087
0.222639
0.0218514
0.231512
0.644815
0.527936
0.467935
0.530603
0.221808
0.113012
0.0786614
0.466916
0.00455057
0.00335647
0.0036849
0.924
0.0716239
0.119974
0.011479
0.00471625
0.0468005
0.125191
0.236753
0.0563646
0.0480799
0.0100936
0.142924
0.0428134
0.019604
0.00476614
0.0347019
0.178477
0.243923
0.146646
0.105123
0.122149
0.0760256
0.0739959
0.00653855
0.0566991
0.00407462
0.0441883
0.0630823
0.0224224
0.0434264
0.0350586
0.311108
0.00985677
0.185916
0.0326878
0.0251096
0.0738177
0.0170901
0.031985
0.00168661
0.014554
0.222418
0.0558896
0.289534
0.0141776
0.313085
0.0140209
0.00365244
0.00604645
0.068783
0.21258
0.0755286
0.0282873
0.00764144
0.0986438
0.0433079
0.0607391
0.199626
0.00540706
0.0208898
0.0386283
0.0288682
0.0620547