0.444187
0.00402577
0.208222
0.0078201
0.00540516
0.0753662
0.0643351
0.0694979
0.0213623
0.030192
0.0635119
0.145783
0.0689216
0.200791
0.221398
0.361218
0.57689
0.815297
0.504841
0.864979
0.0350029
0.692226
0.287353
0.389466
0.21121
0.457129
0.163561
0.475541
0.429052
0.0151015
0.00408796
0.0555791
0.0613474
0.649498
0.0860821
0.0178013
0.265995
0.155431
0.0141989
0.0445831
0.0164675
0.0130273
0.116172
0.0129939
0.0482606
0.133104
0.0650256
0.19236
0.00750272
0.0218519
0.29588
0.0566923
0.0132981
0.0815616
0.0065815
0.0416136
0.0203077
0.0763085
0.0297397
0.0609953
0.0386533
0.0463752
0.738515
0.361696
0.00877383
0.00411831
0.0372926
0.638411
0.0234472
0.0189159
0.0533249
0.00387787
0.163683
0.101729
0.0249433
0.0124106
0.0119008
0.0125783
0.0284902
0.00314212
0.00684451
0.00766922
0.597018
0.0313573
0.140898
0.0595116
0.104603
0.0582182
0.00698518
0.0465069
0.194791
0.0867136
0.00635694
0.144763
0.0309293
0.376851
0.0204033
0.133797
0.0183662
0.0211064