0.0760208
0.0852579
0.0611382
0.0146002
0.0899168
0.00941911
0.00196279
0.200696
0.452142
0.333199
0.0343364
0.557167
0.315715
0.157813
0.166755
0.148874
0.336693
0.0881478
0.100863
0.222823
0.60987
0.0272855
0.963848
0.0410251
0.752838
0.0581488
0.0756429
0.770303
0.0508079
0.0832189
0.0199435
0.841325
0.0267455
0.72128
0.0575328
0.0949811
0.248145
0.0434146
0.00998339
0.00966566
0.0177466
0.0192748
0.0212026
0.0760105
0.0200729
0.0481481
0.0635705
0.135113
0.0251802
0.0304649
0.0206812
0.266753
0.383399
0.576066
0.00715866
0.00700357
0.0331641
0.00325885
0.0497365
0.0105297
0.47711
0.212995
0.12323
0.00373344
0.00854748
0.0386305
0.0263817
0.00337964
0.0282035
0.00124497
0.0273429
0.124573
0.0262401
0.0614288
0.366749
0.0109546
0.0939025
0.0246166
0.00362174
0.00949018
0.0271149
0.0234766
0.0126565
0.0774571
0.537689
0.0730726
0.11685
0.274263
0.0551214
0.015048
0.0170467
0.117622
0.422312
0.330546
0.18996
0.0295893
0.119814
0.0521233
0.0546594
0.0071236