0.0692482
0.190648
0.022162
0.0060373
0.524848
0.148804
0.334228
0.0715647
0.0940049
0.272793
0.0126446
0.767085
0.248617
0.337053
0.748
0.285253
0.0418657
0.264572
0.360919
0.597108
0.759096
0.330278
0.0518252
0.0544133
0.231109
0.363673
0.252345
0.21219
0.0890374
0.486626
0.0172654
0.145338
0.149586
0.157472
0.0816027
0.075352
0.0103259
0.107439
0.00202272
0.154148
0.0285957
0.00628565
0.172948
0.113057
0.116815
0.0540807
0.0253812
0.395375
0.27304
0.0165287
0.264892
0.0336593
0.20021
0.0750947
0.0079967
0.0300511
0.0419839
0.109701
0.19711
0.223271
0.185538
0.240564
0.0500134
0.247531
0.0975641
0.104087
0.0454819
0.0686926
0.0085084
0.00516644
0.0111641
0.02233
0.0843075
0.126651
0.116791
0.143748
0.0302655
0.073282
0.217164
0.239137
0.017158
0.159147
0.0857036
0.0256891
0.0989359
0.168834
0.0530857
0.0463191
0.0913043
0.0424008
0.109554
0.0767355
0.00229665
0.114282
0.0279671
0.0391033
0.0505897
0.138451
0.00755806
0.0122202