0.0605178
0.0378846
0.127071
0.0873952
0.297507
0.0325047
0.227385
0.0814971
0.0509768
0.0248683
0.0314942
0.0122135
0.0285333
0.122939
0.108543
0.605841
0.166403
0.0230737
0.434275
0.670209
0.569335
0.548174
0.676158
0.791848
0.133364
0.147534
0.171811
0.605399
0.0173863
0.0321196
0.291167
0.0455971
0.00548219
0.0183973
0.00255884
0.353552
0.0631197
0.13751
0.00850133
0.0546922
0.149305
0.0738988
0.011187
0.0993525
0.0570786
0.169355
0.0483104
0.0101161
0.013007
0.206994
0.113617
0.0333462
0.00459595
0.0417589
0.074454
0.00885196
0.0425749
0.21457
0.0719524
0.0468142
0.0114445
0.0392012
0.107261
0.0308771
0.0890437
0.00666712
0.225389
0.0568319
0.00302521
0.466384
0.120105
0.00937437
0.298135
0.0371628
0.193508
0.0125176
0.0120842
0.47876
0.112239
0.0598677
0.56924
0.0478029
0.1373
0.03335
0.0493178
0.0849244
0.462338
0.0142986
0.0773194
0.168436
0.67572
0.257716
0.0155024
0.0170477
0.0246687
0.181148
0.0773634
0.17021
0.0677999
0.10264