0.00606203
0.1705
0.900393
0.590529
0.0249577
0.00775701
0.921004
0.172545
0.00435541
0.0063273
0.841177
0.655898
0.851492
0.0198659
0.378175
0.967583
0.128699
0.151248
0.0173159
0.0180045
0.0777239
0.0140768
0.0234542
0.094438
0.142276
0.0218223
0.0389024
0.275786
0.00330953
0.356574
0.000948887
0.0225357
0.00072236
0.00770797
0.0164316
0.861303
0.0353413
0.000519143
0.140358
0.00290729
0.00430813
0.0180148
0.00517282
0.0217927
0.005199
0.0151275
0.00844155
0.00459711
0.0206742
0.104418
0.555203
0.037013
0.709319
0.00611725
0.00226803
0.00506724
0.000740397
0.0030404
0.410253
0.19977
0.0170544
0.0523909
0.150876
0.0220303
0.726411
0.00553355
0.00501716
0.906113
0.0349064
0.02401
0.00868565
0.0185923
0.00156837
0.0861293
0.178873
0.00900433
0.00697285
0.0436962
0.010254
0.00179364
0.0687402
0.00773242
0.00459929
0.225437
0.0226187
0.00120063
0.193208
0.235374
0.0067474
0.0320036
0.0010592
0.000502017
0.00702833
0.0417698
0.135634
0.00400306
0.383617
0.00180969
0.0510847
0.158354