0.0332702
0.15181
0.0328734
0.0143996
0.244536
0.00945011
0.00282301
0.1986
0.179181
0.657463
0.274681
0.00753671
0.0964162
0.522157
0.272887
0.232596
0.12863
0.860323
0.0407465
0.47469
0.273376
0.535645
0.0256292
0.228375
0.201119
0.517222
0.0749537
0.108806
0.0473219
0.490814
0.10362
0.0333931
0.0703513
0.388552
0.0056233
0.0567843
0.606885
0.0258657
0.0568345
0.0127051
0.0986086
0.0734171
0.0658922
0.00656489
0.0381723
0.034241
0.341697
0.22819
0.140649
0.00610344
0.0203258
0.157877
0.00188419
0.0633903
0.0250079
0.0465778
0.012241
0.157293
0.00192618
0.0542154
0.0700761
0.0475497
0.0362231
0.333783
0.00498364
0.164252
0.238615
0.0335136
0.0070578
0.0282732
0.019339
0.298781
0.132454
0.0193673
0.00720538
0.146259
0.291754
0.176818
0.0129481
0.239987
0.0494325
0.00734883
0.553438
0.0058645
0.109162
0.421733
0.388224
0.024135
0.114576
0.0696208
0.126433
0.0470927
0.213625
0.043106
0.0383997
0.162918
0.00405004
0.421985
0.0116944
0.00470214