0.00883921
0.00633497
0.113481
0.0644713
0.394848
0.0719356
0.265998
0.129167
0.0641279
0.13442
0.468581
0.0468898
0.0534037
0.0805091
0.0163973
0.075871
0.729661
0.232552
0.0590752
0.0950601
0.142801
0.323493
0.342955
0.182398
0.831342
0.0718536
0.342706
0.177256
0.33904
0.0523308
0.13491
0.391519
0.0291745
0.481867
0.0567965
0.0428662
0.0362899
0.0143199
0.749651
0.625764
0.100076
0.0227137
0.0161586
0.255179
0.0889633
0.090361
0.020545
0.725166
0.0302299
0.0263198
0.0103584
0.0396683
0.229827
0.00204788
0.100385
0.0207229
0.0328121
0.718222
0.0122302
0.00541882
0.00865409
0.0027269
0.0132751
0.0102917
0.0515459
0.241591
0.101543
0.0913143
0.0454737
0.0429
0.0354586
0.0392062
0.0397366
0.317359
0.0965842
0.0273165
0.0606086
0.00232782
0.252823
0.00325509
0.136996
0.0204606
0.091994
0.00499755
0.0285994
0.00609726
0.00701178
0.0796567
0.0556068
0.0176422
0.128722
0.170992
0.414273
0.156812
0.556717
0.21218
0.0474175
0.211352
0.0478849
0.0922327