0.00524025
0.109923
0.0281522
0.0237281
0.142876
0.0732573
0.219047
0.0132189
0.0227679
0.224617
0.0270355
0.26495
0.716477
0.126722
0.826811
0.006328
0.00869996
0.183113
0.939429
0.576173
0.409412
0.355742
0.52327
0.153374
0.266244
0.233926
0.0426499
0.760588
0.146055
0.224637
0.0108496
0.0461934
0.0274632
0.0189352
0.0106467
0.0352891
0.0669259
0.0062856
0.0268058
0.0288612
0.229085
0.62615
0.364281
0.00889195
0.053573
0.00348763
0.0630496
0.00529906
0.0444283
0.149657
0.0488633
0.0285495
0.24567
0.0701981
0.00709664
0.0916483
0.0103943
0.0143101
0.683097
0.0534123
0.0626986
0.151691
0.0509393
0.0157366
0.0072781
0.0238468
0.0215762
0.0115468
0.0965141
0.100163
0.251491
0.0244217
0.0356904
0.0780422
0.691182
0.253866
0.0236547
0.00467297
0.126647
0.115548
0.0152784
0.0667976
0.00457097
0.0753075
0.158406
0.0963328
0.0104319
0.183369
0.0679559
0.0162496
0.0830028
0.318112
0.00588799
0.277517
0.0193582
0.00801448
0.294818
0.0330794
0.16675
0.217693