0.0400379
0.00991956
0.0102687
0.0870129
0.182523
0.101134
0.35011
0.0304216
0.14495
0.0105445
0.0644771
0.256122
0.474462
0.346286
0.103198
0.273835
0.46803
0.0674068
0.658021
0.249606
0.84363
0.314551
0.34565
0.262439
0.124796
0.246722
0.360212
0.101102
0.0408246
0.125871
0.0599004
0.0109817
0.0475835
0.253805
0.144107
0.0221925
0.162262
0.173652
0.1821
0.0740368
0.0420225
0.0758088
0.0055089
0.0348187
0.047143
0.343696
0.0136444
0.0670125
0.0243859
0.025293
0.027609
0.013799
0.00373558
0.0388639
0.553307
0.136861
0.015051
0.0893007
0.564206
0.0897736
0.0643357
0.373034
0.155991
0.170202
0.0392995
0.00252839
0.174852
0.0927372
0.232354
0.0402659
0.0260271
0.0278487
0.126062
0.252502
0.00282722
0.0413708
0.581649
0.0397781
0.16824
0.0638405
0.0916593
0.0123521
0.0798804
0.0469455
0.0239622
0.0958258
0.478925
0.10194
0.0165055
0.018484
0.0357925
0.00315388
0.457401
0.305509
0.0312847
0.0499491
0.0777867
0.108401
0.0324347
0.219438