0.403952
0.574909
0.485775
0.550277
0.478841
0.548609
0.497633
0.411687
0.460366
0.455699
0.490172
0.407201
0.539241
0.544456
0.47283
0.428064
0.429585
0.417536
0.485733
0.415098
0.456306
0.494511
0.539626
0.472474
0.513983
0.505373
0.421871
0.542892
0.568136
0.528352
0.5731
0.50627
0.456803
0.466573
0.50908
0.410061
0.416372
0.444956
0.577596
0.561715
0.476803
0.596741
0.425048
0.558028
0.453766
0.409951
0.491211
0.481129
0.416523
0.429528
0.537509
0.409011
0.56738
0.436106
0.576578
0.424494
0.524659
0.438959
0.492385
0.480134
0.414719
0.421986
0.481926
0.434763
0.438943
0.563089
0.516563
0.550903
0.48491
0.439769
0.485313
0.549731
0.545213
0.490302
0.422789
0.592209
0.449023
0.54263
0.41003
0.441247
0.521476
0.586522
0.591586
0.550299
0.48093
0.533264
0.431006
0.464776
0.5913
0.407453
0.401165
0.46551
0.470447
0.488154
0.475395
0.597377
0.452272
0.525161
0.544078
0.427463
0.529011
0.453726
0.526812
0.50317
0.532328
0.574638
0.58283
0.467805
0.485746
0.51109
0.502211
0.445647
0.578746
0.557504
0.546068
0.591492
0.570252
0.538713
0.591988
0.504616
0.588274
0.533767
0.589617
0.558694
0.430826
0.458216
0.516401
0.599181
0.579038
0.574665
0.537765
0.5305
0.516732
0.552533
0.562075
0.547152
0.402372
0.491706
0.441795
0.564564
0.491371
0.418431
0.411033
0.466345
0.424326
0.598708
0.527353
0.597482
0.530733
0.48641
0.458116
0.481941
0.58875
0.592232
0.566064
0.565976
0.433594
0.485316
0.432536
0.429964
0.5984
0.452044
0.559085
0.528012
0.518258
0.55109
0.507879
0.43398
0.493618
0.538475
0.515341
0.542185
0.548203
0.444866
0.583143
0.572273
0.483663
0.575984
0.430885
0.556818
0.455752
0.441909
0.487226
0.502453
0.498862
0.498126
0.458723
0.467345
0.408436
0.557889
0.58435
0.484356
0.597709
0.474062
0.496219
0.556275
0.582027
0.481547
0.413876
0.424704
0.528279
0.438488
0.526081
0.482556
0.526014
0.496266
0.495494
0.56588
0.482454
0.449577
0.583121
0.494133
0.58998
0.563117
0.441658
0.513033
0.502758
0.428263
0.533512
0.533556
0.521731
0.545947
0.562579
0.449066
0.417989
0.444315
0.481072
0.553959
0.544678
0.545757
0.417775
0.433552
0.528698
0.520664
0.497219
0.453895
0.581986
0.406439
0.471166
0.556045
0.560522
0.557128
0.428383
0.554763
0.446526
0.5107
0.556845
0.582549
0.522746
0.463162
0.477562
0.505471
0.588299
0.567575
0.564843
0.584643
0.407077
0.476724
0.50895
0.408918
0.532137
0.429783
0.56567
0.522552
0.570625
0.488904
0.544946
0.458995
0.423879
0.517464
0.567698
0.454074
0.414933
0.599153
0.449968
0.575235
0.483309
0.455974
0.505448
0.501727
0.564058
0.565921
0.599156
0.46007
0.413078
0.554445
0.465372
0.452825
0.431303
0.51295
0.573466
0.501978
0.533699
0.41705
0.521344
0.492255
0.459138
0.566454
0.538801
0.451965
0.537905
0.538586
0.478411
0.414937
0.543647
0.431734
0.457295
0.466518
0.576067
0.583316
0.473675
0.544796
0.467486
0.599015
0.435115
0.573878
0.576595
0.528602
0.588668
0.575521
0.563672
0.476583
0.563894
0.573157
0.596535
0.537532
0.569912
0.499795
0.512465
0.455044
0.425273
0.45516
0.475295
0.444267
0.471032
0.453298
0.445169
0.416461
0.538424
0.577607
0.58757
0.553083
0.567673
0.531821
0.594197
0.51793
0.502748
0.456777
0.403575
0.443213
0.473527
0.59089
0.467381
0.584035
0.561447
0.565
0.475571
0.472833
0.568402
0.555318
0.59873
0.40957
0.591574
0.595095
0.410268
0.422677
0.599866
0.468679
0.570963
0.475443
0.553849
0.42447
0.542557
0.460989
0.53466
0.492565
0.471426
0.441089
0.432543
0.464658
0.452794
0.494298
0.487195
0.540786
0.587541
0.428841
0.441145
0.552408
0.525184
0.457914
0.571678
0.434587
0.551387
0.411344
0.421048
0.444232
0.556805
0.461261
0.451693
0.544379
0.49962
0.550392
0.454307
0.576277
0.46371
0.458743
0.462441
0.450109
0.475808
0.495848
0.466004
0.522436
0.535878
0.553238
0.435937
0.410879
0.415729
0.480935
0.543935
0.593651
0.511037
0.560344
0.432632
0.582438
0.530909
0.511533
0.469434
0.503993
0.445674
0.581453
0.553174
0.552669
0.454553
0.403725
0.544323
0.439688
0.424048
0.434686
0.537158
0.462457
0.491834
0.434373
0.594
0.458107
0.460839
0.41423
0.5579
0.424974
0.441357
0.586054
0.419724
0.424465
0.498403
0.550194
0.540072
0.580868
0.434656
0.461159
0.594378
0.573279
0.546907
0.590302
0.524339
0.461819
0.432483
0.501448
0.562847
0.423603
0.425824
0.471947
0.493106
0.535241
0.521311
0.461903
0.459481
0.509965
0.518764
0.54623
0.545154
0.470484
0.514578
0.579791
0.514371
0.412621
0.535154
0.583432
0.579753
0.585534
0.413185
0.438278
0.559579
0.588967
0.583748
0.435412
0.411189
0.461829
0.479263
0.568754
0.530588
0.526715
0.416426
0.445106
0.546749
0.52489
0.547838
0.522891
0.467768
0.59934
0.520251
0.491393
0.408828
0.411789
0.451929
0.571773
0.494138
0.55915
0.539158
0.484904
0.48045
0.445562
0.533587
0.571021
0.596136
0.468597
0.529203
0.553454
0.576062
0.482099
0.442531
0.462143
0.570947
0.584459
0.535506
0.513405
0.543686
0.459489
0.415446
0.420675
0.483225
0.548063
0.444527
0.52347
0.576112
0.565447
0.593818
0.451976
0.470449
0.479926
0.563475
0.595002
0.508673
0.471278
0.512058
0.512004
0.488473
0.599018
0.430275
0.491648
0.573465
0.483783
0.402529
0.554214
0.576736
0.463768
0.583901
0.405201
0.55364
0.450556
0.549082
0.557216
0.444676
0.463748
0.527799
0.444385
0.473501
0.498916
0.458562
0.582666
0.449365
0.446251
0.462172
0.418178
0.506446
0.597153
0.530895
0.596581
0.434875
0.554612
0.558828
0.516349
0.538454
0.484139
0.439998
0.563137
0.485701
0.4491
0.422634
0.449208
0.462065
0.593131
0.512826
0.552145
0.517911
0.435746
0.458729
0.457815
0.519731
0.510436
0.444359
0.496417
0.443805
0.59439
0.558329
0.433119
0.572703
0.598345
0.41862
0.5361
0.496833
0.406118
0.477487
0.543365
0.58584
0.438128
0.433038
0.478886
0.588832
0.498415
0.494278
0.419145
0.555872
0.516639
0.430695
0.4624
0.437003
0.559685
0.555607
0.572601
0.403884
0.417324
0.584754
0.532852
0.575177
0.474506
0.533005
0.53576
0.568214
0.532452
0.440844
0.56776
0.463103
0.571715
0.500725
0.57474
0.439155
0.411779
0.584783
0.41769
0.53948
0.594358
0.45319
0.52065
0.595761
0.530205
0.52523
0.456336
0.430766
0.4886
0.4453
0.428972
0.530016
0.517698
0.504238
0.526525
0.51778
0.595986
0.500999
0.455556
0.548219
0.597243
0.527472
0.597372
0.577215
0.5675
0.431752
0.490273
0.458199
0.592333
0.542079
0.412945
0.449733
0.596805
0.421953
0.499388
0.594847
0.47876
0.478685
0.580881
0.564528
0.514462
0.464605
0.448073
0.443841
0.484303
0.420695
0.412496
0.537201
0.532761
0.433802
0.473471
0.590062
0.458893
0.485676
0.48509
0.578522
0.444102
0.569815
0.413893
0.555131
0.508351
0.444177
0.582234
0.467682
0.425324
0.532068
0.580464
0.559398
0.50822
0.458165
0.579065
0.598112
0.56601
0.480947
0.572952
0.498502
0.400114
0.595235
0.456835
0.494471
0.509223
0.445324
0.558057
0.434528
0.508766
0.572832
0.450994
0.419705
0.499551
0.571008
0.443883
0.4722
0.42926
0.504246
0.400114
0.519773
0.582731
0.597015
0.570777
0.531261
0.487527
0.501365
0.431865
0.573176
0.53953
0.441736
0.585201
0.410473
0.541443
0.426504
0.466203
0.588641
0.560971
0.436251
0.594478
0.543152
0.514104
0.515495
0.450036
0.485704
0.467786
0.5091
0.474865
0.494962
0.529587
0.461877
0.593522
0.400972
0.511071
0.408071
0.518256
0.559462
0.522841
0.55911
0.480805
0.540869
0.593968
0.540619
0.561034
0.578795
0.532403
0.471167
0.594549
0.421679
0.415566
0.481957
0.459833
0.550011
0.476822
0.497493
0.542271
0.58386
0.449102
0.451122
0.489944
0.516083
0.576768
0.409366
0.556601
0.459763
0.556345
0.470116
0.499658
0.468922
0.42783
0.595412
0.517747
0.462472
0.557535
0.457996
0.517445
0.478981
0.448887
0.429416
0.404214
0.472667
0.502196
0.454655
0.540423
0.54676
0.576262
0.478743
0.567014
0.569913
0.587247
0.452511
0.563487
0.5485
0.444903
0.497407
0.593275
0.500615
0.577767
0.575489
0.553957
0.456141
0.488203
0.586458
0.487325
0.474371
0.567742
0.538982
0.572732
0.542053
0.588507
0.434195
0.596281
0.416152
0.464921
0.458051
0.401422
0.586641
0.541433
0.570068
0.454443
0.527034
0.556464
0.518527
0.547248
0.573241
0.413011
0.433658
0.569168
0.439586
0.510152
0.52988
0.42972
0.460301
0.43168
0.553932
0.512237
0.470599
0.411584
0.407112
0.547055
0.428029
0.586308
0.425708
0.525171
0.591958
0.506262
0.498853
0.48572
0.4188
0.592804
0.46796
0.473961
0.59891
0.474779
0.50911
0.431281
0.508273
0.542875
0.464942
0.529614
0.402965
0.557905
0.59917
0.5664
0.528938
0.501469
0.59878
0.584719
0.466361
0.470575
0.555363
0.420659
0.574574
0.498228
0.486975
0.58287
0.468337
0.533534
0.473731
0.488398
0.421854
0.597113
0.432476
0.400669
0.412671
0.554438
0.443662
0.48814
0.554387
0.461989
0.477222
0.429957
0.415943
0.509646
0.561475
0.568288
0.506484
0.460865
0.554967
0.400722
0.582921
0.545042
0.569516
0.488124
0.582523
0.592591
0.483312
0.593894
0.404766
0.550505
0.495493
0.516164
0.50489
0.496182
0.553386
0.48562
0.462535
0.552555
0.552235
0.589588
0.512271
0.42965
0.488884
0.480156
0.44816
0.597007
0.461106
0.411268
0.437876
0.480961
0.558275
0.580284
0.496112
0.562854
0.444251
0.478237
0.416169
0.479499
0.56554
0.478114
0.416727
0.557721
0.446989
0.521058
0.473782
0.558017
0.525098
0.463696
0.576297
0.4969
0.555425
0.550076
0.430237
0.522908
0.410969
0.594525
0.488923
0.516957
0.547116
0.419749
0.428554
0.565744
0.566588
0.517011
0.46326
0.431371
0.437371
0.426076
0.419492
0.413096
0.405305
0.546877
0.561657
0.433455
0.552998
0.421091
0.40632
0.539381
0.56533
0.536495
0.495419
0.455791
0.46897
0.443028
0.576885
0.568306
0.442823
0.573337
0.514212
0.554411
0.449411
0.544059
0.493035
0.549135
0.459173
0.507199
0.580856
0.486977
0.52983
0.481056
0.482272
0.597818
0.592059
0.54008
0.591466
0.522829
0.484881
0.531184
0.48208
0.569196
0.531627
0.56872
0.445525
0.422249
0.523034
0.403062
0.520548
0.471181
0.580366
0.544723
0.502354
0.438683
0.502679
0.5843
0.594168
0.565598
0.436539
0.503818
0.580794
0.53162
0.493921
0.439286
0.482429
0.4657
0.563108
0.483725
0.445409
0.525144
0.589008
0.517157
0.521175
0.408405
0.53186
0.534899
0.45257
0.5963
0.40968
0.53179
0.403118
0.406884
0.596216
0.533184
0.439165
0.553027
0.458163
0.551557
0.567851
0.48301
0.529176
0.540392
0.588389
0.428079
0.530198
0.55586
0.407125
0.44926
0.577854
0.473452
0.576533
0.422455
0.534844
0.444989
0.545546
0.444725
0.461781
0.494716
0.533222
0.579297
0.57402
0.560309
0.468169
0.583712
0.55629
0.471323
0.40789
0.53035
0.550933
0.405065
0.403767
0.507875
0.530746
0.47404
0.445969
0.540973
0.473118
0.511504
0.548649
0.479105
0.494703
0.485546
0.43149
0.591861
0.581604
0.529518
0.570838
0.508401
0.410928
0.419924
0.447225
0.422856
0.59624
0.484927
0.451695
0.481666
0.595806
0.54079
0.4908
0.460547
0.568381
0.591413
0.577839
0.539063
0.586686
0.551013
0.528462
0.550421
0.41363
0.505927
0.578054
0.59183
0.47541
0.586589
0.410823
0.543474
0.506278
0.486543
0.579524
0.47435
0.534201
0.441274
0.515341
0.437203
0.590607
0.535044
0.444666
0.43894
