0.474219
0.58293
0.481339
0.579327
0.474255
0.412486
0.508117
0.403285
0.575391
0.553183
0.580781
0.466577
0.432879
0.42667
0.515597
0.493198
0.465577
0.52599
0.506358
0.423891
0.544236
0.590392
0.54784
0.530484
0.408803
0.459948
0.469094
0.424681
0.41802
0.418777
0.511504
0.543945
0.409593
0.565991
0.475007
0.562312
0.415655
0.544531
0.449633
0.577581
0.401295
0.405504
0.480818
0.588576
0.56422
0.442432
0.589662
0.438107
0.428339
0.552513
0.485805
0.436329
0.591448
0.469566
0.486224
0.592226
0.496322
0.533114
0.499637
0.466868
0.580499
0.578757
0.477054
0.500722
0.459761
0.463241
0.599339
0.545053
0.41608
0.586568
0.519822
0.586882
0.419147
0.581594
0.585865
0.40837
0.501306
0.423446
0.489349
0.560015
0.5554
0.527958
0.592477
0.583941
0.406819
0.468641
0.477469
0.499238
0.448503
0.540837
0.573256
0.490723
0.482254
0.495429
0.482932
0.498254
0.500647
0.503971
0.491907
0.50065
0.40938
0.525266
0.572899
0.413152
0.550333
0.423519
0.471052
0.481523
0.531254
0.43498
0.502507
0.515935
0.574389
0.448529
0.455058
0.467748
0.415146
0.552189
0.437326
0.507511
0.492776
0.576557
0.590195
0.544755
0.479295
0.403624
0.421408
0.490581
0.427012
0.444786
0.509979
0.442223
0.565685
0.55516
0.573059
0.562591
0.597162
0.537954
0.43089
0.489637
0.466341
0.555601
0.403478
0.547803
0.464238
0.453774
0.449499
0.477205
0.413209
0.490023
0.456154
0.535661
0.555973
0.423298
0.526627
0.408242
0.434877
0.464694
0.403468
0.583548
0.464061
0.47852
0.50951
0.439198
0.460074
0.483888
0.584012
0.594208
0.405694
0.554348
0.512798
0.506736
0.511294
0.48547
0.588521
0.415703
0.588443
0.50727
0.408131
0.550089
0.597625
0.437646
0.448671
0.547853
0.447875
0.422281
0.504215
0.563968
0.582985
0.482521
0.428734
0.593297
0.551349
0.421789
0.559386
0.577047
0.469502
0.418561
0.581275
0.442968
0.566849
0.419158
0.560581
0.544374
0.536252
0.523875
0.46398
0.542311
0.401942
0.573143
0.516263
0.575627
0.58239
0.431092
0.451398
0.492728
0.582712
0.545139
0.451938
0.441573
0.523039
0.51133
0.468939
0.477381
0.506142
0.594866
0.529244
0.575003
0.403855
0.551596
0.444685
0.419051
0.53449
0.563234
0.542145
0.531922
0.492221
0.410834
0.554238
0.535386
0.412567
0.534769
0.535666
0.405483
0.469707
0.585927
0.570159
0.40293
0.560376
0.580818
0.535703
0.490508
0.496349
0.506973
0.442219
0.416419
0.421137
0.423824
0.4653
0.456986
0.49185
0.410349
0.408063
0.536312
0.568056
0.504177
0.597371
0.537037
0.485647
0.406054
0.449113
0.536045
0.535591
0.439854
0.449
0.479068
0.546193
0.516437
0.473575
0.589729
0.532974
0.407516
0.541947
0.57009
0.574751
0.52289
0.43241
0.511642
0.499254
0.429298
0.578562
0.563415
0.483579
0.502063
0.478282
0.581621
0.519693
0.539303
0.499749
0.462847
0.400465
0.409679
0.499975
0.559108
0.547356
0.403466
0.537868
0.516002
0.411619
0.440071
0.493969
0.542789
0.446308
0.450233
0.402838
0.579739
0.558469
0.469669
0.542802
0.516063
0.582122
0.59826
0.591559
0.563921
0.43238
0.416798
0.40378
0.478969
0.480334
0.49544
0.474909
0.58124
0.43932
0.479562
0.529268
0.447596
0.473109
0.503732
0.492308
0.516328
0.458718
0.592671
0.453619
0.411925
0.592382
0.443486
0.406871
0.504051
0.532425
0.573549
0.531619
0.513536
0.554478
0.495284
0.531966
0.595288
0.538261
0.408153
0.568205
0.456958
0.519785
0.477804
0.539117
0.499004
0.594715
0.545489
0.460657
0.589097
0.442309
0.424704
0.457945
0.412837
0.486099
0.528709
0.525949
0.569345
0.488255
0.418133
0.497802
0.454028
0.528904
0.542076
0.461507
0.41084
0.58864
0.546544
0.410792
0.503775
0.568747
0.578271
0.412923
0.476978
0.432123
0.434128
0.422837
0.585102
0.544405
0.490182
0.583863
0.433587
0.471372
0.470675
0.575129
0.548045
0.514063
0.445692
0.416957
0.405911
0.464706
0.475905
0.566991
0.566364
0.400561
0.541975
0.56797
0.583304
0.417083
0.523839
0.448573
0.513989
0.530468
0.556816
0.57151
0.46227
0.516274
0.549208
0.417504
0.475768
0.498291
0.500065
0.419947
0.432302
0.504016
0.555378
0.447397
0.554964
0.513889
0.429369
0.598232
0.576167
0.498743
0.533972
0.534055
0.560638
0.585005
0.410266
0.400008
0.506429
0.414683
0.523248
0.599733
0.597856
0.584555
0.431294
0.578311
0.445439
0.470976
0.463987
0.481384
0.418891
0.579892
0.501581
0.527146
0.505363
0.411441
0.540705
0.55125
0.587816
0.489635
0.456686
0.498085
0.419412
0.466307
0.421642
0.438997
0.551522
0.467323
0.553427
0.405823
0.481329
0.408771
0.531911
0.409729
0.427917
0.560846
0.466652
0.562317
0.499657
0.557432
0.570609
0.403584
0.493281
0.405355
0.487284
0.564315
0.518688
0.574262
0.575265
0.597284
0.420621
0.54458
0.403092
0.507217
0.418592
0.423313
0.539957
0.525183
0.512442
0.415006
0.443906
0.433439
0.471197
0.472209
0.47483
0.416986
0.424542
0.471121
0.46096
0.474655
0.539074
0.546686
0.481753
0.502353
0.439909
0.569981
0.46579
0.48646
0.549314
0.428281
0.423738
0.577584
0.586926
0.445101
0.580796
0.451166
0.429503
0.515555
0.494977
0.536768
0.455497
0.507095
0.413698
0.505249
0.526342
0.464569
0.595265
0.51193
0.476913
0.543541
0.466314
0.409054
0.495906
0.424599
0.4589
0.50827
0.519186
0.568947
0.54653
0.430971
0.532851
0.496371
0.554243
0.598359
0.533136
0.59129
0.584666
0.580318
0.481664
0.417281
0.412307
0.471264
0.442702
0.563793
0.586886
0.471113
0.499278
0.468813
0.563816
0.48261
0.576771
0.555208
0.438795
0.509047
0.518253
0.517036
0.596557
0.47671
0.440892
0.465971
0.579011
0.582885
0.469147
0.588351
0.487833
0.402936
0.576408
0.574162
0.581974
0.451936
0.434913
0.516946
0.443629
0.433183
0.597626
0.51795
0.585794
0.593009
0.469498
0.472748
0.466763
0.418164
0.456934
0.49602
0.59342
0.486071
0.542976
0.415327
0.563936
0.410966
0.594482
0.421822
0.448024
0.48854
0.560412
0.535976
0.569448
0.555926
0.592107
0.560143
0.597141
0.474989
0.481222
0.584356
0.585344
0.579963
0.423412
0.544337
0.591184
0.525591
0.501612
0.594726
0.520882
0.598184
0.494875
0.522164
0.45787
0.530633
0.547181
0.522527
0.573947
0.412703
0.574042
0.541131
0.460223
0.416347
0.408344
0.40928
0.414955
0.455317
0.560804
0.539313
0.441545
0.591747
0.412934
0.571612
0.480268
0.526083
0.598953
0.426659
0.428222
0.479388
0.419404
0.506948
0.585098
0.407148
0.526734
0.567444
0.432593
0.473605
0.473182
0.544726
0.589083
0.527312
0.505743
0.425055
0.505306
0.465211
0.46302
0.556542
0.524996
0.498022
0.597021
0.466546
0.494651
0.470649
0.553392
0.480204
0.516147
0.59694
0.519836
0.480013
0.591854
0.509015
0.434177
0.542465
0.587522
0.467967
0.416711
0.457118
0.49689
0.40255
0.479032
0.577364
0.424225
0.419211
0.410627
0.418594
0.415161
0.594079
0.462986
0.43957
0.447134
0.565751
0.565004
0.405964
0.564548
0.589699
0.474541
0.499552
0.477685
0.45918
0.559505
0.44168
0.537139
0.411752
0.437586
0.409381
0.551733
0.43896
0.574644
0.44766
0.574482
0.427923
0.454306
0.514396
0.414196
0.510294
0.49606
0.529581
0.406058
0.498391
0.448472
0.52409
0.430566
0.435655
0.548933
0.526138
0.418092
0.553208
0.586863
0.418131
0.486098
0.517638
0.535712
0.466814
0.59656
0.468709
0.501192
0.423704
0.522258
0.409358
0.50644
0.494753
0.425151
0.410829
0.577802
0.572717
0.430443
0.470045
0.523191
0.418019
0.408354
0.439478
0.414526
0.547244
0.503153
0.580393
0.558661
0.551843
0.560329
0.535506
0.406261
0.490529
0.556323
0.43674
0.581481
0.539777
0.555044
0.539945
0.402591
0.551485
0.540319
0.441056
0.547509
0.460967
0.459782
0.411053
0.541361
0.565072
0.422237
0.462658
0.485871
0.513075
0.425903
0.460709
0.494943
0.559275
0.447048
0.580177
0.400766
0.523632
0.456586
0.422874
0.522379
0.540095
0.548381
0.47506
0.539371
0.564432
0.450018
0.508818
0.437859
0.401312
0.512732
0.521397
0.551345
0.599864
0.554418
0.48978
0.449564
0.529522
0.479943
0.505652
0.421794
0.415875
0.466304
0.56848
0.548444
0.434582
0.583369
0.428896
0.539439
0.516462
0.517785
0.438289
0.442633
0.4454
0.455052
0.46537
0.521404
0.438986
0.46627
0.598478
0.471912
0.572621
0.462971
0.549821
0.581339
0.532368
0.497852
0.459249
0.483364
0.519729
0.545183
0.546761
0.481019
0.518702
0.435302
0.454378
0.534351
0.549295
0.459464
0.481873
0.4627
0.444398
0.401696
0.470252
0.524522
0.561186
0.430459
0.564334
0.422429
0.592965
0.450538
0.465443
0.485349
0.504128
0.42251
0.499935
0.586789
0.407368
0.580228
0.509953
0.455799
0.494622
0.53273
0.480856
0.516021
0.42793
0.42362
0.488558
0.449
0.410163
0.425243
0.423097
0.472008
0.428143
0.503088
0.54472
0.541238
0.51272
0.561588
0.532959
0.434161
0.430025
0.507716
0.421884
0.48656
0.446896
0.582005
0.568999
0.570344
0.461946
0.498334
0.44436
0.47171
0.421431
0.517782
0.515224
0.566152
0.479847
0.588632
0.400298
0.571803
0.426639
0.441803
0.595705
0.415805
0.432706
0.548975
0.523689
0.56501
0.528544
0.505339
0.521083
0.470786
0.400672
0.530896
0.435929
0.529154
0.499842
0.473611
0.427144
0.557845
0.4232
0.410071
0.524628
0.589078
0.593313
0.510062
0.483068
0.431678
0.453158
0.482382
0.45632
0.469261
0.488647
0.520034
0.467197
0.546224
0.473668
0.544833
0.526522
0.400667
0.511356
0.497326
0.402267
0.546964
0.533048
0.584967
0.52083
0.479642
0.555087
0.52209
0.492626
0.592263
0.491753
0.435785
0.585719
0.417597
0.447191
0.570246
0.595813
0.571121
0.458584
0.447572
0.428581
0.544593
0.462127
0.506428
0.577337
0.554128
0.418314
0.462819
0.490808
0.540168
0.465581
0.561573
0.433776
0.555549
0.522967
0.429407
0.531059
0.475295
0.564915
0.52617
0.485737
0.418907
0.535346
0.464067
0.460848
0.518537
0.491724
0.535562
0.567763
0.457499
0.486164
0.466969
0.54161
0.594363
0.419233
0.593452
0.500078
0.502537
0.508943
0.422548
0.565976
0.567392
0.499771
0.589344
0.425882
0.487181
0.493149
0.404
0.416876
0.462053
0.502076
0.423812
0.485743
0.462092
0.544154
0.408397
0.512401
0.408303
0.487571
0.467658
0.532595
0.587554
0.506262
0.53664
0.503767
0.540714
0.56288
0.503373
0.460311
0.478441
0.426355
0.555801
0.58192
0.59215
0.452365
0.415419
0.415988
0.502995
0.57544
0.527502
0.548263
0.504613
0.453366
0.551552
0.578362
0.432742
0.587322
0.516819
0.491607
0.583509
0.555236
0.493453
0.517974
0.427699
0.554205
0.52824
0.479799
0.596727
0.453446
0.585484
0.538916
0.522905
0.434818
0.439333
0.425057
0.428433
0.451892
0.549904
0.420292
0.597916
0.548494
0.424542
0.489554
0.456282
0.409545
0.426907
0.446559
0.436917
0.442114
0.507147
0.428828
0.535301
0.53861
0.470913
0.454883
0.414306
0.473491
0.48346
0.487505
0.406166
0.403049
0.518869
0.495778
0.4471
0.560145
0.573508
0.459958
0.46864
0.591437
0.451387
0.473553
0.501604
0.442522
0.579606
0.434792
0.443784
0.52257
0.518599
0.510447
0.455418
0.406969
0.477268
0.590932
0.505034
0.594175
0.559718
0.555254
0.510267
0.489885
0.433923
0.509589
0.597385
0.571555
0.523022
0.543495
0.501478
0.464262
0.55488
0.401193
0.468379
0.47667
0.528841
0.514619
0.500223
0.435706
0.574418
0.411143
0.474564
0.435314
0.580347
0.572551
0.400608
0.582363
0.494103
0.403517
0.552551
0.529258
0.51995
0.470353
0.511558
0.466744
0.587732
0.431632
0.541737
