0.14399
0.144092
0.144767
0.14558
0.146641
0.150856
0.15254
0.154287
0.156378
0.153952
0.160663
0.163404
0.161925
0.169135
0.167724
0.169921
0.177847
0.175301
0.176925
0.182909
0.177949
0.178014
0.176764
0.169985
0.177957
0.174892
0.16688
0.163625
0.160988
0.159007
0.160063
0.157492
0.15597
0.153844
0.148604
0.147638
0.15025
0.149474
0.148992
0.148531
0.144412
0.144431
0.148058
0.147556
0.147215
0.147013
0.14355
0.143844
0.143059
0.143075
0.143458
0.143181
0.143081
0.14317
0.143193
0.143185
0.143075
0.143376
0.142989
0.142597
0.142519
0.142792
0.139272
0.139414
0.142539
0.142846
0.142818
0.143164
0.143116
0.142777
0.142647
0.143061
0.142327
0.142853
0.139236
0.139216
0.139212
0.143127
0.142903
0.143239
0.143141
0.143195
0.143077
0.143063
0.143273
0.143065
0.1429
0.139584
0.139166
0.14284
0.142942
0.143144
0.143
0.143228
0.143476
0.143072
0.143028
0.143147
0.143441
0.139863