0.143673
0.144255
0.14488
0.145698
0.146401
0.150981
0.152128
0.153844
0.156139
0.153632
0.160575
0.163213
0.161291
0.169573
0.167777
0.170626
0.178316
0.175108
0.176789
0.182729
0.17826
0.178113
0.176862
0.170225
0.17748
0.174611
0.167
0.16433
0.161277
0.159181
0.160201
0.157933
0.15567
0.154386
0.148735
0.147848
0.150514
0.149254
0.148616
0.148553
0.144937
0.144509
0.147624
0.147323
0.147492
0.14714
0.143372
0.143505
0.143708
0.143724
0.143159
0.143096
0.142758
0.143058
0.143027
0.14305
0.143301
0.143481
0.142992
0.142663
0.142905
0.142782
0.139534
0.139508
0.142609
0.14281
0.142884
0.143002
0.143081
0.143191
0.142909
0.142505
0.142666
0.142883
0.139396
0.139155
0.139357
0.142541
0.143025
0.14308
0.143218
0.143058
0.143354
0.143148
0.142939
0.142691
0.142623
0.139253
0.139542
0.142928
0.142893
0.142654
0.143134
0.143088
0.142876
0.14312
0.142934
0.143124
0.14296
0.140038