0.143712
0.144244
0.145022
0.145579
0.146384
0.151179
0.152707
0.154346
0.155907
0.153674
0.160568
0.163548
0.161294
0.169165
0.167845
0.1701
0.177801
0.175313
0.17661
0.183062
0.178259
0.178115
0.1768
0.170457
0.177966
0.174782
0.167258
0.163731
0.161698
0.159001
0.160352
0.157901
0.155675
0.15371
0.148271
0.14733
0.150452
0.149384
0.148906
0.148218
0.144701
0.144669
0.147825
0.14806
0.147099
0.147282
0.143443
0.143248
0.143383
0.143044
0.143043
0.142832
0.143073
0.142502
0.143183
0.143255
0.143435
0.143417
0.142892
0.142994
0.142948
0.142807
0.138963
0.139661
0.142936
0.142665
0.142753
0.14307
0.143264
0.142969
0.142635
0.142872
0.143141
0.142723
0.139174
0.13942
0.139425
0.142717
0.142685
0.143017
0.143125
0.143224
0.142899
0.142775
0.142962
0.142916
0.143037
0.139282
0.139238
0.14272
0.142845
0.142966
0.143293
0.143105
0.142913
0.143029
0.143461
0.143024
0.143228
0.140408