0.143925
0.144745
0.144449
0.145443
0.146208
0.150982
0.152404
0.153972
0.156023
0.153262
0.160369
0.163353
0.161582
0.168994
0.16788
0.170412
0.177607
0.175955
0.176761
0.182362
0.178523
0.178094
0.176694
0.169883
0.177225
0.174607
0.166978
0.164026
0.161047
0.158951
0.160236
0.157841
0.155546
0.15385
0.149027
0.147604
0.150095
0.149527
0.148947
0.148417
0.144906
0.144072
0.147546
0.14785
0.147306
0.147322
0.143444
0.143787
0.143234
0.142997
0.143289
0.143301
0.143009
0.14319
0.142874
0.143279
0.143091
0.142848
0.142981
0.142778
0.142998
0.143117
0.139125
0.139686
0.14273
0.143067
0.142751
0.142932
0.14291
0.143267
0.143044
0.143056
0.142886
0.14298
0.139589
0.138963
0.139388
0.143134
0.142429
0.142882
0.142855
0.143016
0.14321
0.142617
0.14305
0.14299
0.142852
0.139447
0.139334
0.14312
0.143505
0.14288
0.142915
0.143689
0.143299
0.143504
0.143221
0.143257
0.143317
0.140078