0.143592
0.144014
0.144563
0.145484
0.146637
0.151318
0.152632
0.154228
0.156022
0.153611
0.16041
0.163827
0.161257
0.169003
0.167807
0.170124
0.177996
0.17523
0.17651
0.182838
0.178004
0.177936
0.1769
0.170426
0.177685
0.175007
0.167053
0.163918
0.161305
0.159307
0.160197
0.157692
0.155661
0.153626
0.148458
0.147482
0.150356
0.149669
0.148882
0.148826
0.1447
0.144523
0.147905
0.147476
0.146955
0.147552
0.143672
0.143815
0.143884
0.143269
0.1433
0.143399
0.143157
0.143154
0.143066
0.143148
0.143105
0.142768
0.143139
0.142468
0.142864
0.142684
0.139349
0.139232
0.142872
0.143068
0.142535
0.142697
0.143172
0.143385
0.143018
0.14315
0.142664
0.142804
0.139536
0.139285
0.139304
0.143023
0.142759
0.142911
0.143016
0.142966
0.14306
0.142936
0.142717
0.142832
0.142749
0.139516
0.139002
0.142721
0.143013
0.142937
0.143035
0.14331
0.143195
0.142931
0.143086
0.14307
0.143613
0.140036