0.143924
0.1444
0.145047
0.145537
0.146738
0.151215
0.152496
0.154219
0.155899
0.153576
0.160264
0.162958
0.161894
0.168917
0.167769
0.169988
0.178193
0.175272
0.176652
0.18235
0.178326
0.178155
0.17663
0.169861
0.177926
0.17464
0.166837
0.164247
0.161283
0.158923
0.16026
0.158009
0.155793
0.154018
0.148405
0.147846
0.150376
0.149705
0.148796
0.148561
0.144777
0.144778
0.14765
0.147678
0.147229
0.147293
0.143166
0.143091
0.143691
0.143273
0.14293
0.142787
0.142945
0.143195
0.142882
0.143341
0.143149
0.14356
0.143026
0.142975
0.142901
0.143007
0.139295
0.13953
0.142847
0.143045
0.14301
0.142914
0.143005
0.142913
0.143372
0.14289
0.14312
0.142836
0.139326
0.139374
0.139321
0.14268
0.14274
0.142898
0.14294
0.143334
0.142974
0.143133
0.142772
0.143002
0.142797
0.139582
0.139413
0.142802
0.14289
0.143083
0.143186
0.142928
0.142886
0.143047
0.142992
0.143141
0.142921
0.139828