0.143319
0.144501
0.144761
0.145527
0.145855
0.150863
0.152532
0.153878
0.155801
0.153133
0.160559
0.16331
0.161822
0.168709
0.167757
0.17013
0.177978
0.175163
0.176817
0.182932
0.178727
0.177688
0.176917
0.170223
0.177737
0.174795
0.167081
0.163963
0.161947
0.159438
0.160291
0.157941
0.15578
0.154521
0.14858
0.148046
0.15017
0.149285
0.148918
0.148675
0.14455
0.144387
0.147556
0.147597
0.147357
0.147371
0.143785
0.143445
0.143184
0.143515
0.143201
0.143086
0.143214
0.143104
0.14318
0.142916
0.143164
0.14301
0.143333
0.142842
0.142819
0.142734
0.1394
0.139355
0.142856
0.143291
0.142861
0.142857
0.143139
0.14298
0.143311
0.142972
0.143135
0.143142
0.139322
0.139533
0.139693
0.142728
0.143154
0.142771
0.14299
0.14291
0.14316
0.142734
0.142769
0.143104
0.142829
0.139362
0.138961
0.142838
0.14261
0.142839
0.142843
0.143209
0.142896
0.14299
0.142997
0.142974
0.14326
0.139805