0.143785
0.144083
0.144461
0.145468
0.146084
0.15066
0.152191
0.153739
0.155545
0.153289
0.160454
0.163456
0.16169
0.169248
0.168112
0.17018
0.177983
0.175436
0.177028
0.183057
0.178473
0.177799
0.176922
0.170335
0.177548
0.174882
0.166893
0.164396
0.161332
0.159298
0.160729
0.15761
0.155917
0.154373
0.148186
0.147559
0.150135
0.149689
0.148964
0.148726
0.144755
0.144447
0.147631
0.147254
0.147482
0.14724
0.143514
0.143281
0.143562
0.143326
0.143108
0.14307
0.143195
0.143381
0.143029
0.142978
0.143117
0.143071
0.142829
0.142768
0.142751
0.142972
0.13922
0.139218
0.142726
0.143074
0.142626
0.142844
0.142867
0.143459
0.142448
0.142967
0.142788
0.14285
0.139577
0.13927
0.139595
0.14269
0.142789
0.142898
0.143108
0.143294
0.143049
0.142635
0.143118
0.143083
0.142714
0.139725
0.139511
0.142953
0.14303
0.14294
0.143252
0.14307
0.143274
0.143185
0.143333
0.143262
0.143495
0.139589