0.143617
0.144346
0.14478
0.14545
0.146472
0.151125
0.152338
0.153589
0.155928
0.153467
0.160432
0.163012
0.161532
0.16897
0.167643
0.169982
0.177876
0.17533
0.176311
0.182718
0.178554
0.178241
0.176862
0.170678
0.177666
0.174818
0.167261
0.164115
0.161339
0.159317
0.160244
0.157844
0.155906
0.154049
0.148344
0.147385
0.150431
0.149557
0.149
0.148138
0.144749
0.144667
0.147596
0.147722
0.147174
0.147458
0.143549
0.143941
0.143708
0.143164
0.143228
0.143396
0.143216
0.142987
0.143383
0.143123
0.14298
0.142804
0.14353
0.143056
0.142791
0.143265
0.139341
0.139315
0.143186
0.143007
0.142822
0.142668
0.143324
0.143393
0.142697
0.14306
0.142616
0.142921
0.139451
0.139605
0.139425
0.14253
0.142623
0.14301
0.142898
0.143184
0.143231
0.14318
0.142636
0.142878
0.142686
0.139204
0.139404
0.143059
0.142437
0.142943
0.142792
0.143132
0.142608
0.142913
0.143249
0.142881
0.14352
0.140016