0.143784
0.144455
0.144893
0.145422
0.146531
0.150988
0.152471
0.154684
0.155806
0.153841
0.160688
0.163445
0.161242
0.169242
0.168151
0.170318
0.177682
0.175324
0.17636
0.182809
0.178096
0.177782
0.176879
0.170159
0.177458
0.174878
0.166797
0.164232
0.161447
0.159144
0.160005
0.157646
0.155919
0.154046
0.148797
0.147748
0.150207
0.149379
0.149088
0.148462
0.144751
0.144454
0.14764
0.147556
0.14743
0.147077
0.143626
0.143485
0.143639
0.142905
0.14303
0.142877
0.142832
0.143414
0.142991
0.143173
0.143225
0.143041
0.142784
0.1429
0.143168
0.142772
0.139391
0.139402
0.143019
0.142803
0.142862
0.143318
0.143072
0.143223
0.143135
0.142901
0.142809
0.142814
0.138702
0.139387
0.139346
0.142713
0.142579
0.143016
0.142893
0.143003
0.143164
0.143079
0.142968
0.143009
0.143022
0.139315
0.139335
0.143225
0.143218
0.143009
0.143039
0.143075
0.142975
0.143053
0.14296
0.143194
0.143042
0.139858