0.14352
0.144313
0.144683
0.145213
0.1465
0.150749
0.152527
0.154072
0.156207
0.153394
0.160458
0.163378
0.161438
0.169603
0.167807
0.170312
0.177816
0.175632
0.176739
0.182752
0.178928
0.177707
0.17704
0.170231
0.176964
0.175126
0.16683
0.164331
0.161343
0.159147
0.160198
0.158284
0.155029
0.154223
0.148686
0.148096
0.150478
0.14944
0.148926
0.148318
0.144367
0.144592
0.147703
0.147373
0.147202
0.147102
0.143698
0.143749
0.143432
0.143414
0.143509
0.143078
0.143161
0.143061
0.143172
0.143216
0.143067
0.143158
0.143263
0.142569
0.142519
0.14243
0.139191
0.138999
0.142651
0.142876
0.142991
0.142853
0.142964
0.14324
0.1432
0.143189
0.14286
0.142682
0.139457
0.139188
0.139369
0.143064
0.142793
0.142694
0.142793
0.143145
0.142952
0.142805
0.142752
0.142796
0.143191
0.139802
0.139186
0.142846
0.14318
0.143227
0.142816
0.14294
0.143092
0.143366
0.143221
0.143359
0.143522
0.139479