0.14386
0.144099
0.144472
0.145579
0.146603
0.151261
0.152517
0.153903
0.155912
0.154089
0.16024
0.163315
0.161321
0.169133
0.168091
0.170004
0.178118
0.175759
0.177362
0.18321
0.178371
0.178085
0.177081
0.170393
0.177076
0.174941
0.167159
0.163706
0.161261
0.15917
0.160611
0.157959
0.155297
0.154401
0.148584
0.147691
0.150043
0.1492
0.149066
0.148856
0.144662
0.144472
0.147507
0.147588
0.147199
0.146838
0.14374
0.14366
0.143477
0.143595
0.143272
0.142961
0.143082
0.143136
0.142947
0.142989
0.143108
0.143071
0.142874
0.142778
0.142772
0.142992
0.13961
0.139254
0.142803
0.143137
0.142832
0.143115
0.143332
0.143028
0.142818
0.14265
0.142822
0.142631
0.13929
0.139079
0.13926
0.142429
0.142564
0.142412
0.14303
0.143235
0.142854
0.143272
0.143151
0.142738
0.142945
0.139611
0.139453
0.142826
0.143107
0.143025
0.14305
0.142982
0.143157
0.143069
0.143062
0.142987
0.142978
0.139889