0.144206
0.144473
0.145047
0.145568
0.146343
0.150883
0.152395
0.153871
0.156034
0.153569
0.160323
0.163039
0.161637
0.168976
0.167724
0.170384
0.177186
0.17531
0.176392
0.182957
0.178097
0.177678
0.176438
0.170646
0.177637
0.174902
0.167268
0.164076
0.161357
0.158985
0.160381
0.157952
0.155432
0.153989
0.14856
0.147997
0.150316
0.149593
0.148772
0.148413
0.144529
0.14451
0.14761
0.14774
0.147168
0.147357
0.143639
0.143456
0.143251
0.143652
0.143323
0.143057
0.143157
0.143292
0.142599
0.142955
0.143026
0.143286
0.143194
0.142888
0.142385
0.143036
0.13984
0.139301
0.142763
0.142787
0.143188
0.142885
0.143076
0.143312
0.143186
0.14297
0.142574
0.142606
0.139737
0.139133
0.13953
0.142847
0.14295
0.143
0.14282
0.143444
0.143317
0.142963
0.142871
0.142953
0.142828
0.139455
0.139168
0.142699
0.14278
0.142887
0.143238
0.143367
0.142814
0.143165
0.143197
0.143068
0.143285
0.140081