0.144013
0.14412
0.144581
0.145447
0.14636
0.150881
0.152191
0.153792
0.155739
0.153478
0.160261
0.162897
0.161193
0.168882
0.167853
0.170209
0.177582
0.175335
0.176585
0.183202
0.178455
0.178286
0.176795
0.170259
0.178088
0.174484
0.167232
0.164321
0.161489
0.159276
0.160544
0.158024
0.156114
0.154016
0.148535
0.147823
0.150691
0.149946
0.149022
0.148647
0.144674
0.144329
0.147854
0.147154
0.147188
0.147218
0.143582
0.143371
0.143284
0.143037
0.142989
0.143479
0.143053
0.142865
0.143156
0.142844
0.143083
0.143112
0.142674
0.142814
0.14291
0.143092
0.139278
0.139633
0.142902
0.142714
0.143045
0.142881
0.143061
0.142774
0.142831
0.142876
0.14266
0.142767
0.1396
0.139141
0.138963
0.142781
0.142701
0.143092
0.142902
0.143184
0.14307
0.142952
0.143187
0.143117
0.142972
0.139411
0.13908
0.143273
0.143068
0.143082
0.143229
0.143367
0.143344
0.142978
0.143077
0.143131
0.14331
0.140155