0.143745
0.144379
0.144827
0.145677
0.146429
0.150492
0.152522
0.153779
0.15533
0.154166
0.160381
0.163253
0.161332
0.16907
0.167539
0.170136
0.177721
0.175442
0.176624
0.182796
0.177968
0.177795
0.17707
0.17045
0.177683
0.174739
0.166528
0.163998
0.161184
0.159155
0.160143
0.15799
0.156079
0.154071
0.148774
0.147824
0.150675
0.149503
0.149237
0.148165
0.14456
0.14448
0.147799
0.147276
0.147374
0.147499
0.143646
0.143632
0.143216
0.143311
0.143216
0.143243
0.143237
0.142952
0.143143
0.142951
0.142969
0.143242
0.143039
0.143158
0.142748
0.142872
0.139545
0.139075
0.142722
0.142761
0.143103
0.14319
0.14291
0.143089
0.143328
0.142664
0.143103
0.142602
0.139081
0.139408
0.139588
0.14278
0.143156
0.142608
0.142672
0.143133
0.143151
0.143157
0.143004
0.142967
0.142789
0.139584
0.139258
0.143273
0.142778
0.143217
0.143285
0.143328
0.14289
0.143202
0.143345
0.142974
0.143247
0.139795