0.144
0.144516
0.144834
0.145736
0.146132
0.15101
0.152055
0.153958
0.155998
0.1537
0.160162
0.163148
0.161192
0.168879
0.167928
0.17047
0.17765
0.175042
0.1769
0.182789
0.17831
0.178039
0.176562
0.170308
0.177748
0.175006
0.166928
0.163698
0.161213
0.159436
0.160431
0.157892
0.155949
0.154116
0.14874
0.147726
0.150199
0.149528
0.149357
0.148491
0.144589
0.144527
0.147538
0.147323
0.147291
0.146806
0.143481
0.143727
0.143301
0.14332
0.143219
0.143309
0.142968
0.143316
0.143344
0.14312
0.143062
0.143177
0.143163
0.142685
0.142921
0.143175
0.13913
0.13933
0.142812
0.142943
0.142931
0.143153
0.143305
0.142954
0.14316
0.142836
0.142966
0.142726
0.139308
0.139477
0.138996
0.142916
0.14255
0.142613
0.143009
0.142873
0.143082
0.142839
0.143117
0.142793
0.142655
0.139526
0.139635
0.14302
0.142934
0.142728
0.143356
0.1435
0.143055
0.143168
0.14306
0.142937
0.143426
0.140051