0.143699
0.14445
0.144478
0.145349
0.14657
0.151295
0.152571
0.154158
0.156005
0.153459
0.160039
0.163279
0.161172
0.16885
0.16777
0.169961
0.178028
0.175157
0.176197
0.182841
0.178265
0.178293
0.177112
0.170056
0.177797
0.175005
0.167164
0.164042
0.161425
0.15916
0.160337
0.157682
0.155637
0.153871
0.148662
0.147913
0.15047
0.149738
0.148923
0.148328
0.144495
0.144624
0.148062
0.147573
0.147631
0.147317
0.143701
0.143378
0.143573
0.143227
0.143557
0.143325
0.14334
0.143171
0.142935
0.143037
0.143211
0.143093
0.142853
0.142907
0.14301
0.142901
0.139326
0.139405
0.143103
0.142723
0.142711
0.142978
0.143141
0.143464
0.142956
0.143017
0.142869
0.143045
0.139048
0.138978
0.139026
0.142794
0.142423
0.142436
0.143015
0.143128
0.143082
0.142916
0.142725
0.14312
0.143253
0.139306
0.139316
0.143322
0.142963
0.143052
0.142704
0.143432
0.14297
0.143493
0.142657
0.14322
0.14265
0.140102