0.143794
0.144387
0.144877
0.145699
0.146696
0.151079
0.152372
0.154177
0.156236
0.15353
0.160257
0.163282
0.161263
0.169534
0.167986
0.170132
0.177832
0.175607
0.176735
0.182753
0.178596
0.178174
0.177031
0.17058
0.177554
0.175036
0.167083
0.164031
0.161027
0.159021
0.160263
0.157995
0.155918
0.154053
0.148695
0.14778
0.150435
0.149597
0.149036
0.148411
0.144483
0.144594
0.147764
0.147238
0.147569
0.147165
0.143492
0.142962
0.143725
0.143521
0.142861
0.142793
0.142889
0.143365
0.143219
0.142907
0.143135
0.143182
0.142952
0.142937
0.142724
0.142884
0.139261
0.139437
0.142536
0.143095
0.142896
0.142972
0.143242
0.143059
0.142912
0.142706
0.142475
0.14291
0.139523
0.139305
0.139373
0.142463
0.142899
0.14301
0.142956
0.143183
0.142921
0.142873
0.142856
0.142651
0.142481
0.139143
0.139108
0.142713
0.142687
0.142633
0.143157
0.14328
0.143149
0.143498
0.143599
0.142866
0.14323
0.140041