0.143796
0.144134
0.145312
0.145437
0.146524
0.151183
0.152567
0.153992
0.155887
0.154037
0.160541
0.163328
0.161151
0.169117
0.16782
0.169981
0.177839
0.175204
0.176942
0.182605
0.178161
0.17803
0.176681
0.170104
0.177286
0.174536
0.166684
0.163759
0.161254
0.159438
0.160063
0.158066
0.156102
0.153676
0.148942
0.147741
0.150324
0.149528
0.149065
0.148541
0.144579
0.144372
0.147737
0.147332
0.147712
0.147209
0.143375
0.143192
0.143519
0.143136
0.143131
0.143305
0.142899
0.143094
0.142953
0.143228
0.143113
0.143144
0.143148
0.142945
0.142999
0.142892
0.139315
0.139397
0.143004
0.143021
0.142671
0.142721
0.143186
0.14323
0.143124
0.143056
0.143127
0.142962
0.139279
0.139096
0.139392
0.142772
0.142638
0.142685
0.143042
0.142922
0.142712
0.143075
0.143355
0.142834
0.142687
0.139478
0.139355
0.143097
0.143111
0.143235
0.143308
0.142967
0.143602
0.143155
0.143249
0.142965
0.143216
0.139566