0.143681
0.144554
0.144942
0.145577
0.146601
0.151145
0.152052
0.153867
0.15575
0.153557
0.160317
0.163125
0.161656
0.168851
0.16788
0.170274
0.178312
0.175978
0.176965
0.18246
0.178697
0.177996
0.176844
0.170084
0.177738
0.174588
0.167184
0.163787
0.1612
0.159159
0.16012
0.157523
0.155349
0.153877
0.148514
0.147783
0.150262
0.149511
0.148927
0.1487
0.14465
0.144621
0.147886
0.147879
0.14744
0.147252
0.143316
0.143676
0.143339
0.143179
0.143152
0.143251
0.143357
0.143115
0.143456
0.143042
0.143187
0.14293
0.142961
0.143106
0.142711
0.142748
0.13913
0.13931
0.143041
0.142823
0.142682
0.142817
0.143146
0.142621
0.143112
0.142941
0.142776
0.143114
0.139457
0.139134
0.139211
0.142761
0.142628
0.142863
0.142938
0.142957
0.142857
0.143123
0.143101
0.143138
0.142953
0.139687
0.139255
0.142834
0.142767
0.143188
0.14315
0.142989
0.14311
0.143404
0.143262
0.143232
0.142955
0.139888