0.143751
0.144439
0.144642
0.145531
0.146102
0.150641
0.152358
0.15412
0.156098
0.153725
0.16088
0.16301
0.161603
0.169255
0.168034
0.170462
0.177938
0.175531
0.177255
0.182912
0.17829
0.177761
0.177043
0.169746
0.177861
0.17495
0.166948
0.164406
0.160815
0.159171
0.160433
0.158102
0.156188
0.153959
0.148731
0.147452
0.150458
0.149256
0.14859
0.148499
0.144429
0.144826
0.147667
0.147229
0.147425
0.147433
0.143605
0.143619
0.143214
0.142925
0.143247
0.142843
0.143057
0.143075
0.143489
0.143226
0.142699
0.143096
0.142947
0.142855
0.143169
0.142741
0.139377
0.139535
0.142894
0.142752
0.142728
0.143124
0.143044
0.142995
0.1431
0.142919
0.142894
0.142618
0.13946
0.139334
0.139267
0.142683
0.142695
0.143149
0.14291
0.143073
0.142813
0.142979
0.143238
0.143141
0.142774
0.139412
0.139408
0.143185
0.142726
0.142972
0.142952
0.143047
0.142994
0.143004
0.143025
0.142913
0.14334
0.139762