0.144
0.144465
0.144572
0.145549
0.146237
0.150906
0.152348
0.154092
0.155742
0.153866
0.16077
0.163438
0.161418
0.169288
0.167879
0.170024
0.177873
0.174949
0.176863
0.182715
0.178387
0.178237
0.176676
0.170231
0.177987
0.174468
0.166863
0.16439
0.161337
0.15909
0.160163
0.157887
0.155987
0.154094
0.148545
0.147489
0.150199
0.149455
0.148792
0.148261
0.144743
0.14461
0.147626
0.1472
0.147335
0.147559
0.143666
0.143208
0.143401
0.14343
0.143202
0.143143
0.142983
0.14304
0.142659
0.143196
0.143258
0.143217
0.14332
0.142718
0.142718
0.142963
0.139287
0.139332
0.14292
0.142553
0.142806
0.142949
0.142789
0.143006
0.143086
0.143031
0.143049
0.142842
0.139568
0.139627
0.139648
0.142992
0.142987
0.142867
0.142978
0.142902
0.143459
0.143009
0.142985
0.142724
0.142612
0.139435
0.13963
0.142772
0.142908
0.142915
0.142787
0.143379
0.142793
0.142878
0.143186
0.143231
0.143232
0.140115