0.143493
0.144081
0.145021
0.145161
0.145934
0.151078
0.152512
0.153857
0.155644
0.153375
0.160576
0.163207
0.161361
0.169138
0.168062
0.170158
0.177988
0.175395
0.176751
0.183035
0.178123
0.178033
0.176861
0.170454
0.177444
0.174535
0.166666
0.163957
0.161368
0.159194
0.160436
0.158093
0.156238
0.154126
0.148468
0.147825
0.150498
0.149764
0.148976
0.149026
0.14475
0.144299
0.148027
0.147656
0.147428
0.147241
0.143588
0.143477
0.143772
0.142983
0.143197
0.143157
0.143384
0.142693
0.142841
0.143166
0.142819
0.142913
0.142914
0.142912
0.142584
0.143311
0.139427
0.139384
0.14326
0.142856
0.14282
0.14283
0.143398
0.143262
0.143064
0.14303
0.142832
0.142725
0.139427
0.139118
0.139376
0.142755
0.142462
0.1427
0.143178
0.142732
0.143117
0.142841
0.142758
0.143035
0.143189
0.139004
0.139374
0.143182
0.14273
0.143319
0.143061
0.142925
0.143157
0.142731
0.14356
0.143092
0.143181
0.140083