0.144173
0.144531
0.144916
0.145544
0.146267
0.151086
0.152569
0.154207
0.156078
0.154032
0.160237
0.163223
0.161487
0.169211
0.1677
0.170252
0.177814
0.175335
0.176695
0.182734
0.178593
0.17799
0.176793
0.170247
0.177856
0.174625
0.166903
0.163883
0.161157
0.159409
0.160166
0.157258
0.155531
0.154038
0.14874
0.147993
0.149941
0.149606
0.148776
0.148547
0.144844
0.144352
0.147942
0.147546
0.147577
0.147285
0.143773
0.1433
0.143212
0.143407
0.143727
0.143208
0.143387
0.143141
0.14273
0.142962
0.143198
0.143273
0.142736
0.142773
0.142907
0.14283
0.13981
0.139581
0.142864
0.142769
0.143003
0.143005
0.14289
0.143164
0.143034
0.142853
0.142499
0.142563
0.139178
0.139099
0.139065
0.142433
0.142654
0.142713
0.142826
0.143138
0.143012
0.143147
0.142753
0.143256
0.143101
0.139427
0.139047
0.142955
0.142916
0.142871
0.142839
0.143363
0.143036
0.14298
0.143263
0.143096
0.143474
0.140067