0.143712
0.144409
0.144783
0.14581
0.146417
0.151219
0.152385
0.15443
0.155922
0.153478
0.160807
0.163247
0.1616
0.169203
0.167754
0.170531
0.177856
0.175461
0.176394
0.182664
0.178448
0.178059
0.176676
0.170513
0.177438
0.174906
0.166968
0.164463
0.161014
0.159342
0.160596
0.157721
0.155762
0.154082
0.14857
0.147865
0.150301
0.149616
0.149061
0.148837
0.144346
0.144264
0.147748
0.147838
0.147078
0.147033
0.143476
0.143012
0.143356
0.143227
0.142914
0.143587
0.14298
0.143188
0.142949
0.143398
0.142835
0.143267
0.143291
0.143025
0.143032
0.14275
0.139271
0.139428
0.143172
0.14292
0.142632
0.142942
0.14299
0.1431
0.143001
0.142834
0.142729
0.14277
0.139356
0.138994
0.139432
0.14277
0.142693
0.142763
0.142806
0.14325
0.14308
0.143044
0.142768
0.142848
0.143009
0.138996
0.139701
0.14279
0.142977
0.143021
0.142705
0.142824
0.143038
0.14279
0.142938
0.142965
0.143284
0.140458