0.143533
0.144322
0.144929
0.145279
0.146601
0.151267
0.152461
0.154171
0.156169
0.153607
0.160666
0.163474
0.161777
0.169399
0.168028
0.170502
0.17793
0.175587
0.176848
0.182137
0.178467
0.177948
0.176506
0.169965
0.177608
0.174755
0.16706
0.164145
0.161695
0.159774
0.160244
0.158104
0.155833
0.153981
0.148538
0.147743
0.150212
0.149096
0.14904
0.148451
0.144495
0.144652
0.1478
0.147724
0.147051
0.147701
0.143154
0.143408
0.143751
0.143314
0.143189
0.14315
0.142958
0.143089
0.143199
0.143131
0.14298
0.142971
0.142893
0.143008
0.142787
0.143035
0.139554
0.138885
0.142747
0.142782
0.143189
0.143176
0.142762
0.143325
0.143194
0.14267
0.143064
0.14303
0.139331
0.138937
0.139082
0.14257
0.14276
0.142366
0.142581
0.143546
0.142844
0.142912
0.142703
0.143267
0.143116
0.139451
0.139585
0.143104
0.142953
0.142398
0.142863
0.143173
0.143199
0.143111
0.142819
0.142914
0.143154
0.13959