0.143572
0.144119
0.144765
0.145728
0.146252
0.150863
0.15254
0.15394
0.156271
0.153992
0.161032
0.163491
0.161825
0.16891
0.168245
0.170411
0.178079
0.175217
0.176576
0.18273
0.178148
0.178305
0.17702
0.170412
0.177596
0.174732
0.16697
0.163905
0.160803
0.159145
0.16021
0.157615
0.155746
0.154193
0.148645
0.147623
0.150596
0.149777
0.148849
0.148592
0.144556
0.144463
0.147781
0.147722
0.147351
0.146939
0.143619
0.143169
0.143465
0.143369
0.143073
0.142792
0.143017
0.142995
0.143263
0.142845
0.143379
0.143089
0.142978
0.143077
0.142691
0.143038
0.139524
0.13934
0.142815
0.142977
0.142818
0.142978
0.143084
0.143007
0.143072
0.142758
0.142775
0.142809
0.139266
0.139552
0.139202
0.142879
0.142986
0.142697
0.143247
0.143117
0.14285
0.143079
0.142735
0.142685
0.1429
0.139364
0.139322
0.143045
0.142873
0.14286
0.14301
0.143258
0.143217
0.143079
0.14293
0.142859
0.143032
0.139891