0.143962
0.144081
0.144899
0.14538
0.146495
0.150688
0.151971
0.153973
0.155695
0.153771
0.160497
0.163417
0.161485
0.168953
0.168059
0.170083
0.177741
0.17552
0.176458
0.182492
0.178378
0.178082
0.176751
0.170076
0.177419
0.174255
0.166673
0.16435
0.161029
0.159222
0.160248
0.158223
0.15601
0.154227
0.148593
0.147943
0.150557
0.149405
0.148896
0.148635
0.144671
0.144443
0.147917
0.147204
0.147259
0.146956
0.14332
0.14371
0.143455
0.143609
0.143024
0.143456
0.143068
0.143082
0.143157
0.142927
0.143139
0.143262
0.14298
0.142728
0.143234
0.142802
0.139439
0.13968
0.142914
0.143197
0.143211
0.142832
0.142939
0.143345
0.143281
0.142912
0.142982
0.142989
0.13932
0.13927
0.139231
0.142496
0.14276
0.142536
0.143144
0.142878
0.143027
0.142846
0.142964
0.143074
0.142906
0.139565
0.139492
0.143117
0.14291
0.14275
0.143288
0.143007
0.14326
0.142584
0.143107
0.143303
0.143416
0.140029