0.143633
0.14399
0.144696
0.145307
0.146568
0.151068
0.152109
0.15358
0.15544
0.153934
0.160403
0.163162
0.161532
0.169157
0.167835
0.170399
0.178205
0.175802
0.176685
0.18296
0.178628
0.178227
0.176834
0.170383
0.177716
0.174871
0.166794
0.163884
0.161382
0.15889
0.160229
0.158136
0.155552
0.154209
0.148836
0.147925
0.150281
0.14967
0.149046
0.148683
0.144396
0.144507
0.147789
0.14767
0.147754
0.147064
0.143514
0.143687
0.143274
0.143275
0.142934
0.142886
0.142886
0.14289
0.143026
0.143023
0.143321
0.14283
0.143092
0.143018
0.142794
0.142893
0.139457
0.139288
0.142546
0.142534
0.14285
0.142947
0.143213
0.143191
0.143111
0.143052
0.143008
0.142762
0.139426
0.139236
0.139646
0.142644
0.142943
0.14264
0.143012
0.143259
0.143164
0.143123
0.142876
0.143296
0.1427
0.13973
0.139352
0.142699
0.142971
0.143107
0.142941
0.143104
0.142974
0.142874
0.143133
0.143322
0.143152
0.139556