0.143638
0.144224
0.144924
0.145676
0.146384
0.151117
0.152188
0.153943
0.156221
0.153723
0.160421
0.162965
0.161446
0.169264
0.168369
0.17052
0.178001
0.175123
0.176778
0.18292
0.178557
0.178059
0.176752
0.170227
0.177887
0.175214
0.167118
0.163929
0.161148
0.15929
0.16027
0.157936
0.155634
0.154445
0.148674
0.147773
0.150697
0.149348
0.148653
0.148437
0.144779
0.144611
0.147721
0.147571
0.147616
0.147167
0.143553
0.14355
0.143476
0.143243
0.143458
0.143329
0.142857
0.143276
0.142921
0.143138
0.14292
0.142993
0.143174
0.142864
0.142497
0.142856
0.139575
0.139364
0.142953
0.142895
0.142716
0.143116
0.142889
0.142974
0.142812
0.142955
0.142629
0.142973
0.139276
0.139481
0.139444
0.142912
0.1427
0.142995
0.142987
0.143023
0.143261
0.142692
0.142809
0.142695
0.142872
0.139264
0.138982
0.142672
0.142771
0.143012
0.143029
0.142947
0.142611
0.14316
0.142787
0.143337
0.143356
0.139608