0.143835
0.144072
0.145334
0.14525
0.146426
0.150432
0.152331
0.153997
0.155819
0.153433
0.160696
0.16309
0.161385
0.16906
0.168047
0.170147
0.177398
0.175157
0.177013
0.18302
0.178474
0.17777
0.177082
0.169834
0.177533
0.174745
0.16692
0.164143
0.161061
0.159724
0.159933
0.157934
0.156011
0.153877
0.148582
0.147882
0.150191
0.149428
0.149025
0.148196
0.144305
0.144217
0.147831
0.147463
0.147252
0.147355
0.143664
0.143749
0.143261
0.143547
0.142973
0.143555
0.143219
0.142803
0.14326
0.143051
0.143416
0.143173
0.14314
0.142956
0.14284
0.142799
0.139298
0.139557
0.142721
0.143326
0.142783
0.143128
0.143296
0.143223
0.143437
0.143046
0.14294
0.142978
0.139399
0.139403
0.138996
0.143133
0.142885
0.142785
0.14299
0.142913
0.14298
0.142702
0.142799
0.14285
0.142738
0.13985
0.139414
0.142873
0.142791
0.142817
0.143154
0.143319
0.143021
0.143162
0.143076
0.143232
0.143091
0.139772