0.143732
0.143701
0.145118
0.145386
0.146222
0.151045
0.152469
0.153802
0.155506
0.153697
0.160558
0.163363
0.161238
0.169366
0.16771
0.170147
0.177951
0.175062
0.176822
0.182685
0.178477
0.178119
0.176899
0.170213
0.177228
0.174625
0.166521
0.163789
0.16169
0.158866
0.16018
0.157861
0.155965
0.154538
0.148694
0.147848
0.150311
0.149523
0.149017
0.148943
0.144169
0.144513
0.147629
0.147517
0.147483
0.14711
0.14348
0.143391
0.143487
0.143269
0.142952
0.143268
0.143012
0.143105
0.143389
0.142936
0.143073
0.143246
0.142764
0.142927
0.143103
0.142868
0.139349
0.139567
0.143281
0.14285
0.142481
0.143134
0.142888
0.142959
0.142948
0.143055
0.142852
0.14294
0.139636
0.139182
0.139263
0.142659
0.143013
0.143043
0.143243
0.143073
0.143432
0.143002
0.143119
0.143001
0.142731
0.139348
0.139769
0.142905
0.143087
0.14305
0.142762
0.14291
0.142986
0.143115
0.143445
0.143036
0.143302
0.140005