0.143474
0.144403
0.14443
0.145577
0.146348
0.150966
0.152338
0.154181
0.156085
0.153651
0.160637
0.163768
0.161601
0.169336
0.168123
0.170436
0.1778
0.175184
0.176633
0.182963
0.178286
0.178175
0.176961
0.170105
0.177437
0.174807
0.167083
0.164164
0.161178
0.159282
0.160143
0.157836
0.155744
0.15405
0.148875
0.147802
0.150209
0.149579
0.149053
0.14862
0.14446
0.144418
0.147673
0.147601
0.147137
0.147313
0.143481
0.143863
0.1437
0.143014
0.143311
0.142961
0.142988
0.143077
0.143066
0.143085
0.143396
0.142754
0.142876
0.143019
0.142778
0.142803
0.139507
0.139607
0.142893
0.143058
0.142673
0.142801
0.143125
0.143271
0.143037
0.142744
0.1428
0.142339
0.139475
0.139246
0.139248
0.142812
0.142831
0.142925
0.142978
0.143333
0.143241
0.142948
0.142935
0.142665
0.142717
0.139533
0.139383
0.142907
0.142961
0.142794
0.142605
0.142839
0.143192
0.143076
0.143304
0.142982
0.143225
0.139887