0.143518
0.144142
0.144663
0.14581
0.146197
0.15086
0.152378
0.153967
0.15574
0.153184
0.160551
0.163018
0.161111
0.168829
0.167833
0.169894
0.177616
0.17518
0.176629
0.182501
0.178534
0.177987
0.176888
0.169671
0.1779
0.174779
0.166845
0.164016
0.161323
0.159461
0.160565
0.157914
0.155778
0.154127
0.148412
0.147631
0.150194
0.149979
0.148983
0.148607
0.144379
0.144648
0.147741
0.14751
0.147453
0.147328
0.14357
0.1436
0.143502
0.143408
0.143102
0.143344
0.143311
0.142839
0.143216
0.14308
0.143219
0.143171
0.14322
0.142985
0.142927
0.142899
0.139345
0.139536
0.142996
0.142849
0.142742
0.143031
0.143276
0.143372
0.143041
0.142881
0.142565
0.142917
0.139193
0.139629
0.139354
0.142949
0.142939
0.142529
0.143151
0.143098
0.143027
0.143289
0.142847
0.143302
0.14292
0.139518
0.139401
0.142631
0.142747
0.143078
0.143256
0.143249
0.143292
0.142919
0.143331
0.143339
0.143062
0.139734