0.143649
0.144403
0.145369
0.145753
0.146765
0.151157
0.152302
0.153944
0.155964
0.153791
0.160673
0.163794
0.161311
0.168805
0.167981
0.170143
0.177614
0.175323
0.176802
0.183081
0.178545
0.177728
0.176694
0.169969
0.177586
0.175202
0.167021
0.164518
0.161415
0.159281
0.160469
0.157985
0.156062
0.15373
0.148898
0.148126
0.150718
0.149297
0.148975
0.148637
0.144545
0.144229
0.147714
0.147539
0.147425
0.147133
0.143633
0.143383
0.143145
0.143344
0.143148
0.143082
0.142919
0.143461
0.142837
0.142866
0.143035
0.143058
0.142849
0.142372
0.142939
0.142669
0.139261
0.139223
0.143071
0.142998
0.142568
0.142704
0.142997
0.143414
0.142469
0.142583
0.142768
0.142583
0.139049
0.13949
0.139414
0.142998
0.14302
0.142813
0.143008
0.143102
0.142833
0.142791
0.142874
0.142717
0.143002
0.139276
0.139577
0.142925
0.143044
0.142801
0.142815
0.143184
0.14302
0.143353
0.143251
0.143291
0.142983
0.139917