0.143656
0.144251
0.144853
0.145554
0.146232
0.150507
0.152254
0.154355
0.155934
0.15369
0.160478
0.163143
0.161311
0.169175
0.168275
0.170148
0.177903
0.17542
0.176968
0.183367
0.178409
0.178256
0.177239
0.170303
0.17731
0.175225
0.166798
0.164246
0.161413
0.158989
0.160052
0.158057
0.155644
0.154106
0.148229
0.147832
0.150614
0.149374
0.149049
0.14856
0.144761
0.144336
0.1478
0.147081
0.147309
0.147233
0.143725
0.143733
0.143375
0.143629
0.143497
0.143299
0.143315
0.14282
0.1432
0.142699
0.143321
0.142876
0.142994
0.142992
0.142727
0.142857
0.139171
0.139673
0.142979
0.142505
0.142737
0.143161
0.142863
0.142923
0.143306
0.142997
0.142464
0.142752
0.13927
0.139218
0.139488
0.142868
0.142675
0.142584
0.142947
0.142857
0.143051
0.143163
0.14273
0.142784
0.142883
0.139308
0.139316
0.142885
0.142875
0.142797
0.14296
0.14315
0.142942
0.143048
0.142906
0.143578
0.143472
0.139956