0.144138
0.144309
0.145066
0.14564
0.14626
0.151316
0.152595
0.154023
0.156132
0.153729
0.160625
0.163144
0.161516
0.169376
0.168166
0.170023
0.177683
0.175184
0.176448
0.182833
0.178392
0.177944
0.176938
0.170126
0.177423
0.174915
0.167316
0.164017
0.16125
0.15918
0.160238
0.157775
0.155906
0.154093
0.148792
0.147597
0.150153
0.149348
0.148969
0.148259
0.144492
0.144702
0.147947
0.147501
0.147456
0.147332
0.143561
0.143666
0.143731
0.143148
0.143363
0.142965
0.143354
0.143011
0.142828
0.143003
0.142929
0.143114
0.143199
0.142645
0.142819
0.143052
0.139425
0.139261
0.143098
0.142874
0.142921
0.142807
0.143039
0.143258
0.142956
0.142736
0.142766
0.142743
0.139319
0.139477
0.139366
0.142675
0.142585
0.142743
0.142786
0.143005
0.143205
0.142924
0.143019
0.142987
0.1432
0.139367
0.139411
0.142787
0.142941
0.143022
0.142904
0.143068
0.142896
0.142998
0.143186
0.142616
0.143069
0.139906