0.14365
0.144349
0.144812
0.145583
0.146359
0.151023
0.152762
0.154042
0.155966
0.153389
0.160436
0.163218
0.161555
0.168786
0.168027
0.170079
0.177619
0.175435
0.176793
0.182861
0.178382
0.177825
0.177047
0.170432
0.177536
0.174656
0.166608
0.164225
0.161189
0.159289
0.160618
0.157682
0.156089
0.154009
0.148886
0.148056
0.150357
0.149559
0.149284
0.148669
0.144702
0.144526
0.147873
0.147517
0.147512
0.146882
0.143455
0.143699
0.143397
0.143209
0.143041
0.143299
0.142847
0.143077
0.143062
0.143225
0.142692
0.142813
0.142948
0.142841
0.142884
0.142827
0.139408
0.139655
0.142952
0.14283
0.143065
0.14308
0.14302
0.143386
0.143014
0.142638
0.143055
0.142803
0.139357
0.139321
0.139397
0.142661
0.142607
0.14264
0.1432
0.142633
0.143077
0.143071
0.14289
0.142951
0.142824
0.13938
0.13939
0.143142
0.142671
0.142814
0.142862
0.143398
0.142967
0.142808
0.143354
0.143254
0.143125
0.139823