0.144095
0.144323
0.145101
0.145625
0.14635
0.150919
0.152338
0.153955
0.155861
0.153604
0.160503
0.163301
0.16107
0.169034
0.16811
0.170249
0.177602
0.175624
0.176915
0.183143
0.178664
0.178352
0.176752
0.170334
0.177766
0.174807
0.167345
0.164428
0.161599
0.159132
0.159912
0.157698
0.155508
0.153884
0.14855
0.147326
0.150211
0.149138
0.149097
0.148638
0.14454
0.144551
0.148023
0.147618
0.147601
0.147409
0.143446
0.14363
0.143242
0.143227
0.143028
0.143034
0.142807
0.143166
0.143118
0.14302
0.14293
0.142905
0.143162
0.142752
0.142797
0.143085
0.139174
0.13909
0.142656
0.143003
0.142791
0.142964
0.1429
0.143446
0.142727
0.14272
0.143039
0.142844
0.139446
0.13963
0.139259
0.142666
0.142746
0.142652
0.143252
0.142644
0.142943
0.143202
0.142734
0.143198
0.142912
0.13946
0.139208
0.143172
0.142821
0.143113
0.143182
0.143174
0.142677
0.14269
0.143131
0.143174
0.14322
0.140381