0.143919
0.144232
0.145181
0.145676
0.146326
0.150852
0.152578
0.153669
0.156333
0.154029
0.160489
0.163342
0.161002
0.169068
0.167641
0.170389
0.177712
0.175479
0.177145
0.182914
0.178334
0.178046
0.176955
0.170065
0.177332
0.174955
0.166929
0.164206
0.161137
0.159198
0.160297
0.157914
0.155614
0.154095
0.148628
0.147581
0.149899
0.149309
0.149018
0.148651
0.144155
0.144344
0.147435
0.147619
0.147363
0.14711
0.143984
0.143554
0.143529
0.143497
0.143616
0.143088
0.143153
0.14296
0.143394
0.142983
0.143001
0.142959
0.14255
0.142985
0.143054
0.142851
0.139708
0.139299
0.142972
0.142957
0.142815
0.142636
0.143068
0.143285
0.142911
0.143093
0.142747
0.142636
0.139367
0.139574
0.13944
0.142634
0.142961
0.142964
0.143209
0.143136
0.14309
0.143033
0.14297
0.143065
0.143041
0.139464
0.139345
0.143113
0.142776
0.142686
0.142505
0.142793
0.143094
0.143313
0.143235
0.142845
0.143131
0.139767