0.144056
0.144231
0.144434
0.145565
0.146334
0.151101
0.15289
0.153982
0.156151
0.153673
0.160539
0.162909
0.161378
0.168781
0.167875
0.170308
0.177513
0.175258
0.176553
0.18274
0.17832
0.177653
0.177049
0.170504
0.177483
0.17504
0.167313
0.164275
0.161637
0.159103
0.160263
0.15821
0.156143
0.154524
0.148542
0.147808
0.150534
0.149728
0.148808
0.148371
0.144793
0.144059
0.147984
0.147187
0.147119
0.147234
0.14384
0.143577
0.143359
0.143282
0.143005
0.143224
0.143101
0.14287
0.142682
0.143226
0.14337
0.143175
0.142966
0.142592
0.142985
0.142793
0.139307
0.139093
0.142849
0.143139
0.142781
0.142737
0.142705
0.143101
0.143091
0.142833
0.14278
0.142843
0.139468
0.139432
0.139163
0.143235
0.142785
0.142957
0.142877
0.143155
0.143389
0.143069
0.142899
0.14319
0.142777
0.139171
0.139289
0.142872
0.142624
0.142745
0.143064
0.143047
0.143067
0.14305
0.143485
0.142828
0.143474
0.139628