0.14402
0.144082
0.144825
0.145605
0.146593
0.150977
0.15214
0.153959
0.155911
0.15388
0.160503
0.163431
0.16166
0.169561
0.168036
0.170448
0.178077
0.175214
0.176192
0.182248
0.178273
0.177843
0.176747
0.169921
0.177615
0.17494
0.166868
0.163856
0.161383
0.15925
0.16015
0.158052
0.15577
0.154085
0.148468
0.147615
0.150129
0.149592
0.148699
0.148201
0.144443
0.144688
0.147898
0.147478
0.147257
0.147203
0.143567
0.143718
0.143539
0.143408
0.143287
0.143226
0.143161
0.143291
0.142939
0.142842
0.14308
0.142927
0.14269
0.143038
0.14293
0.143149
0.139332
0.139763
0.142873
0.143173
0.142782
0.143116
0.142984
0.143319
0.142767
0.143137
0.142626
0.14263
0.139345
0.139208
0.139321
0.142686
0.143054
0.142972
0.142738
0.143529
0.142923
0.14299
0.142936
0.142997
0.142865
0.139564
0.139714
0.142728
0.143193
0.142884
0.143093
0.143038
0.142987
0.142842
0.143142
0.143292
0.14308
0.139804