0.144021
0.144345
0.144852
0.145558
0.146209
0.151167
0.152212
0.153911
0.156027
0.153901
0.160417
0.163128
0.161023
0.168954
0.167879
0.170235
0.177855
0.175578
0.176464
0.182858
0.178829
0.178191
0.176867
0.170444
0.177785
0.174928
0.166801
0.164068
0.161465
0.159276
0.160062
0.15774
0.156238
0.1542
0.148836
0.147641
0.150159
0.149745
0.148998
0.148711
0.144606
0.14427
0.147639
0.147609
0.147207
0.147331
0.143324
0.143659
0.143269
0.143431
0.142899
0.143177
0.143068
0.142782
0.142771
0.143229
0.143176
0.14306
0.142889
0.142707
0.142673
0.142837
0.139448
0.139591
0.142918
0.14296
0.142725
0.142905
0.143267
0.142889
0.142821
0.143113
0.142924
0.142784
0.13947
0.139152
0.139386
0.14279
0.142947
0.142493
0.143106
0.142618
0.143028
0.143051
0.142572
0.142878
0.142818
0.139591
0.13958
0.142702
0.143269
0.143208
0.143102
0.143219
0.142898
0.14307
0.143233
0.142992
0.143048
0.140236