0.143842
0.14425
0.144524
0.145476
0.146576
0.150969
0.152139
0.153474
0.155878
0.153632
0.160759
0.163539
0.161401
0.169264
0.167879
0.169996
0.177892
0.175407
0.177093
0.182876
0.17809
0.178088
0.176685
0.170485
0.177619
0.174831
0.16728
0.163711
0.161412
0.159023
0.160485
0.158025
0.155138
0.154078
0.14863
0.147839
0.150601
0.149549
0.149122
0.14844
0.144331
0.144567
0.147927
0.147625
0.147416
0.147761
0.143736
0.1437
0.143274
0.143421
0.143428
0.142834
0.14311
0.143175
0.143234
0.14296
0.143078
0.143315
0.143113
0.142891
0.14294
0.142817
0.13941
0.139037
0.142941
0.143001
0.14297
0.143251
0.14312
0.143387
0.143013
0.143236
0.142752
0.142551
0.13887
0.139575
0.139117
0.142949
0.142728
0.142653
0.14303
0.142897
0.142924
0.142906
0.143035
0.142921
0.142752
0.13933
0.139572
0.142842
0.142835
0.143003
0.142771
0.143423
0.142906
0.14284
0.142828
0.143255
0.142943
0.139774