0.143582
0.14455
0.144777
0.145365
0.146319
0.150926
0.152183
0.154085
0.156158
0.153513
0.160342
0.163127
0.161441
0.169298
0.167923
0.170059
0.177945
0.175075
0.177171
0.182778
0.17815
0.178361
0.176957
0.170055
0.17735
0.174586
0.166409
0.16407
0.161381
0.159103
0.160223
0.157971
0.155966
0.154225
0.148477
0.147757
0.150592
0.149344
0.149062
0.148747
0.144333
0.144336
0.147584
0.147531
0.147609
0.147394
0.143668
0.143909
0.143537
0.143408
0.143543
0.14342
0.143304
0.143047
0.143152
0.142871
0.142999
0.143182
0.143215
0.142857
0.142929
0.142887
0.139462
0.139253
0.142854
0.142859
0.143035
0.143273
0.142883
0.143124
0.14299
0.143079
0.142597
0.142857
0.139469
0.139046
0.139111
0.142688
0.142777
0.143148
0.142996
0.143014
0.143416
0.143106
0.14324
0.14277
0.142839
0.139463
0.139331
0.14262
0.142865
0.142786
0.142757
0.142991
0.143022
0.142848
0.143022
0.143166
0.143546
0.139577