0.143938
0.144521
0.144618
0.145345
0.146534
0.151001
0.152541
0.15398
0.155849
0.153526
0.159924
0.163262
0.161239
0.169229
0.167642
0.169954
0.177729
0.175746
0.176654
0.183014
0.178357
0.178425
0.176744
0.170036
0.177797
0.174468
0.166882
0.163864
0.1615
0.159348
0.160331
0.1583
0.155847
0.154348
0.148332
0.147932
0.150116
0.149849
0.148926
0.148722
0.144942
0.144679
0.147759
0.1475
0.147281
0.147068
0.143241
0.143752
0.143495
0.1433
0.143396
0.142886
0.143066
0.143159
0.143017
0.142961
0.142808
0.142815
0.143371
0.142971
0.143064
0.142507
0.139597
0.139618
0.142764
0.142951
0.142851
0.142846
0.142828
0.143185
0.1429
0.142701
0.142666
0.142772
0.139325
0.139068
0.139376
0.142602
0.142742
0.142764
0.143246
0.143295
0.143292
0.143241
0.142788
0.142937
0.142486
0.139344
0.139568
0.14293
0.14314
0.143175
0.143147
0.142707
0.143122
0.143302
0.142845
0.143265
0.143195
0.140012