0.143777
0.144419
0.144776
0.145654
0.146473
0.151093
0.152519
0.154038
0.156026
0.153825
0.160425
0.163569
0.161445
0.1693
0.167842
0.169893
0.178008
0.175213
0.176725
0.182678
0.178343
0.178036
0.177162
0.169965
0.177315
0.175066
0.166921
0.164354
0.161505
0.159023
0.160525
0.157816
0.155824
0.153878
0.148758
0.147858
0.15061
0.1494
0.149082
0.148793
0.144475
0.144254
0.14773
0.147364
0.147369
0.147528
0.143611
0.143564
0.143891
0.143339
0.143405
0.142906
0.143408
0.143326
0.143236
0.143314
0.142829
0.142688
0.142993
0.142823
0.142668
0.142606
0.139022
0.139631
0.142973
0.142647
0.142564
0.142844
0.14342
0.142956
0.142924
0.142924
0.142493
0.142922
0.139186
0.139205
0.139543
0.142722
0.142695
0.142933
0.142925
0.142725
0.142971
0.142907
0.142286
0.142876
0.142788
0.139108
0.139693
0.14281
0.142712
0.142724
0.143086
0.143738
0.143092
0.143031
0.143147
0.143036
0.14355
0.139928