0.143569
0.144117
0.144674
0.145286
0.146554
0.151423
0.152649
0.153938
0.156011
0.153296
0.160243
0.163078
0.161465
0.169269
0.167882
0.170269
0.17779
0.175321
0.176484
0.182561
0.178712
0.178234
0.17677
0.170008
0.177733
0.175079
0.166766
0.164077
0.16114
0.159087
0.160075
0.15789
0.156015
0.153909
0.148522
0.147652
0.150113
0.149686
0.149062
0.14865
0.144599
0.14448
0.147804
0.147712
0.147205
0.147263
0.143607
0.143771
0.143275
0.143442
0.142918
0.1433
0.143012
0.143225
0.143225
0.142932
0.143262
0.143316
0.142831
0.143081
0.143085
0.14283
0.139277
0.13972
0.142917
0.143037
0.143188
0.143092
0.142987
0.143297
0.143003
0.142517
0.142782
0.142911
0.139119
0.139451
0.139268
0.142665
0.142724
0.142865
0.142972
0.14322
0.142916
0.142979
0.143026
0.143152
0.142751
0.139485
0.139412
0.142998
0.142745
0.1428
0.142943
0.143068
0.142981
0.143094
0.142686
0.143461
0.143206
0.140051