0.143494
0.144238
0.144816
0.145496
0.14625
0.151244
0.15235
0.153553
0.155605
0.153835
0.160421
0.162772
0.161726
0.169222
0.167872
0.170218
0.17793
0.175712
0.176784
0.182941
0.178697
0.178601
0.176542
0.169757
0.177592
0.175029
0.166956
0.164467
0.161407
0.159578
0.160402
0.158211
0.155845
0.154187
0.149013
0.147794
0.15034
0.149634
0.149152
0.148425
0.144509
0.144528
0.147933
0.147647
0.147086
0.147169
0.143854
0.143655
0.143463
0.14324
0.143093
0.143051
0.142866
0.142972
0.143001
0.143256
0.143208
0.14334
0.143247
0.142919
0.143102
0.142738
0.13939
0.139273
0.14268
0.142793
0.142967
0.142712
0.143012
0.143008
0.142879
0.142585
0.142756
0.142616
0.139426
0.139357
0.139301
0.142581
0.142836
0.143145
0.142839
0.143122
0.143085
0.142972
0.142929
0.142714
0.14292
0.139182
0.139118
0.142597
0.143053
0.142827
0.142988
0.143218
0.14284
0.142581
0.143229
0.14322
0.143363
0.139903