0.143644
0.1443
0.144726
0.145388
0.146289
0.150782
0.152566
0.154259
0.156125
0.153831
0.160865
0.163292
0.161352
0.168856
0.167698
0.169804
0.177505
0.175322
0.176927
0.182934
0.178328
0.178158
0.176767
0.170311
0.177724
0.175212
0.166678
0.164034
0.161739
0.158747
0.160055
0.157588
0.155652
0.153841
0.148075
0.147903
0.149938
0.149337
0.149328
0.148398
0.144443
0.144385
0.147694
0.147756
0.147636
0.147434
0.143691
0.143678
0.143699
0.143652
0.143412
0.143239
0.143296
0.143185
0.143058
0.14342
0.143476
0.143051
0.143056
0.14302
0.142855
0.142837
0.13891
0.139484
0.142769
0.143019
0.142963
0.142736
0.143024
0.143189
0.143082
0.142893
0.143215
0.142786
0.139472
0.139163
0.139233
0.142552
0.142939
0.142745
0.143349
0.143005
0.143487
0.143007
0.14261
0.142933
0.14267
0.139241
0.139156
0.14297
0.14304
0.142635
0.143163
0.143075
0.143316
0.143093
0.142959
0.143035
0.143009
0.13982