0.14365
0.144174
0.144846
0.145579
0.14605
0.151446
0.152575
0.153921
0.15614
0.153776
0.160663
0.163188
0.161532
0.16909
0.167778
0.170067
0.177902
0.175122
0.176599
0.182985
0.178254
0.178117
0.176692
0.170783
0.177644
0.174196
0.166672
0.164003
0.161114
0.159098
0.159973
0.157921
0.155677
0.154219
0.148747
0.147852
0.150103
0.149679
0.14895
0.148537
0.144637
0.144366
0.147682
0.147813
0.146907
0.147339
0.143882
0.143577
0.143714
0.143283
0.143336
0.143136
0.143064
0.143213
0.143136
0.143164
0.143434
0.143253
0.142875
0.14313
0.142703
0.142794
0.139413
0.139565
0.142505
0.142974
0.14293
0.142662
0.143224
0.143162
0.142925
0.142847
0.143087
0.142831
0.139392
0.13894
0.139464
0.142811
0.14284
0.143064
0.1428
0.143184
0.143285
0.143199
0.142788
0.142883
0.142749
0.139214
0.139418
0.142782
0.142929
0.142934
0.142947
0.143211
0.143034
0.143109
0.143251
0.142859
0.143291
0.139742