0.14367
0.143977
0.144772
0.145502
0.146501
0.151439
0.152636
0.154138
0.15597
0.153619
0.160247
0.163084
0.161199
0.169095
0.168255
0.170195
0.177822
0.175735
0.176991
0.182751
0.178651
0.178042
0.177144
0.170314
0.177316
0.175217
0.166993
0.163846
0.161594
0.159466
0.16021
0.158174
0.155297
0.154144
0.148734
0.147758
0.149866
0.149451
0.149019
0.14843
0.14445
0.144695
0.148074
0.147165
0.147504
0.147489
0.14357
0.143465
0.143064
0.143222
0.143502
0.143096
0.143134
0.143219
0.142785
0.143339
0.143333
0.142974
0.143353
0.142873
0.142483
0.142564
0.139334
0.139118
0.1429
0.143131
0.142978
0.142966
0.142846
0.143254
0.142909
0.143105
0.142923
0.142792
0.139213
0.139215
0.13923
0.142589
0.142762
0.142948
0.142968
0.143145
0.143146
0.143196
0.142631
0.142882
0.143007
0.139664
0.139236
0.142737
0.142859
0.143003
0.142791
0.14313
0.14287
0.142943
0.142926
0.143041
0.142931
0.140064