0.143774
0.14439
0.144738
0.145563
0.146484
0.151079
0.152483
0.154219
0.155982
0.153898
0.160175
0.163448
0.161189
0.169064
0.168126
0.170657
0.177976
0.17545
0.176954
0.182866
0.178049
0.177986
0.176771
0.170312
0.177614
0.174959
0.166883
0.164147
0.161651
0.159175
0.1602
0.157587
0.155833
0.154015
0.148625
0.147772
0.150069
0.149472
0.148631
0.148672
0.144513
0.144306
0.147979
0.147449
0.147034
0.147187
0.143492
0.143689
0.143383
0.14328
0.143564
0.142739
0.143191
0.142834
0.142847
0.14306
0.143428
0.143605
0.142903
0.142865
0.14305
0.14334
0.13913
0.139628
0.143017
0.142935
0.142932
0.142871
0.142987
0.143418
0.143002
0.143008
0.142457
0.142728
0.139233
0.13918
0.139169
0.142729
0.142289
0.143
0.14303
0.143027
0.143085
0.142802
0.142884
0.142546
0.142519
0.139274
0.139463
0.14297
0.142959
0.143053
0.143131
0.143144
0.143058
0.142805
0.14311
0.143205
0.143554
0.139994