0.143944
0.144359
0.144582
0.145544
0.14648
0.150707
0.152502
0.154076
0.155712
0.153848
0.160665
0.163254
0.161572
0.168973
0.167685
0.169994
0.177827
0.175164
0.176531
0.182987
0.178023
0.178027
0.177193
0.170129
0.177784
0.174397
0.166931
0.163959
0.160847
0.159134
0.16001
0.157711
0.155884
0.154099
0.148367
0.147841
0.150453
0.149531
0.149074
0.148894
0.144953
0.144587
0.147989
0.147647
0.147644
0.147446
0.143617
0.143431
0.143356
0.14361
0.142985
0.143129
0.143324
0.143217
0.143408
0.143309
0.142723
0.143207
0.142921
0.142593
0.14292
0.142865
0.139565
0.139038
0.143205
0.142894
0.143059
0.143356
0.142938
0.143007
0.142947
0.142901
0.142573
0.142573
0.139352
0.139276
0.139434
0.142705
0.142502
0.142721
0.142962
0.14324
0.142889
0.14289
0.14316
0.143221
0.142592
0.1397
0.139311
0.14297
0.143057
0.142906
0.143
0.143211
0.142989
0.143413
0.142767
0.142867
0.143244
0.139995