0.143701
0.144038
0.144659
0.1455
0.146238
0.15081
0.152481
0.153783
0.155866
0.153336
0.160602
0.163088
0.16147
0.16942
0.167862
0.170373
0.17799
0.175554
0.176832
0.182715
0.17854
0.177842
0.176931
0.17046
0.177568
0.174879
0.167147
0.1641
0.16089
0.15882
0.159824
0.157702
0.15549
0.1536
0.148541
0.147678
0.149959
0.149494
0.14899
0.148739
0.14447
0.144577
0.14806
0.148127
0.147678
0.147135
0.1436
0.143755
0.143444
0.143672
0.143289
0.143201
0.143363
0.143127
0.143134
0.143553
0.142752
0.142831
0.14296
0.142869
0.142977
0.14298
0.13951
0.139556
0.143018
0.143031
0.142801
0.142899
0.143308
0.143279
0.142937
0.143127
0.143158
0.142724
0.138962
0.139255
0.139305
0.142616
0.142944
0.143142
0.142728
0.143124
0.143187
0.143039
0.143149
0.14294
0.14271
0.13967
0.139404
0.142989
0.142946
0.14289
0.142904
0.143001
0.142992
0.142702
0.143038
0.143153
0.142894
0.139904