0.143484
0.144369
0.144634
0.145787
0.145972
0.15093
0.152716
0.153798
0.156078
0.153937
0.160278
0.163556
0.161412
0.169283
0.167687
0.170386
0.17736
0.175423
0.176773
0.183427
0.178327
0.177811
0.176917
0.170117
0.177551
0.174614
0.16636
0.163813
0.161184
0.158877
0.160482
0.157577
0.155649
0.154236
0.148491
0.147698
0.150477
0.149484
0.148563
0.148468
0.144116
0.144598
0.148084
0.14765
0.147507
0.147387
0.143741
0.143661
0.143308
0.143096
0.143458
0.143103
0.143341
0.142889
0.143055
0.142926
0.143158
0.142798
0.14309
0.142891
0.143202
0.142958
0.139631
0.139513
0.143178
0.142767
0.143297
0.142925
0.143076
0.143186
0.142782
0.142848
0.142474
0.142834
0.13928
0.139591
0.139524
0.142883
0.143042
0.142886
0.143049
0.143025
0.142867
0.142787
0.142893
0.142886
0.143083
0.139371
0.139473
0.142848
0.143067
0.14311
0.142931
0.143212
0.143017
0.1433
0.142914
0.143278
0.14347
0.139708