0.144196
0.143974
0.144782
0.145748
0.146551
0.150923
0.152509
0.153904
0.155886
0.153593
0.160785
0.163711
0.161404
0.168825
0.167585
0.170195
0.177878
0.175339
0.177192
0.182774
0.178795
0.177997
0.177219
0.170217
0.177553
0.175012
0.166922
0.163954
0.161332
0.159312
0.160374
0.157746
0.155681
0.153677
0.148354
0.147836
0.15065
0.149588
0.148922
0.148289
0.144396
0.144108
0.147685
0.147419
0.147004
0.147056
0.143401
0.143659
0.143466
0.142719
0.143173
0.143497
0.143054
0.143277
0.143378
0.143087
0.143289
0.142891
0.143335
0.142951
0.142702
0.142844
0.139199
0.139466
0.14285
0.142639
0.142847
0.142733
0.143307
0.142969
0.142716
0.142964
0.142745
0.142903
0.13922
0.139521
0.139448
0.142914
0.142944
0.142847
0.142916
0.143123
0.143144
0.14285
0.142736
0.142895
0.143093
0.139611
0.139422
0.142838
0.143014
0.142795
0.142802
0.143277
0.142908
0.143221
0.143341
0.143332
0.142901
0.139975