0.143972
0.14415
0.144666
0.145701
0.14624
0.151269
0.152669
0.153584
0.155946
0.153603
0.160681
0.163005
0.161206
0.168906
0.167968
0.170596
0.177546
0.175516
0.176662
0.182869
0.178297
0.177953
0.176958
0.170159
0.177572
0.174924
0.166879
0.164434
0.161723
0.159569
0.15995
0.157646
0.156131
0.154232
0.148367
0.147685
0.150342
0.149679
0.149004
0.14883
0.144759
0.144478
0.147941
0.147638
0.146711
0.146995
0.143533
0.143601
0.142959
0.143467
0.143319
0.143146
0.142983
0.142708
0.142827
0.143049
0.143177
0.143283
0.143064
0.143184
0.142753
0.142818
0.139324
0.139405
0.142848
0.142717
0.143422
0.142854
0.142919
0.14333
0.143213
0.142811
0.142941
0.142395
0.139107
0.139476
0.139258
0.142817
0.142493
0.143018
0.143303
0.143251
0.14316
0.142859
0.14285
0.143073
0.142532
0.139508
0.139221
0.142607
0.142629
0.143192
0.14325
0.143192
0.143153
0.142928
0.143178
0.143152
0.143458
0.139673