0.143745
0.144247
0.145254
0.145253
0.146447
0.150649
0.152149
0.153856
0.156006
0.153965
0.160397
0.163075
0.161245
0.168977
0.167949
0.170756
0.177938
0.175372
0.176574
0.182692
0.177881
0.177821
0.176863
0.170119
0.17774
0.174643
0.166758
0.16407
0.161581
0.158927
0.160116
0.157874
0.155619
0.154493
0.149046
0.147943
0.150306
0.149782
0.148798
0.148721
0.144818
0.144346
0.147888
0.147749
0.147308
0.147238
0.143581
0.143625
0.14346
0.143502
0.143184
0.143387
0.143242
0.143335
0.14333
0.143203
0.14297
0.143336
0.142918
0.143107
0.14314
0.14301
0.139773
0.139357
0.142637
0.142583
0.14284
0.143156
0.142875
0.143016
0.142889
0.142571
0.142462
0.142673
0.139422
0.139077
0.139343
0.14272
0.143
0.143282
0.143035
0.142893
0.143
0.142836
0.143199
0.143067
0.142966
0.139073
0.139429
0.142659
0.142772
0.143016
0.142686
0.142935
0.142868
0.143035
0.142839
0.143157
0.143199
0.140338