0.143662
0.144168
0.144685
0.146007
0.146251
0.151111
0.152712
0.153993
0.155901
0.153744
0.160165
0.163613
0.161443
0.169
0.168043
0.1703
0.177459
0.175293
0.17691
0.182449
0.178503
0.178089
0.176631
0.170232
0.177328
0.174921
0.166973
0.164357
0.161192
0.159187
0.160741
0.157994
0.156084
0.154061
0.148229
0.147544
0.150266
0.14937
0.149255
0.148339
0.144434
0.144204
0.147978
0.147612
0.147294
0.147018
0.143429
0.143308
0.14336
0.143299
0.14317
0.143132
0.142935
0.143271
0.143169
0.143152
0.142982
0.14288
0.142947
0.143097
0.143204
0.142738
0.139129
0.139385
0.142764
0.142509
0.142709
0.14319
0.143222
0.142998
0.14288
0.143484
0.143028
0.142777
0.139373
0.138902
0.139474
0.142847
0.14302
0.142621
0.143298
0.14298
0.143055
0.143108
0.142694
0.143197
0.142594
0.139326
0.139256
0.142684
0.142742
0.143024
0.142914
0.143194
0.143423
0.143449
0.14327
0.143242
0.14313
0.140292