0.143462
0.144157
0.144922
0.145447
0.146115
0.15121
0.152769
0.154132
0.155979
0.153911
0.160619
0.163433
0.161437
0.169396
0.167775
0.170238
0.177992
0.175331
0.176683
0.182759
0.178818
0.177938
0.177205
0.169654
0.177355
0.174507
0.166838
0.164068
0.161255
0.158778
0.160713
0.157857
0.155924
0.15386
0.14892
0.147998
0.150257
0.149846
0.148987
0.148821
0.144848
0.14486
0.147912
0.147796
0.147374
0.147327
0.14367
0.143713
0.143339
0.143153
0.142993
0.142964
0.143067
0.142925
0.143356
0.143244
0.142684
0.143037
0.142878
0.142747
0.1431
0.142829
0.139614
0.139505
0.14313
0.142668
0.142989
0.142924
0.143158
0.142782
0.143119
0.142801
0.142704
0.142866
0.139189
0.139293
0.13907
0.142512
0.14268
0.142794
0.143395
0.143036
0.143295
0.142774
0.142875
0.143096
0.142712
0.139145
0.139613
0.14262
0.142544
0.142837
0.142817
0.143106
0.142863
0.142916
0.143006
0.143008
0.143287
0.140076