0.143577
0.144427
0.144903
0.145616
0.146284
0.151321
0.152248
0.153768
0.155868
0.153767
0.160625
0.163627
0.161051
0.169008
0.167458
0.17016
0.178061
0.175323
0.176962
0.182813
0.178459
0.178036
0.176803
0.170326
0.177596
0.175142
0.167052
0.164075
0.161533
0.159273
0.160288
0.157979
0.155896
0.154123
0.148479
0.147948
0.150233
0.149388
0.148736
0.148257
0.144641
0.144382
0.147905
0.147394
0.147424
0.147327
0.143743
0.143476
0.143459
0.143549
0.143395
0.143283
0.143732
0.142882
0.143151
0.143381
0.143231
0.143294
0.143123
0.14272
0.143173
0.142943
0.13955
0.139108
0.142934
0.142649
0.142591
0.1428
0.142881
0.142718
0.142773
0.143085
0.142909
0.143037
0.139425
0.139087
0.139134
0.142862
0.142675
0.142797
0.142924
0.14298
0.143193
0.142965
0.143125
0.142877
0.142353
0.139417
0.139166
0.143136
0.14272
0.142807
0.142921
0.142997
0.142928
0.142674
0.143292
0.143187
0.143101
0.14013