0.143828
0.144113
0.145045
0.145845
0.146344
0.151005
0.152663
0.154154
0.156064
0.153716
0.160264
0.163665
0.161463
0.169106
0.16838
0.1702
0.177695
0.175389
0.176948
0.183037
0.178559
0.178139
0.176942
0.170178
0.177435
0.174335
0.166958
0.164214
0.16146
0.159461
0.159949
0.157547
0.155695
0.154121
0.148602
0.147686
0.150624
0.149663
0.148987
0.148339
0.144447
0.144478
0.147717
0.147291
0.147491
0.146903
0.143477
0.143641
0.143136
0.14319
0.143408
0.143056
0.143165
0.142957
0.142843
0.142912
0.143062
0.143083
0.142935
0.142551
0.142755
0.142926
0.139807
0.139619
0.142929
0.142435
0.14312
0.143208
0.142865
0.143118
0.143031
0.143007
0.142949
0.142765
0.139266
0.139312
0.139623
0.142749
0.142562
0.142738
0.142692
0.142938
0.142934
0.142697
0.143053
0.142611
0.142941
0.13932
0.139433
0.142852
0.14278
0.142884
0.143266
0.143124
0.143248
0.143135
0.143234
0.142967
0.143419
0.140124