0.143717
0.144318
0.145001
0.145619
0.146258
0.151109
0.152214
0.154697
0.155821
0.153491
0.160698
0.163587
0.161534
0.169599
0.168219
0.170119
0.177997
0.175293
0.176426
0.183424
0.178357
0.177878
0.177214
0.170147
0.17767
0.175045
0.166558
0.163991
0.161598
0.159505
0.159905
0.157688
0.155715
0.154366
0.14895
0.147672
0.150595
0.149442
0.149143
0.148642
0.14488
0.144786
0.147288
0.14739
0.147524
0.1472
0.143423
0.14337
0.143628
0.14348
0.142878
0.142971
0.143148
0.14312
0.143363
0.14292
0.142778
0.143136
0.143074
0.142504
0.142673
0.142709
0.139294
0.139453
0.14266
0.142749
0.142376
0.142733
0.143094
0.143046
0.142922
0.142939
0.14256
0.142486
0.139485
0.139391
0.139249
0.142665
0.142578
0.142972
0.142802
0.143045
0.143163
0.142859
0.142922
0.142814
0.142783
0.139589
0.139215
0.143029
0.14299
0.142905
0.142899
0.1428
0.143695
0.143183
0.143094
0.142991
0.143215
0.139886