0.143737
0.144184
0.144857
0.145465
0.146716
0.151299
0.152368
0.154072
0.155933
0.153609
0.160375
0.163226
0.161249
0.169034
0.167861
0.170009
0.177963
0.175833
0.1768
0.183027
0.178385
0.178206
0.177144
0.170345
0.177667
0.174709
0.167155
0.164413
0.161463
0.159187
0.160391
0.158452
0.155901
0.153783
0.148534
0.1479
0.15015
0.149584
0.148942
0.148455
0.144585
0.144361
0.147533
0.147203
0.147271
0.147031
0.143166
0.14355
0.143747
0.143414
0.143187
0.143441
0.142791
0.142942
0.143112
0.143187
0.143144
0.142995
0.142851
0.143004
0.142936
0.142719
0.139205
0.139541
0.142904
0.142695
0.142888
0.143125
0.143191
0.143103
0.142921
0.143003
0.142888
0.142958
0.139617
0.139357
0.13929
0.142938
0.142793
0.142611
0.142965
0.143207
0.142843
0.143095
0.142872
0.142372
0.142893
0.139228
0.139123
0.142697
0.142836
0.143138
0.1426
0.143248
0.143131
0.142878
0.143204
0.142921
0.143098
0.140067