0.144105
0.144339
0.144439
0.145589
0.146244
0.151179
0.152201
0.15356
0.156103
0.153627
0.160531
0.163368
0.161174
0.169048
0.167943
0.170485
0.177695
0.1752
0.176611
0.182761
0.177619
0.178146
0.177057
0.169949
0.177291
0.175023
0.167254
0.164431
0.161358
0.159327
0.160308
0.158048
0.155572
0.154099
0.148377
0.14761
0.150418
0.149943
0.149118
0.148407
0.144466
0.144228
0.147866
0.147693
0.147199
0.147137
0.143473
0.143868
0.143256
0.143327
0.143188
0.1436
0.143095
0.143207
0.14299
0.143494
0.143211
0.142917
0.143178
0.142899
0.142851
0.142865
0.139713
0.139671
0.142603
0.143114
0.142848
0.142872
0.142914
0.143251
0.142832
0.143125
0.143057
0.142803
0.13915
0.139357
0.139274
0.142877
0.14296
0.142911
0.142664
0.143154
0.14312
0.142946
0.142835
0.1431
0.142955
0.139599
0.139271
0.142567
0.142728
0.142587
0.143085
0.142725
0.143037
0.14306
0.143311
0.142875
0.14356
0.139925