0.143748
0.144215
0.144878
0.145217
0.146327
0.150908
0.152335
0.153801
0.156029
0.153331
0.160615
0.163304
0.161574
0.169006
0.167985
0.170416
0.177829
0.175319
0.176591
0.18283
0.178649
0.178262
0.176994
0.170215
0.17793
0.174351
0.16727
0.164178
0.161511
0.159393
0.160024
0.157892
0.15585
0.153901
0.148532
0.147754
0.150456
0.149648
0.148951
0.148324
0.144666
0.144333
0.148092
0.147628
0.147184
0.147177
0.143869
0.143529
0.143599
0.143321
0.142769
0.143324
0.142989
0.14307
0.143103
0.143199
0.142769
0.142844
0.14275
0.142673
0.143048
0.142852
0.139494
0.139368
0.142713
0.143024
0.142834
0.142675
0.142976
0.143099
0.142462
0.142947
0.14252
0.142648
0.138892
0.139359
0.139184
0.14312
0.142996
0.142835
0.143126
0.142852
0.143308
0.143059
0.142941
0.142862
0.14316
0.139623
0.139733
0.142636
0.143297
0.142717
0.142944
0.14319
0.142973
0.143291
0.143157
0.143139
0.143615
0.140101