0.143637
0.144518
0.144814
0.145273
0.146415
0.151329
0.152464
0.15387
0.155745
0.15389
0.160679
0.163407
0.161574
0.16923
0.168191
0.170288
0.177815
0.175622
0.177144
0.183084
0.178244
0.178642
0.176828
0.170205
0.177054
0.17468
0.167141
0.164138
0.161425
0.159003
0.160226
0.15778
0.155532
0.153898
0.14892
0.147903
0.150226
0.149215
0.148834
0.148776
0.144738
0.144448
0.147909
0.147553
0.147399
0.147164
0.142855
0.143719
0.143381
0.143305
0.142766
0.14273
0.143168
0.14293
0.143049
0.143242
0.143397
0.143522
0.14261
0.142844
0.142542
0.142706
0.139566
0.13941
0.142687
0.142795
0.14275
0.143068
0.14308
0.142984
0.142619
0.142406
0.142748
0.142991
0.139291
0.139256
0.139612
0.142919
0.14266
0.142999
0.143236
0.142905
0.143312
0.142884
0.142992
0.143082
0.142834
0.139296
0.139369
0.14271
0.143239
0.14299
0.142745
0.143141
0.1433
0.143029
0.143341
0.143181
0.143057
0.139881