0.143754
0.144382
0.144973
0.14534
0.14633
0.15111
0.152442
0.154061
0.156152
0.153565
0.160404
0.163218
0.161398
0.168793
0.16806
0.170399
0.177747
0.175532
0.176613
0.182982
0.178387
0.178221
0.176893
0.170081
0.177952
0.175288
0.166906
0.164244
0.161467
0.158696
0.15995
0.157303
0.155946
0.153732
0.149068
0.14764
0.150448
0.149451
0.149075
0.14841
0.144892
0.144382
0.14762
0.147305
0.147376
0.146898
0.143965
0.14355
0.143695
0.142922
0.143052
0.143313
0.142893
0.143338
0.143299
0.143107
0.143288
0.143117
0.143321
0.142802
0.142895
0.143112
0.139462
0.139797
0.143016
0.143067
0.142744
0.142959
0.143145
0.142902
0.14342
0.142959
0.142744
0.142787
0.139619
0.138869
0.13936
0.14287
0.142967
0.142797
0.142791
0.143294
0.143215
0.143155
0.143019
0.142747
0.142329
0.138991
0.139233
0.142657
0.142665
0.142783
0.142876
0.142843
0.143356
0.14266
0.142729
0.143273
0.143362
0.139981