0.143932
0.144664
0.145192
0.145466
0.146212
0.151118
0.152468
0.15427
0.155992
0.154154
0.160511
0.163191
0.161522
0.168932
0.167973
0.170268
0.17801
0.175687
0.176912
0.182799
0.17816
0.177556
0.177149
0.170197
0.177393
0.174935
0.166763
0.163806
0.161406
0.159057
0.160488
0.157788
0.156007
0.154178
0.148777
0.1472
0.150325
0.149216
0.148909
0.14863
0.144708
0.144735
0.147689
0.147461
0.147283
0.146545
0.143518
0.143161
0.143192
0.143422
0.14329
0.14329
0.142967
0.142918
0.143033
0.143174
0.143311
0.143218
0.143159
0.142705
0.142886
0.143153
0.139337
0.139362
0.142912
0.142791
0.142515
0.142936
0.143082
0.143539
0.142622
0.143283
0.142479
0.142662
0.139321
0.139112
0.139393
0.142587
0.143113
0.142515
0.142909
0.143208
0.142975
0.143202
0.142758
0.143107
0.142796
0.139569
0.139435
0.142958
0.14291
0.142697
0.142825
0.143174
0.142777
0.142963
0.143245
0.143279
0.143366
0.140253