0.143938
0.144348
0.14437
0.14565
0.146954
0.151032
0.152146
0.153877
0.155742
0.153734
0.160541
0.16315
0.161498
0.168986
0.167785
0.170368
0.177293
0.1753
0.176873
0.183007
0.178367
0.177981
0.176929
0.169945
0.177517
0.174843
0.166978
0.163756
0.161573
0.159208
0.160243
0.157692
0.155918
0.153906
0.148373
0.14794
0.150121
0.149247
0.149008
0.148363
0.144766
0.144743
0.147486
0.147679
0.147212
0.147586
0.143331
0.143594
0.14329
0.14331
0.143462
0.142763
0.142675
0.143043
0.143185
0.14298
0.142946
0.142917
0.143012
0.143311
0.142924
0.143155
0.139694
0.139635
0.142773
0.143238
0.142848
0.143463
0.143119
0.143384
0.142968
0.142927
0.142788
0.142534
0.139352
0.139125
0.139151
0.142812
0.142615
0.143064
0.143145
0.14321
0.142972
0.143375
0.143091
0.142965
0.142587
0.139161
0.13937
0.142811
0.142778
0.142702
0.143018
0.143329
0.143122
0.143153
0.142968
0.143268
0.143345
0.140272