0.143716
0.144293
0.144666
0.145462
0.146074
0.151207
0.152454
0.154056
0.155927
0.154102
0.160601
0.163274
0.161486
0.169325
0.167762
0.170258
0.178103
0.175409
0.176693
0.182956
0.177901
0.177823
0.176742
0.170208
0.177619
0.174427
0.167114
0.164374
0.161279
0.159166
0.160333
0.157639
0.155936
0.153927
0.148469
0.147541
0.150206
0.14925
0.149016
0.148119
0.144257
0.144277
0.147846
0.147633
0.147384
0.147224
0.144184
0.143646
0.144054
0.14335
0.143271
0.143492
0.143183
0.143246
0.143478
0.143199
0.142924
0.143144
0.143176
0.142711
0.142731
0.143076
0.1397
0.139372
0.142821
0.142988
0.143068
0.143109
0.142896
0.143239
0.142829
0.142817
0.142622
0.14282
0.139432
0.139176
0.139371
0.143302
0.142656
0.142909
0.14285
0.14297
0.143271
0.142642
0.14271
0.143022
0.142812
0.139548
0.139354
0.142892
0.142912
0.142503
0.14305
0.143036
0.142853
0.142613
0.143272
0.143321
0.143204
0.139639