0.144005
0.144443
0.144932
0.145208
0.146167
0.15148
0.152554
0.153826
0.155917
0.153838
0.160228
0.163085
0.161375
0.169255
0.168041
0.170476
0.177882
0.175498
0.176765
0.183293
0.178037
0.177611
0.176992
0.170359
0.177842
0.17453
0.166826
0.164051
0.161365
0.159133
0.160173
0.157669
0.155828
0.154579
0.14847
0.147973
0.150518
0.149681
0.148616
0.148702
0.14447
0.144687
0.147714
0.147518
0.147045
0.147046
0.143646
0.143651
0.143392
0.143476
0.142924
0.14282
0.142858
0.142966
0.142822
0.142877
0.143406
0.142755
0.143219
0.14304
0.142851
0.142982
0.139523
0.139599
0.142834
0.143135
0.142792
0.142705
0.143044
0.143196
0.142955
0.142906
0.142866
0.142611
0.13927
0.139122
0.139318
0.142656
0.142753
0.142935
0.142842
0.143192
0.142768
0.14283
0.14283
0.142794
0.143123
0.139315
0.139278
0.142698
0.143204
0.143203
0.143153
0.143269
0.143033
0.143077
0.143228
0.143039
0.143346
0.140167