0.14357
0.143828
0.144881
0.145566
0.146446
0.151103
0.152617
0.153604
0.155789
0.153783
0.160546
0.162957
0.160787
0.168896
0.167608
0.170056
0.177778
0.175256
0.176787
0.182962
0.178486
0.178102
0.177101
0.170404
0.17746
0.174868
0.167313
0.164017
0.161153
0.159235
0.160075
0.157876
0.155871
0.15404
0.148773
0.147866
0.150605
0.149828
0.148757
0.148334
0.144685
0.144503
0.14777
0.147772
0.147492
0.147243
0.143831
0.14372
0.143661
0.143635
0.14346
0.142644
0.143377
0.142863
0.143086
0.143016
0.143076
0.143088
0.14283
0.142812
0.143188
0.142625
0.139354
0.139219
0.143166
0.143126
0.143132
0.143075
0.143027
0.143129
0.142912
0.143386
0.142905
0.143145
0.13958
0.13918
0.138939
0.142894
0.142465
0.142564
0.142941
0.143027
0.14307
0.14295
0.142695
0.142777
0.143101
0.139723
0.139436
0.142894
0.143174
0.142826
0.142559
0.142875
0.143303
0.142998
0.143297
0.143245
0.143123
0.139428