0.143719
0.144327
0.144444
0.145373
0.146765
0.151044
0.152125
0.153541
0.156
0.153925
0.160446
0.16349
0.16123
0.169324
0.167988
0.1702
0.177989
0.175376
0.176453
0.182426
0.178594
0.178235
0.176754
0.170041
0.177503
0.17458
0.167013
0.164128
0.161383
0.159077
0.160335
0.157999
0.155673
0.154124
0.14887
0.14776
0.150264
0.149478
0.148843
0.148367
0.144482
0.144446
0.147694
0.147709
0.147265
0.146973
0.143424
0.143513
0.14332
0.143162
0.143258
0.142844
0.142912
0.143329
0.143057
0.143102
0.143251
0.143128
0.143492
0.142856
0.143027
0.142876
0.139346
0.139411
0.142723
0.143199
0.143142
0.143021
0.143054
0.142934
0.142565
0.142694
0.142763
0.142585
0.138985
0.139151
0.139039
0.142837
0.142947
0.14263
0.142948
0.143144
0.143211
0.14293
0.142968
0.143315
0.143411
0.139577
0.139664
0.143072
0.14273
0.143202
0.142851
0.143142
0.143205
0.143274
0.143488
0.143202
0.143553
0.139761