0.143814
0.144075
0.144879
0.145448
0.146269
0.151249
0.152499
0.153775
0.155889
0.153802
0.160448
0.163241
0.161316
0.169395
0.167778
0.170432
0.177859
0.175777
0.176564
0.182431
0.178136
0.178236
0.177044
0.170151
0.177446
0.174956
0.166879
0.164277
0.16132
0.158941
0.160011
0.157498
0.155477
0.154096
0.14863
0.14739
0.150704
0.149602
0.148686
0.148839
0.144487
0.144139
0.147428
0.147292
0.146788
0.147316
0.143504
0.143214
0.143442
0.142833
0.143216
0.142803
0.143466
0.143134
0.143354
0.143207
0.143277
0.143192
0.142943
0.14317
0.142867
0.143067
0.139566
0.139197
0.143008
0.143138
0.143084
0.142764
0.143265
0.143256
0.142943
0.142761
0.143058
0.143054
0.139329
0.139565
0.139508
0.142934
0.14283
0.142767
0.142729
0.143129
0.142817
0.142902
0.142807
0.142877
0.142741
0.139566
0.139358
0.142769
0.143252
0.143069
0.142913
0.143329
0.143492
0.143102
0.143472
0.143436
0.142877
0.139939