0.143834
0.143983
0.144586
0.145424
0.146473
0.151211
0.152442
0.153907
0.155928
0.153568
0.160603
0.163024
0.161756
0.169626
0.168067
0.170461
0.177925
0.174767
0.176978
0.182825
0.178117
0.178234
0.176566
0.170739
0.177593
0.174754
0.167011
0.164013
0.161367
0.159341
0.160198
0.157534
0.156281
0.153977
0.148311
0.147529
0.150352
0.149651
0.148978
0.148265
0.144684
0.144539
0.147844
0.147437
0.147419
0.147269
0.143477
0.143812
0.143569
0.143289
0.143017
0.143291
0.143089
0.14314
0.142794
0.142951
0.143092
0.143155
0.143121
0.143037
0.142548
0.142726
0.139482
0.139689
0.142245
0.142803
0.142734
0.142824
0.143008
0.143071
0.143067
0.143193
0.142782
0.142916
0.139216
0.139576
0.139307
0.142651
0.142517
0.142636
0.143241
0.143201
0.143237
0.143186
0.142874
0.142979
0.143096
0.139228
0.139312
0.142807
0.143035
0.142787
0.143102
0.143387
0.142898
0.142803
0.143291
0.143151
0.143263
0.139911