0.143808
0.144435
0.14512
0.145936
0.146746
0.15099
0.152359
0.153974
0.155998
0.153971
0.160635
0.163092
0.161494
0.169289
0.168022
0.170358
0.177991
0.17531
0.176834
0.183063
0.178383
0.177744
0.176257
0.170232
0.17789
0.174456
0.166845
0.164272
0.161136
0.159544
0.160109
0.157874
0.155847
0.153845
0.148506
0.147588
0.15034
0.149583
0.149223
0.148375
0.144361
0.144199
0.147998
0.147463
0.14757
0.14713
0.143615
0.143587
0.143602
0.143328
0.142804
0.142899
0.142924
0.143113
0.142858
0.143375
0.142993
0.143001
0.142959
0.142994
0.142749
0.142747
0.139517
0.139247
0.142957
0.143141
0.142941
0.142767
0.143209
0.142918
0.142889
0.143038
0.142772
0.142666
0.13894
0.139443
0.139254
0.142806
0.142685
0.142858
0.142972
0.143135
0.142808
0.142981
0.142827
0.14322
0.143086
0.139241
0.139336
0.143088
0.143139
0.142675
0.142894
0.142849
0.142856
0.142906
0.143482
0.143399
0.143457
0.139856