0.143497
0.144512
0.145003
0.14565
0.146479
0.150875
0.152927
0.154053
0.155918
0.153377
0.160745
0.163444
0.161424
0.169158
0.167838
0.170347
0.177786
0.175193
0.176907
0.183044
0.178596
0.178192
0.177178
0.169745
0.17763
0.174607
0.16677
0.163895
0.161341
0.158911
0.159759
0.157788
0.155852
0.153969
0.148724
0.148023
0.150277
0.149553
0.148981
0.148439
0.144566
0.144211
0.147777
0.147335
0.147309
0.147373
0.143655
0.143629
0.143464
0.143189
0.143265
0.143219
0.142952
0.143418
0.143197
0.143134
0.143088
0.143227
0.143164
0.142934
0.142827
0.142732
0.139597
0.139221
0.143218
0.14286
0.142841
0.14291
0.142892
0.143243
0.143018
0.143135
0.142639
0.142872
0.139382
0.139175
0.139239
0.142902
0.142765
0.142662
0.142807
0.143301
0.143034
0.142982
0.142949
0.143077
0.143193
0.139318
0.139125
0.142796
0.142577
0.143066
0.142704
0.143279
0.14308
0.143138
0.142775
0.143034
0.143005
0.140121