0.143469
0.144123
0.144739
0.145656
0.146369
0.150909
0.152254
0.153889
0.156065
0.153758
0.160575
0.163129
0.161722
0.168844
0.16794
0.170169
0.177478
0.175409
0.176825
0.182951
0.178482
0.178171
0.177061
0.170139
0.177794
0.175073
0.166946
0.163784
0.161388
0.159051
0.160164
0.157859
0.155694
0.153937
0.148747
0.147746
0.150397
0.149599
0.148738
0.148856
0.144359
0.144239
0.148123
0.147886
0.147538
0.147083
0.143606
0.143749
0.143338
0.143201
0.143319
0.143047
0.143543
0.143325
0.142918
0.143362
0.143143
0.142903
0.143017
0.142658
0.142951
0.142541
0.139454
0.139463
0.14267
0.142874
0.143054
0.142892
0.142952
0.143007
0.143048
0.143119
0.142799
0.142836
0.139611
0.139141
0.139119
0.142571
0.142802
0.143141
0.143274
0.143436
0.143129
0.14291
0.142705
0.143053
0.142924
0.139282
0.139232
0.142694
0.142897
0.142825
0.142872
0.143016
0.143206
0.142835
0.142954
0.143032
0.143308
0.140117