0.14374
0.144222
0.144922
0.145588
0.146306
0.15123
0.152664
0.153793
0.155796
0.153747
0.160415
0.163
0.161336
0.169664
0.167979
0.170647
0.178077
0.175464
0.176737
0.182429
0.17815
0.178124
0.1768
0.169972
0.177326
0.17503
0.167022
0.16426
0.16159
0.159343
0.159922
0.157957
0.155972
0.153911
0.148354
0.147761
0.150372
0.149428
0.148705
0.148472
0.144628
0.144571
0.147811
0.147739
0.147732
0.147472
0.143723
0.143494
0.143595
0.143236
0.143158
0.1433
0.143384
0.143045
0.142723
0.142689
0.143097
0.14306
0.142661
0.14297
0.14274
0.142979
0.139467
0.1392
0.142742
0.142907
0.143017
0.142749
0.143133
0.143063
0.142774
0.142804
0.142838
0.142664
0.13925
0.139135
0.139459
0.142934
0.142794
0.142853
0.142942
0.14346
0.143188
0.143102
0.142642
0.142726
0.142809
0.139539
0.139538
0.142448
0.143018
0.142808
0.142957
0.143122
0.143102
0.143022
0.14313
0.14291
0.143958
0.139766