0.143848
0.144557
0.144729
0.145564
0.146068
0.150795
0.152515
0.154176
0.155726
0.153357
0.160387
0.163083
0.16135
0.169003
0.16797
0.170321
0.17746
0.175109
0.17672
0.182606
0.178402
0.177647
0.176877
0.170193
0.177215
0.17498
0.167384
0.164222
0.161327
0.159352
0.160644
0.158084
0.155945
0.154259
0.14848
0.14795
0.150074
0.14948
0.148882
0.148371
0.144421
0.144183
0.147518
0.147413
0.147279
0.147036
0.143348
0.143428
0.143488
0.143562
0.143282
0.143084
0.14296
0.143191
0.143418
0.142975
0.143233
0.142973
0.142945
0.143006
0.142851
0.142926
0.139756
0.139211
0.142718
0.14289
0.142641
0.143048
0.143104
0.143293
0.143085
0.142807
0.142741
0.142645
0.139556
0.139731
0.139374
0.142811
0.142732
0.142705
0.143059
0.143448
0.14333
0.143065
0.142675
0.143031
0.142867
0.139563
0.1396
0.142901
0.142752
0.142685
0.143175
0.143076
0.143316
0.143228
0.14321
0.143253
0.143364
0.139923