0.143622
0.144234
0.14507
0.145399
0.14633
0.151305
0.152399
0.1538
0.155788
0.153907
0.16049
0.163341
0.161771
0.16904
0.168177
0.170274
0.178159
0.175371
0.176574
0.182959
0.178484
0.177802
0.176848
0.169792
0.177555
0.174943
0.167082
0.163676
0.161363
0.158918
0.160251
0.157627
0.155963
0.153943
0.14861
0.147722
0.150407
0.149653
0.149282
0.148751
0.144301
0.144614
0.147808
0.147574
0.147365
0.147131
0.143526
0.143445
0.143373
0.14341
0.143071
0.143133
0.143197
0.143072
0.143096
0.143073
0.14314
0.143335
0.142786
0.142907
0.142636
0.14319
0.139448
0.139305
0.142942
0.142896
0.142462
0.14268
0.143194
0.143346
0.142862
0.14312
0.142837
0.142558
0.139401
0.139421
0.139105
0.142696
0.142701
0.142902
0.143029
0.142991
0.142917
0.143114
0.142553
0.143047
0.142652
0.139441
0.139174
0.143373
0.142955
0.142861
0.14305
0.142944
0.143195
0.143024
0.142905
0.143426
0.143521
0.140084