0.143705
0.143863
0.14471
0.145523
0.146708
0.150858
0.152031
0.153996
0.156128
0.153672
0.160597
0.163163
0.161401
0.16863
0.167871
0.17005
0.178119
0.175691
0.176435
0.182851
0.178217
0.178279
0.177434
0.169811
0.177513
0.175102
0.167379
0.163773
0.161245
0.159244
0.160169
0.15786
0.155687
0.154197
0.148684
0.147557
0.150265
0.149538
0.149235
0.148676
0.14397
0.144382
0.147438
0.147411
0.147241
0.147364
0.143579
0.143464
0.143455
0.1435
0.143378
0.143179
0.142936
0.143104
0.142922
0.142615
0.142993
0.142834
0.142935
0.142883
0.142773
0.142947
0.13939
0.139318
0.142925
0.142875
0.142994
0.143433
0.142843
0.143175
0.143152
0.142941
0.142949
0.142957
0.139331
0.139006
0.13928
0.142474
0.142557
0.143282
0.14292
0.14307
0.143102
0.143265
0.142962
0.143243
0.142846
0.139638
0.139425
0.143123
0.143034
0.143265
0.143114
0.143011
0.142934
0.14295
0.143281
0.143229
0.143312
0.140224