738201218
2304525164
187772450
1299108945
3191045153
525579069
2644024946
1227066376
3851666818
402228449
852698224
64708953
1938596471
3521477002
16467594
3529013972
348765046
1482345292
748835837
1916329381
4149314970
3097822882
2675782035
2275177873
1653376797
2982573418
4006636401
202782831
1287093237
4046067855
451226520
3832119547
9162336
3524499826
1459270518
1205557573
1552009510
2483552048
1174206894
3485398919
2282577670
4118392858
2585003516
3249230804
1446071018
3687972625
1103916381
2899820384
2279690398
1908947909
3272424649
2820652842
1139367852
1668595201
693331849
2766201134
3221583067
865677188
548841558
1485239441
1086608922
4122580290
2352655869
3233040100
4045496772
2319526379
4090103880
3410579883
4135850191
1299580637
3453687059
3458365170
3245896934
685096450
4224786782
836290412
366463356
890547210
2011586400
3158682971
1380044254
3112348375
752728189
103603540
2388286117
3290722933
2092396842
3235311753
855372586
471432352
2274735475
2953547441
2200124288
3090125441
957308716
2665157047
3941785688
499257355
4058791427
1326638301
