0.0104938
2.59967e-05
4.96333e-06
1.66667e-07
0.00203278
0.00265786
0.0182171
0.0445723
0.000141257
0.532523
0.365054
0.00688736
0.000137207
0.000314403
4.51433e-05
8.789e-05
0.728803
0.998219
0.00188916
0.289182
0.00055724
1.843e-05
0.991675
0.990799
0.122667
0.0657286
8.09167e-05
0.0600447
0.000548917
0.000124203
0.0146508
0.0398752
0.00026923
0.868224
0.517506
0.00849899
0.0484832
0.00494021
0.000203
0.000231373
0.00977528
0.678629
0.00926785
2.22133e-05
6.09667e-06
0.113883
0.572137
0.00203975
0.446892
3.969e-05
0.157458
3.89067e-05
5.64467e-05
0.81158
0.0788015
0.125562
0.00061825
0.690871
7.60333e-06
0.00425561
0.022195
2.75333e-06
0.642211
0.0154655
0.000412847
0.0585942
0.603587
0.00152128
0.000420333
1.03833e-05
0.0341737
3.981e-05
0.0029946
1.52333e-05
0.0764832
0.00466522
0.0219945
2.23067e-05
4.55433e-05
0.000574253
0.683163
0.010815
0.000218133
0.000958007
0.0533399
0.703151
0.000136967
0.00190361
0.000453013
7e-07
0.0920276
0.000439977
0.000172787
0.00104951
0.118842
0.00351695
0.0183919
0.811587
0.573842
0.00220582