0.0214999
0.590909
0.00130008
0.132761
0.0972045
0.0243101
0.293419
0.0035152
0.20558
0.101649
0.457032
0.0107111
0.0200352
0.0125874
0.493535
0.116456
0.00411799
0.0377137
0.0433575
0.0632214
0.0388028
0.139112
0.136022
0.0982113
0.0765454
0.567407
0.812383
0.0115499
0.101416
0.034975
0.0813031
0.0652767
0.728163
5.815e-05
0.00086859
0.631873
0.488658
0.088745
0.00063722
0.181251
0.0572428
0.484531
0.183308
0.00634885
0.00757285
0.0134072
0.310013
2.53633e-05
0.111526
0.138898
0.105066
0.210669
0.00234685
0.0911247
0.0407482
0.0504269
0.621717
0.0672613
0.315835
0.100555
0.0103352
0.00193876
0.00139412
0.101458
0.00210417
0.107975
0.263646
0.583945
0.212052
0.00577927
0.0397654
0.843487
0.0447604
0.205333
0.0109895
0.0280376
0.000292133
0.0144286
0.824136
0.0224639
0.0182499
0.00401694
0.670621
0.00440022
0.00343454
0.0491266
0.0373483
0.0188452
0.000132577
0.00121473
0.0211502
0.163311
0.00189556
0.000834567
0.0576601
0.0124595
0.515871
0.122025
0.0402594
2.69867e-05