0.00241071
0.000836777
0.0535314
0.843035
0.00239423
2.221e-05
0.000235697
0.0130433
0.0396402
0.0155949
2.909e-05
0.0006524
0.00372146
0.00557252
0.0928019
5.23333e-07
0.0383191
0.252428
0.0324208
0.0252424
6.61333e-06
0.0122705
0.86018
0.015149
0.101666
0.148888
0.119627
1.58833e-05
0.640024
2.50333e-05
0.010067
0.872706
0.00561889
0.00645452
8.49233e-05
0.857855
2.015e-05
0.305791
0.120174
0.000510377
0.000231123
3.495e-05
0.461637
0.000366233
0.839375
0.033598
0.00306642
0.000626473
0.121387
0.0309745
0.840291
0.409151
0.00053545
0.00415857
0.117949
0.0226941
2.37667e-06
4.83033e-05
0.00949045
0.0713703
0.000295307
5.97e-06
6.25333e-05
0.000607353
0.00389477
0.818513
0.00013063
0.652679
0.00047693
0.119366
0.839224
4.35667e-06
6.86333e-05
0.000437817
0.0347496
0.840982
0.00272301
0.0006804
0.0440835
0.000697603
0.0120358
0.0384609
0.845659
0.121083
0.0434763
9.55033e-05
5.94233e-05
0.022493
0.0390679
0.115318
0.115313
0.0129178
0.00564727
0.0253172
0.841445
0.083301
0.85018
3.78333e-05
0.000397153
0.00195747