0.0124564
0.266856
1.66667e-08
0.00155938
8.28867e-05
0.000385057
0.00129409
2.06667e-07
0.0210944
0.0679781
0.956212
0.976962
0.00955744
2.18e-06
0.0485243
0.987918
0.0576016
0.417189
0.00744787
0.987116
0.927411
0.0101327
0.00366593
0.00329506
0.00333084
0.0208599
0.00841779
0.405394
0.77603
7.51833e-05
6.11e-06
0.00788754
0.0687715
0.999067
4.79233e-05
0.78692
1.00367e-05
0.00071367
1.39333e-06
0.000741183
0.0064841
3.938e-05
0.0250612
0.00133182
4.076e-05
0.0579344
6.43567e-05
0.000118693
0.0144113
0.0017685
5e-07
9.92e-06
0.00547953
0.00117188
0.000161643
0.000605753
0.352307
0
0.461323
0.000188437
0.0153296
0.124103
0.00526832
0.000284513
5.49333e-06
0.000306993
2.311e-05
0.00262401
1.95e-06
0.00373503
0.0448143
0.00100701
0.000351103
0.945132
0.00739689
0.703125
0.0606423
0.00113483
0.0150213
0.00675244
0.00161403
0.00397166
0.0268662
0
0.000357453
0.6238
0.0262
0
2.97133e-05
0.57079
7.47667e-06
0.00088628
0.00275484
0.96852
0.489018
0.000405897
0.00374899
0.0802979
0.487644
0.00450994