0.00098443
0.00975472
0.002439
0.000184453
0.915191
9.13333e-06
0.0526561
0.000120287
0.00312641
0.912311
0.00264651
0.00149834
0.00315199
0.00065245
0.915691
0.914832
5.557e-05
0.0108735
0.000812403
0.0109533
0.0358757
0.0394618
0.0259156
0.00032994
0.0755938
0.938276
0.0784426
0.97713
0.000116993
0.0736741
0.00239045
0.0467865
0.0824316
0.000522707
0.000986817
0.00240383
0.0269535
0.00305115
1.46733e-05
0.00021795
4.43333e-07
0.000164533
0.0415842
0.00524329
0.0381734
0.123748
3.43333e-06
1.23333e-07
0.0463096
0.906207
0.00240844
0.000115233
0.00280349
0.000264517
8.18633e-05
0.914072
4.222e-05
0.720868
0.000247497
0.900856
2.09333e-05
0.00256978
3.499e-05
0.0050396
0.0478843
8e-07
0.0322458
0.000639333
0.00290312
8.729e-05
0.908786
2.95333e-06
0.00304234
0.0414547
1.116e-05
0.916294
0.00184007
0.731475
0.262504
0.00117213
0.0285626
0.00273153
0.000360087
0.00856419
6.03333e-07
0.000419857
0.00115924
0.0600607
0.0562817
0.0440471
0.00997977
0.98328
0.959035
0.000843163
1.65e-05
8.72233e-05
0.0142485
0.000601867
9.86667e-07
4.66667e-08