0.000230257
1.43333e-07
6.26667e-07
0.00141772
0
0.0638394
0.582297
0.0832323
0.958944
5.16533e-05
0.478756
0.977363
0.146673
0.0482714
2.832e-05
2.54367e-05
0.00275407
0.00198353
0.973297
0.00118721
0.936075
0.945001
0
0.0993609
0.568361
0.452283
0.00058999
0.0522863
0.363231
0.00062745
3.66667e-08
4.03333e-07
6.59e-06
3.86667e-07
0.00074032
0.00913762
2.15e-06
0.994982
0.995993
0.0218107
0.00947144
0.0341417
7.7e-07
0.0264169
0.101784
0
0.410919
0.000927843
0.192985
0.0955239
0.000935703
1.46667e-07
0.948721
0.0880143
0
0.00023944
0.0272181
0.0100256
0.00758152
7.89e-06
0.000354877
0.00111706
0.00236434
9.71267e-05
0.0465298
0.359686
0.00038626
0
4.73333e-07
0.00209853
0.0450785
0.0515699
0.0150363
0.169147
0.000142203
0.0078556
0.642063
0.001216
1.13867e-05
0.000306517
4.97567e-05
0.0118973
2.5e-07
0.0115563
0.0001581
0.60409
5.03133e-05
0.00299468
0.00344019
0.000179947
0.0104182
0.00275039
0.00477655
0.00156326
0.971754
1.37333e-06
0.141992
0.167219
0.00428801
4.86667e-07