6.08e-06
0.948925
4.48333e-06
6.65e-06
0.00571733
0.00141114
0.887157
0.00654694
0.0113752
1.33333e-08
4e-07
0.00025676
0.989043
1.88e-06
0.0242149
0.00237614
0.000240237
0.544793
0.000526153
9.76367e-05
0.705342
0.0142698
0.00012314
0.971898
0.999342
1.86633e-05
0.0178872
0.985445
7.35333e-06
0.00354222
0.000109057
1.154e-05
0.11202
0.00150951
1.66667e-08
0.248092
0.000258487
0.00111642
0.000523107
0.00537053
0.993743
0.000128597
0.00996921
0.00528328
0
0.00163007
3.92e-06
0.0794071
0.000400357
0.00230489
0.118328
0.0169922
6.96667e-05
0.00011324
0.00241955
0.00018313
0.000654167
0.00112771
5.54233e-05
0.27383
0.464657
0.00206035
1.4e-07
4.17e-06
0.53852
0.00523339
0.00419014
1.99e-06
8.319e-05
0.429482
0.00623262
3.857e-05
0.0111752
0.0121946
0.0158176
0.804636
4.86667e-07
0.0410129
9.21767e-05
0.00013509
7.97667e-05
0.000534677
0.665469
9.15033e-05
5.66333e-06
0.00150332
4.075e-05
2.42e-05
0.000322253
0.00890652
0.00095617
0.00691421
0.990054
0.00387558
4.51867e-05
0.00419325
0.394748
0.598655
0.991783
9.5e-07