7.02267e-05
0.0250188
0.000933887
0.00015017
0.00237244
0.00086024
0.887787
0.0107474
0.00020668
0.000938647
0.884893
0.0004465
0.0604803
0.0270297
0.931829
9.21867e-05
0.352361
0.0249042
0.0433836
0.00135809
0.0034683
0.121694
0.00024865
0.987322
0.00059518
0.0368371
0.0358064
0.0539258
9.94667e-06
0.51866
0.000299823
0.00066072
0.939331
0.921842
0.00011947
0.0210899
0.00628948
0.000231047
0.00301684
0.157757
9.33333e-08
1.72e-06
0.00104451
0.924301
0.0030893
0.890699
3.74e-06
0.0623193
0.00413599
0.00357436
0.106673
0.00253323
0.0587445
0.00807705
0.175714
0.0124538
0.00133599
0.000427257
0.0598943
0.00077247
0.000437793
0.0065687
0.000233073
1.91033e-05
0.014201
0.0003127
0.0487712
0.00151293
0.00118607
0.973958
0.0333715
0.0129041
0.000576757
0.968897
0.000661827
0.00195316
0.0101157
0.49067
0.101256
0.0137008
0.882452
0.0915849
0.88872
0.00282656
0.000364
0.0017788
0.000441557
4.83333e-07
7.42667e-06
0.000715207
5.88033e-05
0.985944
8.04167e-05
0.000588977
0.0695174
2.81067e-05
0.00927582
0.00052034
0.00291884
5.84667e-06