0.0174479
0.0199956
0.788489
0.00176129
0.094847
0.000213493
0.195464
0.18026
0.899999
0.428004
0.0208701
0.160777
0.177873
0.716762
0.541149
0.0022953
0.000531973
0.00403805
0.675711
0.798631
0.0140945
0.755206
0.0199506
0.0020625
0.571375
0.157704
0.0407137
0.000212107
0.00012191
0.0686817
0.168794
0.00012586
0.0010634
0.0160267
0.0841381
0.0632467
0.191495
0.0181367
0.00825315
0.723552
0.110104
0.0197806
0.160528
0.149889
0.0377273
0.00508887
0.0146781
0.00396734
0.0356053
0.130824
0.00155915
0.0609898
0.00487184
0.0672323
4.17667e-06
0.166066
0.0011101
0.00193011
0.130949
0.196369
0.0147546
0.128556
0.00043235
2.344e-05
0.156909
0.236278
0.00205966
0.00016145
0.0562119
0.0702073
0.017103
0.151201
0.033193
0.00034382
0.00274744
0.800893
0.00383642
4.16767e-05
0.0200349
0.01132
8.938e-05
0.836973
0.705495
0.00325476
0.0866088
0.000413357
0.0128295
0.000479727
0.0334202
0.880349
0.0160116
0.000265603
0.0153218
0.0358459
0.000188307
1.74633e-05
0.0197163
0.578419
0.131009
0.0076355