6.82e-06
0.00106779
0.00565331
0.0333019
0.0116135
0.0548936
0.000522977
5.14667e-06
0.980587
0.956872
0.765446
0.0731785
4.32933e-05
0.00660385
1.13333e-06
0.0446905
0.0584487
0.00849939
0.0640483
0.0901236
0.973564
0.889719
8.6e-06
0.883632
0.904145
0.000462353
0.00637412
0.147686
3.16567e-05
1.90533e-05
3.59567e-05
0.00738502
0.0149076
0.967483
0.00011784
0.024707
0.0286668
0.00281632
0.0151992
0.896105
1.07633e-05
0.0203642
0.0137934
0.00023086
0.00596186
0.097562
0.00066111
0.0104013
2.43667e-05
0.000184037
4.899e-05
0.000380297
0.0650329
0.00225857
0.000670943
0.00281777
0.89812
3.10033e-05
0.0234412
0.00178373
0.0192309
1.99733e-05
0.00152787
0.000477063
0.0149989
0.00128656
0.00149137
0.861758
0.0712837
0.00479933
0
0.0300516
0.00816967
5.66667e-07
0.00604685
0.0151441
0.942585
0.00240148
0.00113376
8.11833e-05
0.00156661
0.00181975
0.0114184
0.00923798
0.000434597
0.00070047
0.0274162
0.0905823
0.0134532
0.0615379
0.828263
0.863462
0.933836
0.0129643
0.069227
1.682e-05
0.00023597
0.00417245
0.0199231
0.00479274