0.00881293
2.15667e-06
2.19067e-05
0.0116987
0.00588525
0.0189547
0.000675943
0.000111723
5.89133e-05
4.3e-07
0.152522
0.0387871
0.0630484
0.678766
0.00129808
0.00030049
0.00419147
0.000174753
0.0478654
0.00214578
0.00168565
0.00128366
0.137675
0.00274827
8.81e-06
0.013475
0.0202693
0.00404923
0.00013356
0.00150679
0.108849
0.192419
0.0228671
0.000477563
0.00154201
0.10013
0.000272863
0.996105
0.0569504
0.0912165
1.99633e-05
0.797832
0.0331569
3.99e-06
0.00268978
0.870287
0.864511
0.00227099
0.148912
0.0504132
0.00134943
0.00076212
0.000269683
0.987521
0.00052813
0.0418532
0.00199134
7.45167e-05
0.000100227
0.772091
2.87167e-05
1.38667e-05
0.00318529
0.992373
0.141559
0.00942255
0.0292385
0.253456
0.000110137
0.989708
0.00596465
0.133367
0.000815847
0.683964
0.712909
0.000273147
0.00566317
1.28567e-05
0.00252713
0.0130091
0.998001
0.00155834
0.00522995
0.00171023
0.839003
0.168347
0.690468
0.87868
3.04133e-05
0.00552066
0.00125062
7.781e-05
0.00271001
0.0576252
3.2e-06
1.02e-05
0.00125512
0.00197963
2.28533e-05
0.00329293