0.116876
0.321032
0.000825923
0.188534
0.140935
0.0126807
0.00179991
0.752688
0.974593
4.82433e-05
0.0157963
0.0138443
0.0261645
0.00521458
0.00748026
0.0684737
2.53333e-07
0.000431773
0.485673
1.62e-06
0.0243691
0.988789
0.00505494
0.603516
0.00865728
0.506744
0.495188
0.00147385
0.00116397
0.405784
0.00019637
0.000523577
0.00124673
0.0651084
0.0058891
0.257669
0.00228266
0.146495
0.326348
0.89693
0.112277
0.592229
2.22967e-05
0.012672
0.00684446
0.000474213
0.994622
0.00287665
0.0112202
6.46667e-06
0.00429754
0.000182283
5.06467e-05
5.43967e-05
0.0177146
0.00328824
0.633161
6.76667e-07
0.0011301
0.983035
0.00014283
0.86115
0.0276963
0.000266253
0.00935906
0.0765926
0.000209193
1e-08
1.80467e-05
0.00130457
0.00519697
0.00050957
0.00014988
0.235905
0.00695431
0.960796
0.0387898
0.18172
0.218233
0.000114877
0.00165883
0.00031888
0.000709933
0.00200079
0.00212094
0.00380531
0.024958
1.45e-06
0.000306877
0.000316177
0.00941543
0.00898441
0.00463024
0.988736
0.00485693
0.000351923
0.00802313
0.023659
0.0370495
0.00030702