4.93e-06
4.353e-05
2.89733e-05
0
0.00428656
0.000182273
0.000194877
5.53333e-07
2.198e-05
0.900922
0.00067984
0.00113133
0.000116943
0.00014143
4.62667e-05
0.000323837
0.171582
0.256748
0.500019
0.00250631
0.00629395
2.408e-05
0.127006
0.0430029
0.0917363
6.65667e-06
1e-08
0.00594143
0.915089
0.999548
1.88e-06
0.995056
1.69333e-06
0.0429471
0.00011061
2.05867e-05
0.00035804
0
0.000335753
0.000163833
0.00263504
0.000746297
4.03667e-06
0
2.82667e-06
0.901701
0.0102072
0.0365113
0.998377
0.0687557
0.000177957
0.0508796
0
7.97333e-06
0.156491
0.2345
1.29133e-05
0.97988
0.696763
5.33667e-06
0
1.109e-05
0.00152943
1.82333e-05
0.997008
1.48667e-06
9.21967e-05
0.0759172
9.55167e-05
0.00121081
0.734311
1.14967e-05
0.000219283
0.0047312
0.00102666
0.130592
0.00388034
0
0.915525
0.000119077
0.9916
0.000606027
4.23367e-05
0
0.000599617
0.0258507
3.76133e-05
0.000686377
0.930798
0.912377
0.000368793
0.0227952
0.0112845
0.00025753
0.00733133
0
4.36667e-07
0.00163678
2.49333e-06
0.0231419