0.00060718
0.00027607
2.8e-06
0.564446
0.00253859
0.00074756
0.00028513
0.00353998
0.00776744
0.95978
0.00261195
0.0108333
0.00139483
1.72333e-05
0.00056783
0.454016
0.00690179
0.989603
4.135e-05
0.00891909
0.990743
0.974427
0.638593
0.00913672
0.00275052
0.00734534
8.25333e-06
0.0090736
0.00720221
9.47333e-06
1.06e-06
0.000224517
0.0359742
0
4.43e-05
0.699367
0.00045226
0.00130095
0.00939092
0.000792703
0.0390306
0.00384348
2.649e-05
0.000629837
0.000781373
5.49833e-05
0
1.75e-06
0.406337
6.842e-05
0.00382506
0.00197498
4.56667e-07
0.0007541
0.024188
0.980424
3.394e-05
0.0001868
6.00333e-05
0.990919
0.984994
0.000502083
0.00015494
0.983251
6.17467e-05
0.989267
0.00286028
0.000439763
0.000308713
6.53333e-06
7.78833e-05
9.567e-05
1.86667e-06
1.15967e-05
0.000142443
4.56e-06
1.16667e-06
0.00875745
0.975264
1.281e-05
0.063189
0.00363091
1.38467e-05
0.00836469
0.0936398
3.76767e-05
0.00462829
0.00137394
0.00688419
0.0181698
0.00248437
0.000466513
2.41e-06
0.990844
0.990437
0.0092574
0.0038109
0.00039226
2.23333e-07
0.00128233