6.62e-06
0.000119707
0.0164207
0.00047781
0.980364
4.03367e-05
0.0344526
0.00134502
0.000451163
0.0020822
0.018727
0.0205597
0.00130101
0.0598386
0.00250616
0.0054241
0.906497
0.0125588
0.0145399
0.0158167
0.411437
6.22333e-06
0.000522857
0.000546837
0.90468
0.00015671
0.0146549
0.00265562
0.990517
0.0298413
0.641671
0.0126611
0.25665
0.645281
1.35067e-05
2.72133e-05
0.698917
0.27958
0.011564
0.0141478
0.00011164
0.356091
0.00319905
0.0529039
0.0165627
0.00811466
1.299e-05
0.0924647
0.743923
0.0111001
0.105426
0.675799
0.676101
0.228945
0.894217
0.302413
0.000195127
0.00447477
0.31334
0.0119963
0.00933498
2.826e-05
0.000467947
2.62567e-05
0.000747347
0.00350752
0.33772
0.00466577
0.292696
0.000249283
0.136214
7.25667e-06
0.0247298
0.00267347
0.00588209
0.00017269
0.366502
0.00036925
0.817209
0.00035183
5.379e-05
3.68833e-05
2.45333e-05
0.0146491
9.14867e-05
0.025411
0.0336162
0.0430003
0.022344
9.22267e-05
0.0342546
0.907899
0.00485532
0.306854
0.0805703
1.613e-05
0.00133614
0.000281897
0.0140088
0.000599113