3.28567e-05
0.00022918
7.98e-06
0.0874811
0.000139813
0.00332069
0.048873
0.000966427
7.83333e-07
0.87326
0.00446925
0.274073
6.02167e-05
0.00228877
1.35067e-05
0.00030133
0.000458203
0.611553
0.903096
0.00061719
5.81667e-05
3.21467e-05
0.53861
0.00984073
0.124223
0.863469
0.00401524
0.291348
5.71667e-06
0.997792
0.00271939
9.21e-06
0.166466
2.82533e-05
0.980156
0.736513
0.000345477
0
0.103193
0.935573
1.31867e-05
0.00102516
0.00031777
0.336605
6.41667e-06
0.00021997
0.00748737
0.646442
0.0004347
0.00117339
1.188e-05
0.0435796
8.532e-05
0
0.0122019
0.000830637
9.865e-05
1.24667e-05
0.146768
0.190714
0.00163712
0.0891558
0.706312
4.001e-05
0.000691547
0.046905
6.17933e-05
0.00161143
0.00495122
0.0369413
0.454083
0.995277
0.000176323
0.0135126
0.000515653
0.000109587
0.100236
0.0186143
9.13e-06
4.59e-06
0.813636
1.05233e-05
5.33667e-06
0.040467
8e-08
0.0158311
0.00087782
0.00108369
0.000383847
0.00475569
0.699977
0.0166576
0.000468053
0.00188
3.03e-05
0.00027567
2.221e-05
0.000480773
0.351066
0.627578