0.634237
0.357193
0.00137156
0.776897
0.122814
0.638896
0.639185
0.00118499
0.902987
0.00545053
0.000413117
0.0293333
8.659e-05
0.998478
0.0712264
0.986477
0.019205
9.478e-05
0.00010423
0.0005008
0.157461
0.373946
0.000117977
0.00048707
0.36333
0.0019722
0.0365258
0.534354
0.00943229
0.0101704
0.000219707
0.0130237
0.00794399
5.10667e-06
0.0215322
3.57467e-05
0.3433
2.18e-05
0.336544
2.838e-05
0.0240951
0
1.36667e-07
0.0310259
0.028412
3.109e-05
0.278262
4.57967e-05
0.000393127
0.000335977
0.000743477
0.577356
0.415522
0.00112939
5.58e-06
0.356977
1.09233e-05
0.429839
0.034577
0.0014128
0.00424808
0.000775267
0.0749
0.357301
0.000154203
0.0006328
0.00022337
6.91333e-06
0.171738
0.00139137
0.000138653
0.344854
8.03333e-06
2.56467e-05
0
1.35333e-06
1.17e-05
0.700782
0.0216658
0.556492
0.128717
0.614979
0.00018136
0.000733597
0.000517947
0.0487913
0.0648842
0.357417
0.42194
0.0364187
0.0201604
0.0169304
0.0287223
0.000311147
3.22667e-05
0.00212703
0.000127153
0.0039161
0.411832
0.0291485