0.000103103
1.36667e-07
2.77333e-06
0.0117336
0.00519743
0.950643
0.139182
3.34e-05
0.0640307
0.109752
0.565841
0.144258
9.55033e-05
0.139712
1.67e-06
3.52333e-06
0.128283
0.0111653
0.519879
0.0104423
4.496e-05
3.449e-05
0.860488
0.000543467
3.44633e-05
0.138267
0.0032598
0.860269
0.0317764
5.11333e-06
0.0166622
0.129684
0.000112407
0.00128796
0.00305309
0.13891
2.57033e-05
0.0111342
0.0211333
0.854172
2.486e-05
1e-08
0.000176747
0.00077054
0.050198
0.0102494
0.0524256
0.854723
2.4e-07
8.55e-06
1.2e-07
0.00209869
0.002182
0.837562
5.43667e-06
0.00514361
3.56333e-06
0.839118
0.00128684
0.00106789
2.632e-05
0.000247997
8.114e-05
0.884025
5.59e-06
0.118605
2.36933e-05
4.15333e-06
0.857731
2.05333e-06
1.33333e-08
0.0206411
8.33333e-08
0
0.00053026
0.917328
1.388e-05
0.0638814
6.784e-05
0.000853563
0
1.41667e-06
0.0156138
0.00115597
6.72933e-05
0.00087769
0.86103
0.0594549
4.26667e-07
0.00070358
6.303e-05
1.90333e-06
0.0554424
0.424958
0.977429
0.0210796
0.196875
0.00046541
0.000158137
0.99225