1.03333e-06
0.0783023
0.000665453
0.00647101
0.516831
0.115892
0.0136884
0.398914
0.337089
0.0151598
0.257151
0.366176
0.0148587
0.881282
0.00229028
0.429411
0.0303926
0.192055
0.0764082
0.0109219
0.389674
0.38146
0.504988
2.27233e-05
0.00690841
0.0618238
0.896692
0.000129357
0.348606
0.00954856
0.574307
0.0089284
0.00356978
0.00577293
0.118408
0.00513183
0.0488608
0.0430644
0.445042
0.00307905
0.018214
0.0253832
0.0455889
0.583702
0.0184035
0.0158203
0.0596174
0.16683
0.0272787
0.043698
0.00243545
0.0422697
0.252027
0.000113567
0.342138
0.352524
0.00405695
0.243707
0.00487638
0.587184
0.411298
0.00158655
1.44667e-06
0.412706
0.00929305
0.000192463
0.310709
0.143194
0.00638712
0.00109459
0.017802
0.0103171
4.05333e-06
0.138885
0.137497
0.0904245
0.0295962
0.368321
3.09433e-05
0.000720407
0.571553
0.0378941
0.0485315
0.0181922
0.00562604
0.00318771
0.539151
0.00210632
0.0313152
0.34268
0.0243398
0.00670364
0.0160672
0.0377564
0.0887306
0.0138591
0.00657144
0.374609
0.0166646
0.288556