5.09667e-06
0.00107149
0.938937
4.53333e-07
6.98667e-06
0.708555
0.110017
0.00010791
0.776166
0.00552948
1.62667e-06
3.58667e-06
0.0657331
5.577e-05
1.82367e-05
1.41167e-05
0.985274
0.00108327
4.2e-07
0.693707
0.312898
2.679e-05
0
0.00595275
9.44667e-06
0.00131497
0.102145
0.00025528
0.00575407
0.00198918
0.00148963
1.67667e-06
0.000493047
0.00121697
0.000736413
0.08053
2.43333e-06
0.422699
0.998818
0.99456
0.00030503
0.00410704
0.00787208
0.0112588
5.73e-05
0.0015728
8.37e-06
4.94667e-06
0.110595
0.866187
8e-07
0.101813
1.64233e-05
6.05333e-06
0.989657
0.000102487
1.12333e-06
0.0100372
0.0249589
0.160076
2.03333e-07
0.000295337
5.3e-07
0.99649
1.26667e-07
0
0.00017222
3.72933e-05
5.871e-05
0.506695
0.00115431
0.259784
0.000283543
0.896406
0.886729
0.00409425
3.80333e-06
6.5e-07
4.66333e-06
9.38433e-05
0.00048668
0.697085
0.595882
0.00010335
0.00251258
0.182864
8.11e-06
4.82667e-06
0.00529107
4.27333e-06
0.000561603
0.000348207
0.131138
7.26667e-07
0
2.42833e-05
5.46667e-06
0.321311
0.00019976
0.00404825