0.934347
1.06e-06
5.49e-06
1.156e-05
0.00188421
0.02626
0.0529984
1.09633e-05
3.22e-06
1.922e-05
0.000444867
4.04333e-06
0.000113603
1.43667e-06
0.0621149
0.0503074
0.00088666
0.00284413
0.0347864
0.97023
1.42533e-05
0.0146714
0.821976
0.0211799
0.0323932
0.000184387
0.024139
0.91632
0.000392997
0.00069956
8.55e-06
4.05933e-05
0.0145652
0.10191
1.3e-07
8.88667e-06
0.00018895
0.00430413
1.03333e-07
0.0707453
0.0312499
0.000331937
0.00885274
2.48e-06
0.750552
0.846964
9.34667e-06
0.883244
0.00419166
0.859697
7.73333e-07
0.0592151
2.8e-05
1.60567e-05
0.0046595
0.932962
0.926783
0.0620991
0.00041379
0.000571347
0.0711255
0.0100531
0.933168
0.00539344
7.84867e-05
5.53333e-07
5.28e-06
0.00680746
3e-08
0
0.0621292
8.38233e-05
0.0876014
0.907966
0.934359
0.00456754
1.50767e-05
0.000454377
0.0622407
0.9771
0.112079
0.00098636
9.89433e-05
0.00456211
0.000453397
0.00270076
0.1257
0.124577
0.00448791
1.01e-06
0.00018126
0.0678213
0.0106167
0.933244
0.00153866
9.089e-05
0.000577567
0.0126598
0.00142467
0.000186067