0.854467
0.000391083
0.849757
0.145626
0.00294691
8.23533e-05
0.0503442
0.0033931
0.00449014
0.000208893
0.0567077
0.0801852
0.843993
3.241e-05
0.848053
0.00562153
0.00311447
0.155127
0.125339
0.137522
0.000430107
0.077
0.141101
0.000961217
0.145335
0.12598
0.000606603
0.000650693
0.00056093
0.000129127
0.00462454
0.145674
2.25433e-05
0.000987977
0.00318357
0.00638049
0.00409644
0.00335374
6.24333e-06
2.31333e-05
7.88333e-06
0.00418426
0.000198997
0.108729
0.849756
0.988452
0.000780903
2.69033e-05
0.00915842
0.102377
5.66667e-07
0.923099
0.000928117
0.00374565
0.00103001
0.849724
0.0135135
0.00145659
0.849235
0.849203
0.00140438
0.00353617
0.000732077
5.32567e-05
0.000812267
0.0247815
0.00247869
0.143864
0.84661
0.00225478
0.00393077
0.00121742
0.000503007
0.000855573
0.000112007
3.68667e-06
0.149065
0.00382992
0.0254283
0.00390027
0.00500024
0.599608
0.848959
0.85154
0.142402
0.00159107
0.00042739
5.67e-06
0.00056524
0.000552613
1.71433e-05
4.24167e-05
3.135e-05
4.53667e-06
0.794235
0.00432199
9.33033e-05
0.00452389
0.145908
0.00068208