0.465707
0.000284843
0.153782
0.0281585
0.046828
0.0861009
0.00367175
0.244535
0.00194751
0.0936069
0.000174583
0.21585
0.199721
0.00177192
0.000518187
0.16613
0.0107196
0.00113772
0.214148
0.284916
0.13326
0.0566865
0.270148
0.0670743
0.47175
0.000383717
0.494188
0.286742
0.244637
0.29788
0.00719277
0.321049
0.186705
0.219371
0.000279977
0.727057
0.273175
0.0375708
0.000406977
0.000865433
0.0831537
0.349039
4.15767e-05
0.00904487
0.00244146
0.271182
0.0220866
1.83367e-05
0.0247985
0.0242086
0.344825
7.09667e-06
0.127133
0.38083
0.0748522
0.0225796
0.568295
0.246227
0.00130232
0.00034753
0.232297
0.189361
0.2137
9.5e-07
0.000341103
0.0351302
0.0266646
0.000603623
0.00383866
0.0299857
0.0296267
0.0283075
0.00305612
0.000708743
0.0437152
0.293988
6.27667e-06
0.0950786
0.530842
0.000803303
0.469729
0.00491075
0.243159
0.23343
3.5e-07
0.160023
0.725554
0.400547
0.402173
2.21633e-05
8.28667e-05
0.000654253
0.254213
0.0123607
0.511225
2.55667e-06
0.0899565
0.299584
0.565506
0.000269063