0.771407
0.0390245
0.205416
0.252829
0.00604158
0.594207
0.096307
0.000220103
0.040934
0.00321234
0.000666067
0.0818206
0.148666
0.146816
0.0502118
0.0386194
0.0117211
0.0152794
0.745987
0.0842804
0.198824
0.69193
0.030928
0.00684172
0.0738516
0.0211546
0.00240135
0.013321
0.725158
0.0017846
0.000690747
0.00233454
0.0270654
0.00689215
0.784359
0.00308003
0.355764
0.00138868
0.139479
0.208488
0.661518
0.000109967
0.141277
7.782e-05
0.00544176
0.0840535
0.00352672
0.00118551
0.073821
0.0336057
0.00342068
0.00206321
0.168949
6.99e-06
0.0948932
0.0620858
0.000127877
0.181933
0.944272
0.297287
0.064008
8.46667e-06
0.000577637
0.001847
0.0301709
0.0184638
0.0384232
0.0366182
0.00404826
0.0586685
0.000659107
0.0376598
0.00252127
0.301229
0.808203
1.19e-06
0.0193145
0.0210755
0.00354365
0.00310046
0.505738
0.777164
0.0002327
0.000491313
0.00022698
0.0255783
0.0729218
0.00053941
0.866546
0.0414944
0.018219
0.00535828
0.196801
0.0330236
0.259473
0.0965158
0.0358024
0.87144
0.341006
0.0122319