4.16667e-07
0.915068
7.005e-05
7.67667e-06
0.00014122
8.94867e-05
4.7e-07
0.972042
2.67467e-05
4.18333e-06
0.0127262
2.76667e-07
0.996575
0.00186841
1.10333e-06
1.66667e-07
0.999521
0.00264857
2.53333e-06
0
0.171598
0
0.000379023
1.76667e-07
0.997445
0.999536
4.17067e-05
0.000164713
2.02367e-05
0.00089444
0.000462003
0
0.00064099
7.45333e-06
1.56967e-05
0.00015755
0.0247275
0.109361
0.00253528
0.993439
1.136e-05
0.99778
0.236908
0.000333787
2.765e-05
0.000325173
5e-07
0.0001123
0.999976
0.0155275
0.78787
0.0182155
1.86667e-06
0.995817
0.000480623
0.00133327
0.000108557
4.954e-05
0
0.000497197
0.00073842
0.959487
2.7e-07
2.04867e-05
0.00259255
9.459e-05
0.00015074
0
0.000488707
6.05133e-05
0.0150499
2.46667e-07
2.194e-05
0.0136527
1.96667e-07
0.0071044
1.69233e-05
0.00031388
0.000212327
2.97333e-06
0.725976
2.71e-06
1.47333e-06
0.0006948
0
2.4e-07
0.999949
1.83333e-07
2.10667e-05
0.973119
0.00582359
4.119e-05
9.6e-07
0.000188107
0
0.0356883
0
0.00012787
0.000693707
6.87533e-05