9.23333e-07
0.054393
0.0235237
0.0954917
0.000185097
0.998638
0.000860413
0.000107313
0.000536257
4.15467e-05
0.739439
0.000127283
0.00113533
1.169e-05
0.993268
0.00166983
2.28667e-06
0.996436
0.0176353
0.00644087
0.0472347
0.0175843
0.00132985
0.993361
0.948298
0.000664177
0.000589237
0.322689
0.00017833
1.5e-07
0.00109736
0.71673
0.000825057
0.00040374
0.0273395
0.000303093
2.07333e-05
0.000657353
2.04667e-06
0.972885
2.33967e-05
0.750082
0.000650727
0.00015136
0.000118
0.0231934
2.03e-06
0.000554263
0.000355187
7.162e-05
0.0414552
0.00172629
0.00056454
3.32333e-06
0
0.050057
0.0283864
0.0602935
0.000105153
0.00192741
5.70667e-06
0.00853209
0.328969
4.33333e-08
2.77967e-05
0.57747
0.00046062
0.000144443
0.000396033
0.00271027
0.98023
0.000581213
8.19333e-06
0.98936
1.54567e-05
0.00102266
0.00074549
0.0005529
0.00371952
6.861e-05
3.26e-06
0
0.990032
0.00176475
0.434972
0.818359
0.00187594
8.16667e-07
0.479006
0.0730416
0.000105907
0.0236745
0.251446
0.000598883
0.0349586
0.00282002
0.00844398
7.75033e-05
0.0263074
0.0156358