0.00108484
2.78633e-05
0.608732
0.0055945
6.13767e-05
0.00404652
0.00151381
0.616978
0.149161
0.0343005
9.37333e-06
0.0857374
0.0179124
0.569322
0.00091993
0.069139
0.120331
0.0306484
0.207825
0.00747286
0.28196
0.943064
0.217427
0.0272956
0.7107
0.00118751
0.0751686
0.00104003
0.00670675
0.000419157
0.00018533
0.485583
0.0625642
0.101211
0.00590456
9.26e-06
0.0672139
0.00409956
0.0383126
0.00701595
0.0858188
0.00152678
6.72267e-05
6.1e-07
0.00745076
0.106105
0.000385637
0.286546
0.00014985
0.00363415
0.00586722
6.64333e-05
0.00131668
0.00089125
0.877415
0.313126
0.567947
0.221275
0.0986081
0.713683
0.078311
1.09633e-05
0.597068
0.815959
0.123344
2.571e-05
2.42633e-05
0.0382898
0.82725
0.0755053
0.123106
0.000340557
0.000410543
0.0021476
0.000324697
0.210449
0.0462687
0.0399873
0.00614249
4.13267e-05
0.00051501
0.148928
3.73667e-06
0.297993
0.00160786
0.00135923
2.12967e-05
0.000102353
0.688441
0.0193069
0.887407
0.0035305
0.291631
0.00141713
0.0169773
4.13333e-06
0.612989
5.69667e-06
2.752e-05
0.182958