1.84333e-06
0.994403
0.00138669
3.33333e-09
0.99688
0.0031646
0.00317313
0.996895
2.48833e-05
0.0031724
0.00321692
3.17567e-05
0.488734
0.00018165
0.970898
0.00015819
0.996828
2.23333e-07
0.00313575
0.955019
2.40433e-05
0.995518
0.00949802
0.00669633
0.00317288
0.996819
0
1.86667e-06
5.33667e-06
2.26667e-07
0
0.000875437
9.66667e-08
0.000289017
0.00283606
6.56667e-07
0.000447107
0.168326
0.00013209
0.00247488
2.01333e-05
0
0.0031199
0.97773
0
4.88367e-05
0.00986779
0.731894
0
0.00012346
2.1e-07
2.15e-06
8.46167e-05
0.996866
0.00319994
0
0.00017397
0.992383
0.996884
0.000452717
0.00315458
0.000476967
5.62333e-06
0
1.23333e-07
0.00627327
0.00032906
0.00315881
2.89467e-05
0.00029508
7.33333e-07
5.33333e-08
0
0.00052119
0
0.00413935
0.00274256
6.5e-07
0.00681538
0.993933
4.12033e-05
1.13667e-06
2.15167e-05
3.77833e-05
0.0197177
1.086e-05
0.000111723
0.0149975
0.391035
0.000501663
3.08667e-06
0.233975
3.25367e-05
1.06667e-07
3.04933e-05
1.96067e-05
1.23333e-06
2.48667e-06
7.66667e-07
0.000310267