7.26733e-05
0.25648
0.0258905
0.0474461
1.645e-05
0.334721
0.1264
0.0233022
0.0209557
0.00236981
0.00835126
0.0693926
0.000407587
0.403144
0.395277
0.0586854
0.00697165
0.00068316
0.000593003
0.0126659
0.0699759
0.250009
2.947e-05
0.612017
2.12e-06
0.0353305
0.545395
0.00563373
0.480342
0.00207724
0.226559
0.0224817
0.608253
0.00263126
0.0753903
0.538749
0.0246221
4.65e-05
0.411717
0.0313188
0.0270433
0.0340778
0.0124616
1.993e-05
1.10967e-05
0.0305218
0.0040255
0.0855703
0.00030248
0.000325307
0.399986
0.016143
0.081524
0.300637
8.93767e-05
0.000903733
0.593563
0.560128
9.66667e-07
0.00041918
0.557363
0.570073
0.00153326
0.610901
0.00018191
0.293915
0.0278851
0.00950833
0.365274
0.011057
0.0103826
0.49373
0.00743125
0.0707703
0.0665015
0.00122021
0.833056
0.00223928
5.23033e-05
0.56134
0.00235186
0.00237782
0.000771473
0.00831074
0.0305404
0.108052
0.00054108
0.0117785
0.00035473
0.0858386
0.237177
0.0271406
0.00216481
0.0205346
0.934843
0.338686
0.550546
0.257886
5.302e-05
0.00147707