0.44885
0.149048
8.86667e-07
0.000208673
0.0671095
3.84333e-06
0.962235
0.000165047
0.687524
0.00775577
0.00586087
0.00160483
0.0696826
0
0.000255703
3.23e-06
0.224711
0.0932988
0.101372
0.790734
0.000150983
0.0003246
0.997281
0.0861952
2.639e-05
0.000524213
0.996021
0.423805
0.865055
0.000172113
0.0773753
0.4262
0.00263985
0.0873996
0.00556388
0.208866
0.249191
0.153125
0.00625204
0.00067727
2.66733e-05
4.54133e-05
0.00015759
0.00930671
9.04533e-05
0.000715727
0.0001668
0.000132093
6.66667e-09
0.00020138
0.0100563
0.000149203
0.00029579
0.00066309
0.262318
0.000126003
3.53333e-07
0.00332947
0.0324795
0.151485
0.0139247
0.0046364
2.848e-05
0.34121
0.00102255
0.436612
0.0113238
4.18733e-05
0.287797
0.183786
0.000611137
0.0531915
0.796283
4.33867e-05
1.20933e-05
4.85033e-05
1.25333e-05
0.00015518
5.38e-06
0.00295937
0.189015
5e-08
0.947712
8.73633e-05
0.0540629
5.4e-07
2.32033e-05
0.894508
0.986798
0.0007479
0
0.161778
0.290185
0.129705
0.00106478
0.0547342
2.66667e-07
0.000167337
0.465231
0.0214604