0.0015034
0.922427
0.0776969
0.00101648
0.791913
6.7e-06
7.10667e-06
0.0212188
0.890315
0.0631266
0.00017393
0.993139
0.00146309
0.0152519
7.48867e-05
0.146705
0.00882253
0.000785437
0.00114304
2.33033e-05
0.00278108
0.00172479
0.398964
0.00304912
0.997562
0.940427
2.354e-05
5.083e-05
0.0130532
0.968321
0.00120676
0.000746827
0.931708
0.00036291
0
0.000614187
0
0.00132225
0.331797
4.51233e-05
7.792e-05
5.44667e-06
0.00103069
2.99333e-06
0.00115736
0.0130989
0.00651816
0.000490977
0.515044
0.0014158
0.0310569
0
4.78333e-06
0.0479345
0.00152876
0.00323455
0.00066066
0.000885227
6.70033e-05
0.0176754
0.0355026
0.970622
0.977491
0.00148002
0.000277733
0.0195456
0.00225167
6.63333e-07
4.324e-05
0.00020787
7.815e-05
0.000240883
0.00857843
0.990492
0.000161213
0.0984493
0.11105
0.000111243
0.000105623
2.325e-05
0.00168778
0.00101204
7.60667e-06
0.0180413
0.0193991
0.856124
0.010946
0.687111
0.0019278
0.00503018
5.67567e-05
6.40333e-05
0.000396897
0.0260173
0.981623
0.000389167
4.99667e-05
6.293e-05
1.31667e-06
0.00087608