0.00417082
0.000636583
0.00193295
0.0725514
0.94958
0.192749
0.00558174
0.0132774
0.700763
0.00148151
0.0004632
2.897e-05
0.00054286
0.841221
0.0246433
0.927109
0.146918
0.795665
0.00163209
0.740535
0.00548553
0.0309897
0.0154215
0.865603
0.489005
0.141028
0.77169
0.662481
0.00036092
5.91567e-05
0.122805
0.0120926
0.00098216
0.186902
0.152619
4.98667e-06
0.182299
0.860983
0.0491158
0.00018088
0.841133
1.06933e-05
0.00040548
0.00452448
0.00749073
0.00154156
0.124164
0.0124727
0.000593413
0.00029066
0.000157743
9.88633e-05
6.86667e-06
0.694845
0.00315884
8.09967e-05
0.921836
0.00025545
0.0889723
0.0212584
0.192748
0.0453574
0.00670641
0.000461177
1.97667e-05
0.000953447
0.0311584
0.537944
0.00230708
5.734e-05
0.000182867
0.00939278
8.76667e-07
8.504e-05
0.00691678
9.41467e-05
0.129637
0.0905903
0.0173108
4.078e-05
1.28333e-06
1.06033e-05
0.479567
9.43067e-05
0.145423
0.0575221
0.152386
0.0120007
0.207852
4.37333e-06
0.000893237
0.0800175
0.0575369
0.00479493
0.000157847
0.0279487
0.000830643
0.00464075
2.98367e-05
0.00143434