1e-08
1.08333e-06
0.562482
1.15067e-05
0.000118723
0.000566997
4.90333e-06
4.45667e-06
0.14337
0.00125696
7.28667e-06
3.78033e-05
0.0158419
0.000426583
5e-08
0.000537797
0.00788615
0.00214388
2.243e-05
0.410202
0.0149804
0.950865
1.05967e-05
3.33033e-05
0.0131965
0.842127
4e-08
0.00535286
0.190579
0.990679
0.252162
0.000419267
6.63333e-06
0.0198483
0.676607
0.9999
0.199002
0.997302
4.955e-05
0.000512543
2.86467e-05
0.114054
9.76667e-07
0.999957
2.776e-05
2.02533e-05
8.14333e-06
0.995911
0.0961146
8.98867e-05
0.000229757
0.00504231
0.0119441
0
1.33667e-06
0.00645917
0.0221303
0.00181728
0
0.999853
0.000517087
0.000206657
9.64667e-06
1.51e-06
0.491943
2.5e-07
0.00327649
0.999961
0.217549
0
0.299676
0.00225734
0.00136418
4.15233e-05
0.220873
1.5e-07
4.2e-07
0.0018333
0.052814
8.33333e-08
3.27667e-06
4.41267e-05
1.12567e-05
0.00101911
0.000349113
0.0094235
0.99989
1.843e-05
0
0
0.990861
4.38333e-05
0.131262
9.51e-06
2.34e-06
3.345e-05
1.62e-06
1.86667e-07
0.0224567
1.07333e-06