4.87833e-05
9.1e-07
0.00207062
6.49667e-06
0.00104109
5.2e-06
0.00907518
0.990213
0.00398272
0.000416267
0.00877315
0.0108095
0.982063
0.995529
0.00140101
0.0072689
0.829455
0.00138503
6.03767e-05
0.0436474
0.0373402
0.00656228
0.957405
0.153803
2.923e-05
0.989279
0.990721
0.845522
6.84667e-06
0.00156325
0.93627
0.983528
0.841157
0.00010123
0.0580649
0.00205082
0.122328
0.00988939
1.26667e-06
0.000108637
1.22567e-05
8.58333e-05
9.63667e-06
0.00847822
9.20067e-05
0.000185777
0.000635933
0.0273531
0.0348959
0.00029721
2.858e-05
1.21367e-05
0.000255983
0.0197867
0.567819
3.91033e-05
0.198418
0.00244512
0.00472641
5.06e-05
0.00184418
2.22333e-06
7.66667e-08
0.00249759
0.00235786
0.000313593
4.49667e-06
0.932579
6.04433e-05
0.000349973
2.107e-05
0.0840866
2.31233e-05
0.0114053
0.00907911
0.000280023
0.00371065
0.00381196
0.103022
2.63333e-06
3.67667e-05
0.0125674
0.0655853
0.720629
0.0001577
0.199391
1.38767e-05
0.963901
0.00896422
0.0343418
5e-08
7.29333e-06
7.01e-06
2.121e-05
0.127735
2.5e-07
5.86667e-07
0.011512
0.0110132
5.054e-05