0.616596
0.999846
5.16267e-05
2.524e-05
0.000577973
0.895129
0
0.00671951
0.00021036
0.0115682
0.70278
1.11667e-06
0.0405539
0.000167937
0.850289
0.000298533
0.000270407
0.000137113
0.859499
3.88067e-05
0.0107488
0.000541273
0.990535
7.117e-05
0.999953
0.00751929
0.000853317
0.0517761
0
0
0.0114092
5.89233e-05
1.40033e-05
4.8e-07
0.00342598
0.000107047
0
0.00503095
0.860553
0
0.000312693
0.987011
0.00015626
1.28633e-05
3.35333e-06
0.999775
0.99489
0
0.830653
0.117487
0.00019559
5.7e-07
0.0022723
2.06767e-05
0.0543493
0.00012281
0.00826526
0.0241245
1.42333e-06
0.000240727
0.0175255
0.059235
0.00056913
0.000143317
0
0.00073795
0
0.0680598
4.72333e-06
1.11133e-05
2.66667e-07
3.01667e-06
0.000573503
0.736077
0.99573
0.101752
0.00074779
0.0181444
0.00523203
0
0.000708513
0.00040793
0.829455
3.53333e-07
0.000198023
1.2e-07
0
0.151171
7.46667e-07
9.06667e-07
0.029642
0.00816182
4.8e-07
6.4e-07
6.37e-06
0.00946304
9.388e-05
2.54e-06
0.00283144
0.0160551