5.07333e-06
5.96667e-07
0.97227
1.38333e-06
8.13667e-06
0.00561987
0.234432
1.275e-05
3.76667e-06
1.147e-05
0.983906
0.0341207
0.997752
0.0499591
0.99998
0.000190603
0.0871367
0.980102
0.00766422
0.833137
8.06633e-05
0.00638598
6.48333e-06
0.00437216
0.00321278
0.000213523
0
0.879868
0.990747
0.00043201
1.87333e-06
0.00404536
3.8e-07
4.178e-05
0.0293438
0.887643
4.09e-05
0.00013232
4.50333e-05
0.0325384
0.768555
0.00721649
4.76333e-06
0.000750003
0.000640667
2.79333e-06
3.36667e-07
2.13667e-06
0.0204197
0.02022
0.985025
0
0.00012205
3.41967e-05
0.0258081
9.75967e-05
8.90667e-06
0.00885359
0.000345513
4.50667e-06
2.9e-07
1.87333e-06
0.000230487
6.41967e-05
0.00633896
0.00745319
0.00200254
0.115205
0.987435
0.447209
0.00425551
0.999851
0.000552613
0.0732535
0.00071117
0.00048495
6e-08
0.00085065
0.037369
3.72633e-05
8.22667e-06
0.00106821
1.29667e-05
0.0126063
0.00324713
1.04367e-05
0.00280095
0
0.0620447
0.000656973
1.19e-06
0.0012059
2.717e-05
7.23333e-07
0.000270333
0.591463
0.00050381
7.99667e-06
4.73333e-07
0.777182