3.36667e-07
3.14333e-06
1.35333e-06
0.00046315
4.12333e-06
0.000479343
0.00126042
7.578e-05
0.0409746
0.735883
0.831637
0.157627
0.000964787
0.0770395
0.0040304
1.26867e-05
0.000202967
0.939234
0.00286353
0.01441
0
1.51667e-06
0.757666
0.0151238
0.0243915
0.915488
0.000422167
0.790227
0.00025692
0.142444
2.06667e-07
9.81333e-06
0.00121663
5.91733e-05
0.0544844
0.0228724
0.00862645
0.738353
0.00165775
0.912976
0.00617781
0.982631
0
0.00504681
0.0154163
2.73333e-07
0.00122273
0.00033937
0.997996
0.121004
2.54067e-05
0.938431
0.007476
0.109032
3e-07
0.00475403
0.0051897
0.00331739
0.00023555
1.68e-06
0.154929
0.745786
2.26833e-05
0.064276
0.0674547
5.77967e-05
0.0144189
0.0266729
8.6e-07
0.0682017
3.33333e-08
0.0309043
0.00374311
0.997695
0.000258123
0
0.00109181
0.00140929
0.0451148
0.680913
0.00312074
0.0942518
1.5e-07
0.000933563
1.94667e-06
0.220836
0.0789182
3.16667e-07
0.0452996
0.923562
5.39433e-05
0.00045586
3.34667e-05
0.0669418
1.96667e-06
0.0228365
2.29933e-05
0.00111658
0.236338
0.0105826