0.542783
0.00725208
0.00943125
0.0280333
0.000307093
0.0726363
0.0307991
0.920616
0.0129161
0.0546423
0.17462
0.0112657
0.00571459
0.31862
0.00877185
0.0484459
0.962141
0.0144193
0.271238
0.926116
0.0109925
0.0265058
0.949374
0.0241488
0.0076661
0.000304013
0.0308483
0.000340707
0.170216
0.076753
0.00017255
0.000215107
0.000235267
0.000331407
0.0363279
0.950249
0.020512
0.934128
0.0693102
4.10867e-05
0.0214955
5.01833e-05
0.0014781
2.53333e-07
0.000248773
0.00118659
0.01111
0.606988
0.00108968
0.0352583
0.00018137
0.00111257
0.00510337
0.0452643
0.0293712
0.0237256
0.00836315
0.00441309
0.00035527
2.20333e-06
2.884e-05
3.264e-05
0.00241722
1.34333e-06
0.24159
0.00409607
0.0171432
0.00196189
0.00855028
0.011663
0.0386935
0.0538639
3.94967e-05
4.35333e-05
0.0122854
0.107933
0.00507234
0.817924
0.00312262
0.923974
0.00038031
0.000741617
0.9466
0.778969
0.000108707
0.0109189
0.614646
0.00264284
0.00186323
0.0027582
0.854711
0.0138954
0.710459
0.0116383
0.0463906
0.0106875
0.000543793
0.16099
0.00783779
0.0465468