0.0274172
9.97667e-05
0.015512
0.0292663
5.08967e-05
4.60333e-06
0.862379
0.00348203
0.00231615
0.914408
0.0470996
0.000833583
1.60667e-06
0.683328
0.0472827
0.0566925
0.00403476
0.92889
0.0647316
0.00990901
0.914259
0.085917
0.347601
0.90968
0.00444633
0.209049
0.0171895
0.00418811
0.0607462
1.549e-05
0.020346
0.0220749
0.0286554
3.89667e-06
0.0028196
2.47e-06
6.61e-06
0.0538282
0.00029207
0.000994447
3.46133e-05
0.00352205
0.0284539
0.892801
3.75e-06
0.000361713
0.89513
0.0183723
0.0063041
0.00195053
1.09967e-05
0.0440233
0.00829248
0.0122449
0
0.0257535
0.0199342
0.000114987
0.000319787
0.936421
3.23333e-07
0.0308676
0.000138167
0.913696
0.000132
0.0818298
0.00904751
0.0605146
4.60967e-05
3.006e-05
0.00339118
0.0023485
0.00031114
0.00347775
0.972285
5.94e-06
0.845739
0.0549208
0.025707
0.980819
6.03e-06
0.0263056
6.33667e-06
0.0281545
0.000305843
0.117684
0
0.0078841
0.00476408
0.817345
0.00613807
0.0448774
0.00721998
0.0022566
0.000608223
0.638775
0.0241402
3.89633e-05
0.00100633
0.013271