0.992482
0.32364
0.164485
0.00728607
0.994688
0.999719
0.00048751
0.177949
0.00025039
0.049407
0.00470746
4.76133e-05
0.169488
0.000114513
1.48e-06
0.986856
0.000871157
0.00833502
0.0746159
0.0043189
0.00233387
0.00034628
0.999537
0.724077
8.58667e-06
0.999607
0.348364
0.99237
0.0113506
0.0108964
0.0137538
0.00128362
0.026862
1.66667e-08
0.00566409
0.000119567
0.0128185
0.032531
6.63333e-07
0.0122775
0.270942
0.0682185
0.000623773
0.00224209
0.988589
0.348249
0.00077942
0.0477835
0.894819
3.66567e-05
1.26667e-07
2.00667e-06
9.10033e-05
0.00185277
0.0232885
0.998467
0.00811097
9.13333e-07
0.00123166
7.714e-05
0.00017814
0
0.975855
0.00217905
8.64333e-06
4.36e-06
0.000740207
0.000510467
2.11667e-06
0
1.02e-06
0.000863917
0.00967514
0.00203266
0.000914787
1.87333e-05
0.00118647
0.180645
1.532e-05
8.47e-06
0.003881
0.0179018
9.04133e-05
0.00427418
2.577e-05
5.90333e-06
0.00016236
2.098e-05
0.00137171
0.00392624
5.71667e-06
3.08767e-05
1.65833e-05
0.0020963
9.37967e-05
0.977122
0.000701917
3.35667e-05
0.00347438
0.00056676