2.766e-05
0.000119987
0.00172145
1.70667e-05
0.00088622
0.000333693
0.000115177
0.0413457
0.294807
0.0903885
9.04167e-05
0.314948
0.412173
9.19867e-05
0.627765
0.000428867
0.779257
0.0321323
0.0635159
0.983672
0.79908
0.000404583
0.0155422
1.65333e-05
0.134453
0.182826
0.949168
0.0716323
0.00086001
0.00040296
0.0156465
0.407991
0.0267757
0.0856149
5.62533e-05
6.52267e-05
3.03333e-07
0.255691
1.31633e-05
0.0168134
8.73e-06
0.538133
0.0046169
0.00027773
6.86667e-07
0.0159518
0.388556
5.43333e-07
1.67333e-06
1.25e-06
0.534434
0.0145531
0.877582
0.197037
0.0448789
0.00105929
0.00032742
0.00188345
9.88167e-05
0.00151102
2.357e-05
0.000134063
0.422962
1.70667e-06
0.372224
0.00209603
0.000289267
1.25133e-05
0.324966
0.162325
0.000148027
5.10333e-05
0.0060973
1.53067e-05
0.0196871
0.998972
4.963e-05
8.33333e-08
2.69333e-06
0.0522918
0.0176071
1.56667e-07
3.852e-05
0.00447486
0.0244339
0.173719
0.00501192
0.885632
0.0993845
0.000384417
0.10898
0
0.00244771
0.524863
0.000475873
0.000467277
2.56467e-05
0.981303
0.000178283
0.580422