0.0796472
0.00239208
0.00072042
0.000113767
0.67927
5.276e-05
0.0117146
5.23333e-06
0.0180281
0.607003
0.00178526
0.719586
0.00049329
0.80289
0.143138
0.392108
0.0438751
0.0524792
0.147593
2.74433e-05
3.775e-05
0.0877969
0.00350964
0.041822
0.551575
0.751674
0.159273
0.0346944
0.00411022
0.0845627
0.462408
0.00223189
0.958222
0.0292296
2.31067e-05
0.181232
0.0005421
0.00078421
0.00278759
0.710328
4.43333e-07
0.0440096
6.76533e-05
0.00156071
0.0465512
0.481567
0.179139
0.387491
0.00119719
0.134985
0.160881
0.00111238
5.76667e-07
0.00117214
0.000838063
0.00068458
0.391912
2.52167e-05
0.0019933
0.233084
1.832e-05
0.00352014
0.0173128
0.0037853
0.75921
0.00025754
0.033341
0.00172729
0.43017
0.00531542
0.00018486
0.0580164
0.00144426
0.00029269
0.16517
3.37367e-05
0.123968
0.152053
0.0447525
0.0137656
0.000611733
0.581738
0.94656
0.0119318
0.0520095
0.0109237
0.0193909
0.165778
7.85667e-06
3.872e-05
0.269983
0.195541
0.369457
0.274979
0.00680329
0.00112411
0.000962743
0.0339438
0.0312942
0.374544