0.00147321
6.565e-05
0.00023521
0.00010811
0.000255037
0.00118905
2.33333e-07
0.000142733
0.00135797
0.906486
0.00118966
0.921539
0.00020867
0.997849
0.00031416
0.0315026
0.931919
1.223e-05
3.86e-05
0.00207827
0.000100313
0.231477
0.00026838
0.0107009
0.854079
0.9981
0.998152
0.354234
0.0349246
0.000170643
0.00861779
1e-08
0.0001531
0.0141901
2.62333e-06
0.789429
0.00015506
0.0905735
0.00174683
0.00282043
0.000645053
0.00965145
3.84667e-06
7.04133e-05
0.998185
0.829331
0.789061
0.000155643
0.00863736
0
0.000198447
0.000896837
0.184147
0.00061589
0.00026545
5.97333e-06
0.00044092
0.210958
0.975873
0.000316843
0.00180806
0.0010982
5.31333e-06
0.00095621
4.12433e-05
0.00305049
0.95523
0.0798423
0.00171663
0.000822927
0.00040492
0.00219356
0
0.838929
0.00659437
1.59333e-05
2.26e-06
0.267582
0.00124942
7.29e-06
9.54333e-06
0.00070725
0.127394
0.0276808
0.320997
2.14733e-05
0.000418747
0.000507587
9.78567e-05
1.04333e-06
0.0579802
7.90333e-06
0.0180391
0.0856379
4.66e-06
7.83867e-05
2.03667e-06
0.00106135
5e-08
0.000485477