6.91567e-05
0.306574
3.37233e-05
0.000855613
0.109494
0.00191582
0.00767678
0.830076
0.0164569
0.301612
0.0314621
0.028807
0.467655
0.536733
0.00314945
0.0021145
0.199567
7.29567e-05
0.00530968
0.966354
0.514219
0.0807541
0.565479
0.329946
0.0179548
0.01018
0.780905
0.678015
0.0110254
0.0123271
0.0860906
0.00014726
0.488617
0.00333221
0.439981
4.32167e-05
0.0014588
0.000413963
0.0732733
0.0587032
0.0151362
0.00110299
0.0810976
0.0110176
0.00889498
0.00939332
0.00217709
0.016558
0.920323
0.00355406
0.000441597
0.172299
0.0148072
9.70867e-05
0.00209619
0.0235485
0.0148741
0.00018505
0.00300045
0.000233937
0.0241468
0.285297
0.0739712
0.285631
6.83333e-07
1.114e-05
0.00929986
0.016786
9.95167e-05
0.046037
0.00199072
0.383126
0.169538
0.000131263
0.0471279
0.000427293
0.00203046
0.0215149
0.00558549
8.826e-05
7.58e-05
2.91333e-06
0.0521483
0.948801
0.110043
0.563127
0.0038751
0.523979
0
0.00925998
0.341781
0.0247437
0.87359
0.00174243
0.521591
0.32788
0.0218708
0.00863731
0.023096
0.00122103