0.0159925
0.0081262
0.00193831
0.137237
0.420832
0.00041584
0.202349
0.00974399
0.119129
0.163892
0.01026
0.656793
0.180897
0.000953963
0.000524657
0.00382501
0.177436
0.0047061
0.361447
0.000166303
0.401626
0.227224
0.577754
0.0485079
0.00185455
0.364628
0.375056
0.605251
0.000706577
0.00156927
0.00255862
0.176232
0.0043712
4.3e-07
0.0184391
0.013149
0.0371737
0.0420149
0.294475
0.358621
0.391753
0.00992861
0.0228454
2.949e-05
0.0171183
0.161237
0.31718
0.398609
0.00344474
0.432665
3.41033e-05
0.702382
0.0235115
0.00603632
0.00938027
0.631258
0.00545509
0.00131343
0.0481008
3.92333e-06
0.0300013
0.00306658
0.00231173
0.00111525
0.000478823
0.2804
0.0376996
0.000331907
0.0103465
0.500951
0.25383
0.90052
3.554e-05
0.00760106
1.56e-06
0.0743211
0.00144513
0.000887043
0.0562411
0.356419
0.00831576
0.0127219
0.0770508
0.000101043
0.158027
3.857e-05
0.000309937
0.1218
1.14033e-05
0.0132324
0.470817
0.00011872
0.00426161
0.958894
0.237676
0.795479
0.0293094
0.360492
0.010943
0.0122339