0.977383
0.0404822
1.03033e-05
0.000896587
9.33333e-08
0.00041663
0.0011422
3.69133e-05
1.57333e-06
0
0.000312653
0.195298
0.24009
0.00590949
0.978118
5.02467e-05
0.00393838
0.0746234
0.570332
0.000504787
0.00061277
0.00114072
0.938545
6.33e-06
0.00504184
0.00126531
0.000457797
0.944195
0.939358
0.00098329
0.053424
0.0168459
0.533941
7.06667e-07
0.000663777
0.361983
0.00063316
0.0159511
0.0202274
1.8e-07
0.0197906
0.0271725
0.00214731
0.00345666
0.00155249
0.887816
0.0246891
0.0130479
0.000154653
0.97489
0.000690483
0.015783
0.00739792
0.993574
0.0194293
0.039834
0.00689179
0.982514
0.00030845
0.00076929
0.829006
0.0278118
0.974441
0.00178167
2.394e-05
0.000409817
0.0503113
0.675201
0.00048457
0.00846534
0.00523737
0.00483818
0.00342752
0.00078823
0.0116318
0.00186589
0.224618
0.000116133
0.018814
8.13967e-05
0.0687803
0.00594525
0.00319262
0.00900802
0.00138216
0.00161965
0.0888924
0.862792
0.00214864
0.00651776
1.386e-05
8e-08
0.0007972
0.00015527
0.049326
0.093174
1.53667e-06
0.00076919
0.0159821
0.00341375