0.000176673
0.00132391
0.00865519
0.00088769
0.000536427
0.0841776
0.317202
0.054356
0.0218366
0
0.0998323
0.837206
0.00028391
0.014922
9e-06
3.46667e-07
0.277304
0.000197163
5.61733e-05
0.00671965
2.30067e-05
0.364451
0.883184
0.0090908
0.0953066
1.684e-05
0
0.0976942
0.217884
1.26333e-06
0.992078
0.000548787
0.680592
0.00594038
0.0008511
0.0771782
0.0198819
0.167411
0.00037018
0.00017841
0.990057
2.03333e-07
0.000444923
0.843413
7.70333e-06
0.001117
0.0010932
0.918165
0.0014351
3.40667e-06
0.000894197
7.50833e-05
0.997511
0.0558888
0.0969295
0.00197357
0.989131
0.000735347
6.05967e-05
0.00055614
0.00017056
0.0114979
7.92333e-06
0.00109503
8.46333e-06
0.00031764
5.893e-05
0.572563
0.00109579
0.0128278
7.94133e-05
0.409872
0.691697
0.00442671
0.67684
0.0024491
0.00120332
0.899805
1.75333e-06
0.00376607
4.57667e-06
2.93333e-06
0.000854927
1.72667e-06
9.46867e-05
2.86333e-05
0
2.78e-06
1.36e-06
2.18333e-06
0.46522
0.00140822
0.00224102
0.962521
0.0384914
3e-08
1.23667e-06
0.00022558
0.00109959
0.000158737