0.683528
0.511363
0.0107529
0.00035388
0.679148
0.826083
0.0110892
0.0167946
2.062e-05
0.000335413
0.0203694
0.000152883
0.00594862
6.64833e-05
0.000324163
0.038172
0.70932
0.0277389
0.0313971
0.953278
0.00084845
0.0123074
0.0333031
0.00187646
0.96613
0.00082212
0.0213536
0.00131615
0.00042291
0.0107103
0.203142
0.00126081
6.41e-05
0.00194144
0.9784
0.0039741
7.29533e-05
0.0626193
0.00069145
0.000264063
0.0368208
0.00728683
0.00103876
0.0367519
0.000176587
0.0110017
0.00117855
1.51067e-05
0.00178265
0.000239237
0.0184533
3.753e-05
0.512203
1.622e-05
8.687e-05
0.00793353
4.57e-06
0.361768
1.578e-05
0.0583227
1.66e-06
0.00716452
0.000646473
0.0012431
0.913843
0.0115253
0.0388826
0.437062
0.00029312
2.39667e-05
0.00391314
0.907243
0.905784
0.00301467
0.00185775
0.0245103
0.022707
0.0114618
8.56667e-07
3.61467e-05
0.00120392
0.0250648
0.140045
0.940627
0.0310522
0.246591
5.31667e-05
0.0412597
0.000973443
0.019012
1.45833e-05
0.94369
0.930411
0.00305767
0.220886
0.0252361
0.210187
0.00614173
0.0081664
0.0322215