0.170515
0.0289665
0.00106
0.0255496
0.00168397
0.148168
0.00186898
0.0417067
0.00263268
0.0612139
0.659448
0.197179
0.657465
0.0110178
0.200861
0.0309881
0.00052625
0.0001714
0.00127478
0.197471
0.685634
0.234964
0.0312215
0.000837103
0.0230099
0.195669
0.00593895
0.0108422
0.000276353
0.790525
0.612213
0.00206099
0.130211
0.160826
0.735193
0.935013
0.00441643
0.217867
8.9e-07
0.0522684
1.32467e-05
0.769831
0.199968
6.17333e-05
0.000548873
0.00038687
1e-07
0.0381499
0.104567
2.766e-05
0.000767357
0.000394763
0.0179073
0.00048205
0.017611
0.000477093
0.00144814
0.0135154
0.00885417
0.0224791
0.199022
0.0004344
1.592e-05
0.795349
0.00892738
0.00107925
0.00132427
0.000502717
0.764965
0.136097
8.92867e-05
6.45433e-05
0.00163577
0.0817714
0.15773
0.000541257
8.539e-05
0.0322988
0.0199428
0.00766153
0.777633
0.00751251
0.674775
0.00525936
0.00610406
0.118116
0.199397
5.56667e-05
0.000908627
0.184574
0.0237733
7.19e-06
0.613913
0.0163007
4.24467e-05
0.194936
0.000132657
0.00385897
0.685124
0.811794