0.0292292
0.138929
0.0190674
0.950796
0.00165919
0.999914
2.87667e-06
1.83133e-05
0.999668
0.0345405
0.00617875
3.99333e-06
0.622129
0.540619
0.000556533
0.156688
0.00011065
0.00287997
0.0786458
0.00560347
0.100053
0.0676774
2.31067e-05
0.656405
0.00038537
0.00720523
0.00169855
0.00375223
0.894302
6.30333e-06
0.985016
0.000194883
0.00529176
0.999851
0.893872
0
1.63333e-07
3.43867e-05
0.0480203
0.999961
0.00125122
0.179109
2.98e-06
0.0477565
4.04667e-06
0.0250684
2.63333e-06
0.0171132
6.68033e-05
0.00016667
0.569674
0.000111157
0.000346063
1.45667e-05
0.153966
0.0312517
2.30333e-06
0.0567931
0.0106831
1.06667e-07
4.527e-05
0.00113819
0.00286361
7.24933e-05
0.00022131
0.378199
0.00077659
2.77333e-06
0.000555847
6.05667e-06
0.294798
4.53333e-07
0.00106229
1.682e-05
0.0766718
9.94333e-06
5.75167e-05
0.83382
0.00075119
0.0182039
0.00940916
2.11533e-05
0
6.47333e-06
0.00380442
0.00204987
0.981234
4.80667e-06
4.19333e-06
0
0.000126137
0
1.36667e-07
0.000351733
0.00225928
7.786e-05
0.854922
6.87867e-05
0.00038852
0.191626