0.121046
0.00600848
0.000214897
0.0108974
0.000510333
0.113495
0.00405358
0.0184505
0.832637
0.00104276
0.0481157
0.540496
6.816e-05
0.0910428
0.00345503
0.00647125
0.518921
0.0574566
0.00373719
0.104184
0.00873753
0.00423529
0.886192
0.834271
0.890695
0.0777772
0.00384138
0.0562373
0.071522
0.0003418
0.119993
0.0995486
0.427731
0.000405557
0.281644
0.00395474
0.000695003
0.0522824
3.56933e-05
0.0140687
0.00774328
0.6917
0.19406
0.000293597
0.000344467
9.858e-05
0.00385429
0.0999273
0.601677
0.0526055
0.000412367
0.574544
0.27286
0.0147179
0.0007173
0.821281
0.0289802
0.0595892
0.000466927
0.0696578
0.839765
0.0413331
0.000671983
0.00860133
0.00104186
0.101136
0.58165
0.586188
0.158657
6.61133e-05
0.0022875
0.00511193
0.00771574
0.00525408
0.00182924
0.795642
0.295195
0.00859638
0.0868561
0.125227
0.0623621
0.0183035
0.0253512
0.101676
0.0964594
0.000516997
0.00524727
0.214729
0.0592633
0.00424956
0.21274
0.0468276
0.0611647
0.000712233
0.0955827
0.00539145
0.0168299
0.372901
0.134543
0.000281627