0.0171835
0.00619786
4.69333e-06
0.999188
2.08367e-05
7.66667e-07
0.0104659
0.00219492
0.00238639
0.357775
0.790859
0.0364162
0.0111779
2.46367e-05
4.44067e-05
0.00828465
6.10333e-06
1.058e-05
0.904668
0.00638968
9.1e-06
0.0195288
0.911528
0.000819703
0.00539295
0.0421438
0.000875783
3.382e-05
0.816531
9.05333e-06
0.98329
1.30667e-05
0.890319
0.902395
0.00271278
0.0867278
0.00773999
0.0108312
0.000622173
0.0394828
0.00044357
0.0213737
0.955447
0.0172179
2.834e-05
7.41433e-05
0.979468
0.0375006
0.0224837
0.00853976
0.023192
0.117933
5.457e-05
0.917923
4.21333e-06
0.000954913
4.76733e-05
0.00711793
4.393e-05
0.0262023
0
2.96967e-05
1.17333e-06
4.16667e-07
1.893e-05
0.00348989
0.00151992
0.000612243
0.00832257
0.809875
0.728648
0.0104741
0.853064
0.0781735
0.000278473
0.0944431
0.000122147
0
0.0305047
0.00204698
2.93033e-05
0.022545
0.000458713
0.0299057
0
0.000444647
4.8e-06
7.25767e-05
0.169406
0.930103
0.000188013
0.0814755
0.0358906
0.00571241
0.0876902
0.00301594
1e-08
0.000839657
0.00023577
1.2e-06