0.0559703
3.70667e-06
2.41967e-05
0.274202
0.206412
1.86667e-07
0.251186
0.13156
0.318449
0.392057
0.220282
0.0326728
0.00877148
0.259612
0.245553
0.177312
0.38982
0.406747
0.166951
0.503114
0.36073
0.254437
0.00132383
0.587317
0.093867
0.100872
0.163516
0.416179
8.9e-07
0.421116
0.0025503
0.0348565
0.445262
2.53833e-05
0.21816
0.000657487
0.00166534
8.67667e-06
0.378348
9e-07
2.246e-05
0.00197408
0.258733
0.207419
0.0338225
9.62133e-05
0.0470865
0.00155197
0.251485
0.143387
7.12e-06
0.26323
0.588322
0.429516
8.32633e-05
0.009205
0.00785898
9.90767e-05
0.257125
0.00416926
9.86833e-05
0.26993
0.718678
0.00029018
0.00050628
0.0345992
0.0682285
0.000127403
0.000103377
0.232363
1.165e-05
8.76667e-06
0.0117223
0.611665
0.0210109
0.00530005
0.0489832
0.0543658
0.0071335
0.0107089
0.00621931
9.66667e-07
0.274811
0.425188
0.00111776
0.730889
0.02757
0.116376
0.00209823
1.86667e-06
0.743321
0.155278
3.89167e-05
0.0174875
0.0497702
4.76733e-05
0.0040438
0.000469943
0.00210317
0.320546