0.00987205
0.819011
0.00205726
0.530322
0.0109594
0.00212996
0.00123383
0.0147029
0.00540793
0.502578
0.012814
0.348023
0.395442
0.00181654
0.626536
0.139266
0.0219952
0.00845174
0.118237
0.94974
0.0250436
0.322164
0.0136616
0.00650683
0.0308434
0.0505873
0.729388
0.194811
0.023104
0.00613219
0.110947
0.00100465
0.177519
0.0110551
0.132444
0.0140868
0.00018572
0.192068
7.53333e-06
0.590608
0.00258929
0.698577
4.02267e-05
0.0216904
0.000407623
0.0845391
0.00135219
0.193161
0.675287
0.656511
0.00478869
0.0730135
0.00303681
1.33667e-06
0.448435
0.00360375
0.0339536
0.0638424
6.24633e-05
0.000448763
4.32967e-05
0.138927
0.490902
0.00117193
0.00033278
0.0223239
0.00095987
0.371663
0.134647
5.40667e-06
0.505969
1.64467e-05
0.00399119
0.0202954
0.000563017
0.122502
0.139289
0.728566
0.0219957
0.840135
0.0175804
0.0147807
0.00230379
0.00201506
7.87e-06
0.0190951
0.0132424
0.00369636
2.935e-05
0.000500557
0.0685956
1.39967e-05
0.0640914
0.502123
0.089988
0.00196715
0.166061
0.347355
0.000544897
0.0236036