0.260948
8.39033e-05
0.000731217
0
0.00281756
0.114918
1.43333e-07
0.000357467
0.00781444
2.36667e-07
0.00147428
0.0110913
0.00054364
3.19333e-06
1.33333e-08
2.03667e-06
0.00240788
6.68633e-05
0.00489614
0.00563556
0.927302
0.000312783
0.00867414
0.746966
0.216203
1.425e-05
0.000864603
0.978901
0.000548007
0.74361
0.655869
6.95467e-05
0.000179993
0.971682
0.00118865
0.0715779
0.0156154
7.48333e-06
2.25567e-05
0.00398263
0.979583
0.00366817
5e-07
2.298e-05
0.999568
5.96667e-06
0.00022897
0.504864
0
0.0001644
0.00020843
0.946069
0.991909
0.0037161
0.017078
2.18667e-06
0.000148813
3.03333e-07
0.159963
0.0173796
0.183683
2.15e-05
0.97345
2.76833e-05
0.000385337
0.0040082
0.00088723
0.00028127
0.0171558
0.949914
0
0.000145017
0.00127946
0.974166
0.000251777
0.00014645
0.00010782
0.00118083
1.27367e-05
0.0182406
4.73333e-07
0.241168
0.000443307
0.468283
1.01833e-05
0.00011662
0.00297709
4.3e-07
0.0144694
0.00513179
0.00894454
3.89e-05
0.0374883
0.000600197
5.41133e-05
1.46333e-06
0.00143532
0.693661
0.0172736
0.000593677