0.0154599
0.00080045
0.0668032
0.0321944
0.922065
5.265e-05
0.000414713
0.0694903
0.00069429
0.414671
0.0715234
0.0730832
0.00859169
0.0794795
0.106208
0.907292
0.91666
0.222177
0.0696438
0.00864223
0.925615
0.0258883
2.10067e-05
0.2226
0.877949
0.0623479
0.0117356
0.00915049
7.78633e-05
1.84767e-05
0.821583
0.411518
0.0561654
0.0230597
0.0573216
1.12833e-05
0.0437482
0.0428274
0.00434868
0.000745803
0.00207479
6.13333e-07
0.00310275
0.0699924
0.00087319
0.0491033
0.908936
0.00772924
0.000200823
0.254905
0.00703844
3.21567e-05
0.0106192
0.0684242
0.00413397
0.841889
0.0012785
0.00011633
1.5e-07
0.0195126
0.0103135
1.269e-05
0.00032886
2.30167e-05
4.97333e-06
0.914091
0.0110429
0.0474
0.00163166
3.59467e-05
0.877004
0.0892082
0.0614476
0.0685878
5.87333e-06
0.860753
0.000758413
0.00480595
0.00501124
0.00111771
0.000786557
0.0720523
0.0308036
0.00647555
0.00874856
0.0376845
0.305625
0.00350157
0.00840238
0.0404205
0.00407339
0.000375403
0.0387439
0.830532
0.0027063
0.0711071
9.00767e-05
0.00057863
0.748265
0.00280153