9.63333e-07
0.0853314
0.000777353
4.65167e-05
0.00166309
0.362736
0.0225011
0.039169
0.00143966
0.885168
0.285148
0.0177084
0.0449282
0.98662
0.00090922
0.696766
0.958114
0.00178175
0.000418907
0.00082675
0.776644
0.182408
0.867509
0.0542008
0.0702837
0.0226607
0.00318536
0.0258097
0.00104986
0.00036646
0.0819424
0.00821564
0.0202543
0.0004441
8.79533e-05
1.567e-05
0.00182881
0.778765
0.00103383
0.927267
0.00019948
0.0001726
0.0268451
0.00256144
0.0104477
0.000519837
0.00226422
0.00552646
0.0102083
0.981205
0.0571737
2.70333e-06
0.000833383
0.000652063
0.136079
0.630899
0.102607
0.0225127
0.9579
0.00605181
8.27433e-05
0.016862
0.00082698
0.000129677
0.864765
0.362023
5.13e-06
0.0196801
0.00681219
9.74333e-06
0.00136423
0.00114716
0.010401
0.00034453
6.66333e-06
0.00317316
0.00350293
0.140107
0.000427777
0.0182022
0.115676
0.0150821
0.152685
0.0751728
0.508899
0.000307593
0.00179918
0.0169203
0.826951
0.102895
0.00191817
0.00955293
0.393042
2.76133e-05
0.0600908
0.00017867
3.5e-07
0.00187554
0.000177897
0.0961856