0.0151652
3.798e-05
0.0324071
0.124972
0.000103603
0.026253
0.0311652
0.000403337
0.0888332
0.78853
2.05167e-05
0.0736227
0.0144239
0.00972528
0.0468883
0.0449628
0.0390826
0.445453
0.643094
1.44067e-05
0.745783
0.00011888
0.858524
0.36221
0.968535
6.17233e-05
0.000534097
0.819467
0.00441551
5.44667e-06
9.59067e-05
0.000333373
0.000594697
0.00210029
0.00015937
4.10333e-05
0.00706576
0.000153873
0.00122175
0.0665651
0.0177307
3.733e-05
0.000132893
0.0378155
0.115364
0.941305
0.125525
0.00363031
0.000255497
4.24167e-05
0.342074
1.71333e-05
2.46333e-05
0.00208199
5.79667e-06
0.000439367
7.7e-07
0.000405927
0.077325
2.78333e-06
6.5e-07
8.07633e-05
0.00030561
0.138629
0.788286
0.8112
7.38067e-05
0.221107
7.787e-05
0.0119531
0.0122822
0.00105663
0.0126449
0.382995
0.124631
0.00134291
0.135134
0.61529
6.73e-06
1.28867e-05
0.00214841
0.125811
0.13656
0.0274114
1.66667e-07
0.140522
2.27467e-05
0.594202
0.201963
0.670309
2.858e-05
0.417984
0.138122
0.284471
0.0187756
0.134924
1.977e-05
1.46667e-07
0.897259
0.024994