0.682782
0.000395193
0.00412133
0.00251917
0.0263255
0.00587626
0.0231029
0.00134837
7.81667e-06
0.0173002
0.0073784
0.552442
0.948869
0.427352
0.901895
0.00021863
0.942939
0.0417172
0.534635
7.31067e-05
0.0486069
0.390795
0.0274437
0.515553
0.713187
0.0221255
0.250073
1.716e-05
0.0705161
0.0163956
0.0498437
0.00327886
0.154431
0.0193866
0.000789097
0.0075337
0.00018546
0.0428668
0.0022372
0.242085
0.00634479
0.00474545
5.31367e-05
0.0381105
0.00128512
1.78433e-05
0.407584
0.0574281
0.000716573
0.00293372
0.000144207
0.0107401
0.00185146
0.113994
0.0519149
1.574e-05
0.00116168
0.843941
2.22333e-06
0.000342863
4.17e-05
0.0195369
0.00414593
0.0153428
0.86867
0.00189384
0.00200491
0.00665651
0.000144823
7.06333e-06
0.883472
0.00119728
0.00466997
0.0107085
1.48667e-06
0.0139559
0.127856
5.50467e-05
9.27233e-05
0.00427729
0.012528
0.0666559
0.000521707
0.0184278
0.569007
0.00413609
0.00146534
0.00314491
0.908849
0.00688161
0.542135
0.247864
0.123486
0.330116
3.23333e-07
0.0407875
0.0079567
0.48664
0.420223
0.00246717