0.184225
0.00040255
0.342371
0.00574289
0.0024166
0.000344297
0.287526
0.0135958
0.0981042
0.0197145
0.013168
0.366358
0.00245562
0.0045738
0.300594
0.270575
0.046509
0.161947
0.329016
0.192783
0.297344
0.174919
0.346043
0.238655
0.0170076
0.347971
0.239183
0.000243583
0.00072464
0.293017
0.126543
0.0729125
0.0578093
1.46e-06
0.00250193
0.0585985
0.000585767
0.11636
0.789928
0.00132491
0.0384384
0.0378207
0.0234073
0.291298
0.0347704
0.136319
0.259372
0.00476187
0.0430085
0.364762
0.311075
0.650381
0.0329162
0.0421317
0.000217377
0.00736311
0.00064077
0.0275854
0.315424
0.00279475
0.297661
0.0472321
0.329866
0.0382271
0.355361
0.354467
0.0490693
0.36809
0.266171
0.00144171
0.0416267
0.320442
0.00675144
0.289956
0.00810989
0.0732987
0.203031
0.0875739
0.0010545
0.047568
0.546116
0.438616
1.021e-05
0.297447
0.0798825
0.173109
0.000277187
0.0725774
0.000990163
0.0640521
0.300662
0.0010329
1.00667e-06
0.0233975
0.000347377
0.545962
0.0057687
0.220192
0.59385
0.000125953