0.00399132
1.87733e-05
0.000228443
0.0222937
0.00119615
0.000119063
0.753367
0.0569713
0.155776
4.23367e-05
0.015002
0.209905
0.00407952
0.00121845
0.793045
0.776495
0.0234501
0.00315559
0.00589746
0.00199223
0.180884
0.00030909
0.789856
1.225e-05
0.0129297
0.00118487
0.173622
0.000212657
1.49333e-06
0.780725
0.0287183
0.180864
0.00103228
5.57567e-05
0.0508662
0.179129
0.000113283
0.000456317
0.770733
0.0162969
0.000871943
0.00391257
0.0125459
0.000547387
0.782691
0.00826341
0.178455
0.662294
1.18667e-06
3.96367e-05
0.00114011
0.209255
0.00135482
0.00932062
0.00014325
0.00081167
0.00515807
0.761888
0.0590421
0.0149349
0.0118335
0.0267169
0.0140563
0.063083
0.70189
0.176933
0.0766893
0.939161
0.000736017
0.00432898
0.000159163
4.52667e-05
0.0221059
9.79167e-05
0.00932514
0.200152
0.00013479
4.103e-05
0.0002171
0.768664
0.174659
0.784642
0.196912
0.000120407
0.0223795
0.000174873
0.176292
0.002411
0.174183
0.0013055
0.75626
0.783064
0.00179228
0.03635
0.0257013
0.00150554
0.00511801
1.06e-06
0.106771
0.0250719