0.00759659
0.0100137
0.000290163
0.00078587
0.0107776
0.0384072
0.111066
0.192736
0.142581
0.0403379
0.0442999
0.00347714
0.577573
0.150045
0.147078
0.00291936
0.117577
0.101043
0.292908
0.763429
0.00237353
0.0147447
0.0435424
0.613736
0.713946
0.000221067
0.154503
0.173798
0.0353707
0.628133
0.0424642
0.0467356
0.141165
0.680248
0.0288712
0.156721
0.625501
0.14628
0.101487
0.0685731
0.00330786
0.0167304
0.00548773
0.119967
0.00284003
0.0643431
0.759014
0.0665665
0.524733
0.00186496
0.111143
0.000378
0.224531
0.088064
0.0732196
0.00039823
0.000170527
0.0201338
0.115477
0.00203959
0.119453
0.649794
0.0105789
0.0119503
0.00069318
0.00458571
0.0231753
0.00489935
0.00418242
0.0782571
0.622221
0.0720722
0.0225622
0.00340541
0.000166617
0.082952
0.0338003
0.413071
1.44767e-05
0.0189405
0.00050291
0.0527633
0.168494
0.00302437
0.0970803
0.114346
0.780769
0.0461504
0.112837
0.10768
0.0748862
0.089504
0.160565
0.108092
0.000184713
0.00286101
0.68503
0.782506
0.058553
0.00363175