0.000275697
0.0233451
0.00120105
0.000119707
0.0797339
0.00010381
0.00279526
0.000647263
0.00824466
0.211179
0.00031306
0.0033936
0.968366
8.88733e-05
0.000461557
0.911184
0.0293276
0.00263871
0.0056088
0.00540819
0.0189627
0.00584632
0.000778183
0.00280239
0.00034498
0.730796
1.65967e-05
0.00213311
0.988432
0.00744843
0.0589018
0.00015215
8.07667e-06
0.070005
0.0153337
1.53333e-07
0.988103
0.000281937
0.988944
3.16667e-07
0.446672
0.0001401
0.000871073
0.000321687
0.00114234
0.00918008
2.39133e-05
2.18733e-05
9.59667e-06
6.364e-05
0.00209135
0.272285
0.00755124
0.00193186
0.00152799
0.908282
0.910042
0.000925343
0.040739
0.994474
0.00265509
0.969901
0.0012281
0.000316
0.00926237
0.00221658
0.206938
0.000109103
0.00120563
2.07333e-05
0.00073982
0.000253327
0.0243977
0.0372864
0.00163826
0.530735
0.0887049
2.78e-06
0.0156144
0.982907
0.00445726
1.53e-05
9.64233e-05
0
0.00263688
0.0482304
0.0766075
0.0142188
0.00048053
0.00331542
4.14033e-05
0.0129882
0.234581
0.989435
3.20333e-06
0.00143735
0.991867
0.00821726
0.000827583
0.00238966