0
4.128e-05
0.856055
6.33333e-08
0.886465
0.0397219
9.04e-06
0.0174396
0.00089577
2.036e-05
4.37533e-05
1.74e-06
5e-08
7.1e-07
0.0641352
0.998841
0.23588
0.00026841
0.00578527
0.00302317
0.122395
0.0817333
0.00072439
0.00068692
0.999454
1.73333e-07
3e-08
0.000146273
0
0.999947
1.42867e-05
0.00575221
0.0131507
0.179213
0.000171527
0
0.000112043
0.0272868
6.61333e-06
0
0.817907
3.4e-07
0.00110036
2.59167e-05
0.0398194
3.242e-05
1.85667e-05
0.0047251
6.411e-05
2.62867e-05
3.52e-06
0
0.000118093
0.000595577
0.954316
0.354501
0.00389536
0.00018777
2.33333e-08
0
1.40667e-05
0.241976
0.751039
0
0.00116987
0.0156105
1.66667e-08
0.00032314
3.07167e-05
0.983319
0.000503807
0.426738
0.162575
0.00172375
4.04667e-06
0.00149216
0.000134173
6.86667e-07
0.000845207
0.801054
0
5.66667e-08
7.578e-05
0
0
0.00203442
0.826783
0
1.43567e-05
0.0133914
0.157204
5.80833e-05
6.7e-07
0.00223608
2.06667e-07
0.999903
0.0653642
0.991127
0.836068
0.000429177