4.38233e-05
0.737986
0.292535
0.00010519
0.00126073
0.00040468
0.00020221
0.311051
0.110253
0.0297239
0.000433427
0.00251085
0.191502
0.0745675
0.010211
0.00334429
0.00161146
0.00647961
1.885e-05
0.00013323
0.678528
0.200166
4.15333e-05
0.044482
0.000540667
0.00553149
0.352937
0.999195
0.00118482
2.73333e-07
1.067e-05
0.0205598
0.00296274
0
0.944494
0.00013778
2.52667e-06
6.4e-07
0.00149198
0.446281
4.029e-05
0.328898
0.00395971
0.99655
6.59667e-06
0.0315888
0.00442948
2.21367e-05
0.00133705
0.150455
0.0004051
0.0373759
1.37733e-05
7.51e-06
0.342589
0.000173217
0.00605541
0.00706971
0.00058635
6.74967e-05
0.0039597
0.85069
0.000222237
0.00024166
0.000827247
0.0170746
0.151414
0.000653647
0.0267256
0.00231197
2.37667e-06
0.29192
0.000271607
0.039168
0.508084
8.13333e-07
0.513678
1.91233e-05
0.976656
3.26667e-07
0.57866
2.19967e-05
0.000461137
0.999296
0.00812632
0.0225356
1.93233e-05
0.0152498
0.000219243
0.939207
1.72733e-05
1.27333e-06
5.67e-06
0.363609
4.959e-05
0.0477507
0.725295
2.245e-05
4.75367e-05
0.530929