0.0206026
0.0271755
0.238221
0.290989
0.302257
0.376034
0.309532
0.105003
0.150718
0.120717
0.0101506
0.0406741
0.0681497
0.295537
0.27149
0.00601631
0.0612315
0.00134926
0.0217342
0.29503
0.461844
0.00657466
0.0147683
0.085194
0.000244853
0.1199
0.517191
0.467893
0.0058133
0.443221
0.0014579
0.042306
0.0212493
0.120043
0.000367447
0.211313
0.00232714
0.111807
3.83333e-07
0.0965785
0.00225159
0.00190263
0.00528334
0.576159
0.0197464
0.014486
0.17318
0.459099
0.0876265
0.00046853
0.212664
0.831631
0.00017272
0.0125932
0.206895
0.0484864
0.000255367
0.0224404
1.26833e-05
0.00593181
0.00189666
0.00544514
0.046677
0.0575375
0.111731
0.0039742
0.00210769
0.00135116
0.531187
0.114501
0.35522
0.241622
0.0925502
0.00376518
0.628183
0.0051945
0.415732
0.145339
4.211e-05
0.203361
0.00301965
0.298114
0.0691436
0.190938
0.038787
0.462183
0.000184393
0.529891
0.0182011
0.223559
0.115367
0.00840574
0.00448133
0.0288802
0.00011549
0.292851
0.0416267
0.291617
0.424656
0.566569