7e-08
8.66667e-08
0.00186076
0.0708758
0.000503763
2.22e-06
0.000121557
2.59e-06
0
0.00085786
0.000880713
5.52667e-06
0.00113268
0.0178837
0.037648
0.999964
1.98067e-05
0.9998
0.888961
0.0544949
0.00356838
0.031772
0.144892
0.00261708
7.233e-05
0.00288341
6.67667e-06
7.6e-07
0.00178356
0.989625
1.96667e-07
0.00716564
0.00172482
0.00075857
8.77333e-06
0.00484515
0
0.0678319
0.0327216
0
0.000707477
0.908667
0.944886
0.106321
0.000183103
1.43567e-05
0.0608575
7.66667e-08
0.00021223
0.971604
0.768311
6.66667e-06
0.000203683
0.00416562
2.93333e-07
0.796691
0.00039706
0.00135947
0.00025532
0.0121206
0.0499934
0.0146748
8.27333e-06
0.000509663
0.940225
0.0569591
0.0732035
0.324132
5.33333e-07
1.43567e-05
0
0.999969
5.40067e-05
0.0004684
0.259741
0.0003461
5.86667e-07
0.0290664
0.580219
0.00168923
1.14333e-06
3.3e-06
0.0437694
0.000741357
1.43333e-07
0.00121257
0.641925
0.0033385
9.33333e-07
0
0.01441
0.0192307
2.02133e-05
0.000476867
0.993933
0.0521567
0.00058973
0.951073
4.33e-06
0.00158272