0.823423
0.0145891
0.000724533
7.87967e-05
0.0823315
0.0760571
0.824061
0.793092
0.106357
0.103698
0.00068982
0.00023284
0.000532363
0.0953799
0.00150989
0.0758512
0.00675915
0.807951
0.00667095
0.00103764
0.00661295
1.39e-06
0.0151459
0.889283
0.140158
0.071801
0.00796618
0.128303
0.820274
0.128378
0.822125
0.00105977
0.251968
0.129109
0.0098985
0.12436
0.0311904
0.00014556
0.611882
0.548064
0.00257358
0.020253
4.18767e-05
0.0593995
0.00231129
0.00215331
9.75933e-05
0.0401925
2.048e-05
8.51367e-05
3.26667e-06
0.231542
0.0361867
0.0903602
0.00608484
0.0417209
0.462952
2.41667e-06
0.107344
0.866889
0.000243477
0.000253537
1.99633e-05
0.801125
0.0029231
2.85e-06
0.0429207
3.31e-06
0.000143647
0.0360017
0.00014023
0.0571074
0.141204
0.781417
0.000290737
0.823779
0.00713019
1.22667e-06
0.13805
0.00162869
0.0648665
9.76667e-06
0.00403274
9.4e-06
0.129635
0.0339306
0.0382443
2.86667e-07
0.0368678
0.104397
0.000540297
0.0536013
0.00135774
0.0434023
0.0478402
0.80814
0.0955071
0.00726412
0.000237647
0.166764