0.00387247
0.00549919
0.887554
0.00387467
0.136167
0.00133108
0.0408727
0.00156746
0.0147059
0.0236925
0.217489
6.19e-05
0.838447
5.09367e-05
0.0379359
0.00189482
0.0352947
0.574287
0.00958758
0.773004
0.0869094
0.971025
0.000130027
7.62733e-05
0.00536651
9.815e-05
0.0407155
0.0541312
0.0298149
3.54667e-06
0.00353908
0.916271
0.0283562
0.00084271
0.943246
0.688439
0.0324257
4.07467e-05
0.938127
0.761767
0.00816717
0.213416
0.000150177
1.86367e-05
0.00492556
0.00417456
0.000502643
0.000524743
0.00624945
0.0012016
0.0757423
8.37667e-06
0.0094982
0.0049653
0.939368
2.09767e-05
0.912877
0.0424002
0.954412
0.000482463
0.00026609
0.0688674
0.00039243
0.000518863
0.00216215
0.0191589
0.00162893
7.22233e-05
4.06667e-06
0.00057907
0.0354194
0.000324033
0.0260516
0.00154441
2.09333e-06
0.000401883
0.0108454
1.1e-07
1.20967e-05
0.125545
0.00229012
0.00041525
6.7e-07
6.04667e-06
0.00037098
1.87667e-06
1.13333e-07
0.493754
0.00016074
0.0635158
0.003332
0.0176962
0.0355006
0.903566
0.0015491
0.00118599
0.79805
0.00127807
0.0956046
0.00030441