2.52667e-06
0.000164493
1.76667e-07
2.23833e-05
7.68333e-06
0.000130263
0.0541241
0
0
1.46667e-07
0.918846
1.086e-05
3.55667e-06
0.000798257
0.000148763
6.12167e-05
0.801415
0.999827
0.936782
0.999865
0.14047
0.000460127
0.061437
0.00262788
0.92611
0.559039
2.53333e-07
0.0361589
0
1.68033e-05
1.08333e-06
1.73e-06
0.0041216
0.0240939
0.00539386
0.0160721
0.000223017
0.000300037
0.00126253
0.0145381
0.0176764
7.78867e-05
0.699198
0.0608146
4.285e-05
0.000446707
0.999994
0.000230657
2.49933e-05
0.000163413
0.012786
0.895897
5.97e-06
0.98818
3.92167e-05
0.0248512
0.00672945
0.000108843
0.000132967
1.208e-05
8.72e-06
0.00027524
7.93467e-05
0.00026295
0.254047
0.000366043
0.0360805
2.8e-07
0.944665
0.0059509
0.896978
4.87333e-06
0.000445443
0.580003
1.47667e-05
8.7e-07
0.947555
0.000922703
5.001e-05
0.00582135
4.62667e-06
0.00502584
1.68667e-05
9.96667e-07
0
0
0.00339206
0.000442493
3.186e-05
4.66667e-08
1.39533e-05
8.33333e-07
0.999425
7.32333e-06
0.000107977
0
4.468e-05
0.00063772
0.0964145
0.00895388