3.94667e-05
0.00503855
0.0129253
0.110104
6.80333e-06
0.910716
0.0021388
0.013381
0.0796763
0.000446107
0.0010995
3.61e-06
0.00389763
0.00137266
0.066799
0.40158
0.0682412
0.926499
0.638709
0.000361217
6.68667e-06
0.0754044
2.302e-05
2.29667e-06
0.00787979
2.23267e-05
0.00156727
1.96667e-07
0.000660853
0.00256853
0.00111603
0.994001
5.22667e-06
0.00196397
0.833908
0.00049246
0.000757427
0.0578486
0.00021804
2.16667e-06
0.000849627
0.00019925
0.000115403
3.71333e-06
0.00971888
0.00160705
8.67333e-06
0.00435359
0.918414
0.0489583
0
0.708855
0.0335559
0.757748
0.466827
0.0592208
0.00250698
0.0897485
0.000527453
0.000885713
0.156708
0.917848
0
1.13367e-05
0.000669527
0.00328725
0.917285
0.901988
0.00034526
0.00105315
0.0105871
0.000199917
9.03867e-05
4.59133e-05
0.0791857
0.00183491
0.112013
0.0922506
0.000796937
0.00416343
0.00184177
0.914186
1.53467e-05
0
0.175003
6.73333e-07
8.46667e-07
5.3e-07
0.000312673
2.451e-05
0.425274
0.0212173
0
0.00542365
3.25767e-05
0.921137
2.3e-07
0.0107627
0
0.998818