0.00240418
0.00319768
0.00177898
0.000274123
4.194e-05
0.325746
0.00296415
0.338915
0.99477
2.86567e-05
0.273974
0.00374269
0.000865437
0.996567
0
0.000153727
0.00028043
0.00326096
0.000476363
2.01e-05
0.996833
0.0002639
0.82611
6e-08
0.996619
0.00425656
0.00259302
0.943313
7.43333e-07
0.00070445
6.08733e-05
0.875056
2.68e-06
0.000104677
1.777e-05
0.00292008
1.352e-05
0.00256684
0.904853
0.00560201
0.0126611
1.681e-05
4.544e-05
0.00777128
0.103345
5.06333e-06
0.0863344
0.0011975
0.000198657
0.00229405
1.42067e-05
2.78133e-05
0.00996325
7.67167e-05
0.000356503
0.975999
3.50333e-06
0.0126781
5.77867e-05
0.00179073
1.55333e-05
0.00317102
0.0124083
0.000195323
0.164887
0.360437
0.0186353
0.0120647
0.00018128
8.56667e-06
3.29333e-06
0.00453849
0
1.57033e-05
2.32767e-05
0.93418
0.0003334
0.944496
0.000866183
0.297802
0.202124
8.81433e-05
2.32667e-06
0.000281727
2.87e-06
4.10667e-06
3.00867e-05
0.000209563
0.000583453
1.47567e-05
0.0439471
4.08e-06
5.11233e-05
0.00029381
0.000492117
0.00061334
0.960292
0.00149029
0.996535
0.312488