0.0542079
0.00538776
0.000301247
0.00480801
0.00471407
2.9e-06
4.8e-06
0.000612413
3.931e-05
0.0149539
0.980131
0.00944704
0.0176122
0.00742986
0.981378
0.0112611
0.00304683
0.994848
0.00666007
1.46667e-07
1.549e-05
0.981019
5.86667e-07
0.995018
0.932885
0.980543
0.00173375
0.00279027
0.00327641
0.00105699
0.012026
1.18967e-05
0.00134119
0.00188827
2.12567e-05
0.000915997
0.00232407
0.942296
0.00149193
0.0025283
9.9e-07
0.00484909
9.61633e-05
0.0055772
0.106004
0.00016334
0.963263
0.0158206
0.0023026
0.00109216
0.984198
0.00012817
3.96367e-05
0.000528437
0.00943783
0.0049873
0.0425394
0.00024715
0.00209886
2.98867e-05
0.0121636
5.18633e-05
0.00293879
0.00569116
6.73333e-07
0.00133876
2.06667e-06
0.000151813
4.86667e-07
0.000967497
0.00703034
0.0063673
0.00847396
0.931677
0.00227251
0.95093
0.00027391
0.000196157
0.96853
0.00115666
0.00496973
0.00352981
4.76667e-06
0.930257
6.64267e-05
0.0564579
9.63367e-05
0.00780282
0.000139813
0.981178
0.00017695
0.00027065
1.75133e-05
0.00475797
0.000480053
0.000694247
0.00071394
8.65067e-05
0.00150777
0.00314262