0.00131872
0.000525617
0.114965
0.225549
0.0217858
4.467e-05
0.00146223
0.257528
0.982293
0.0216763
0.00863626
0.000154813
0.633825
0.0486862
4.82667e-06
0.153136
0.0305599
0.732188
0.0230198
0.0143802
0.000563243
0.0564386
0.879655
0.249626
0.00295724
0.0246314
0.000108103
0.0157002
7.96e-06
0.439796
0.240813
0.00613706
0.00324829
0.26705
0.773649
0.0795196
0.134961
5.09067e-05
1.459e-05
0.66405
0.843609
0.727303
0.000193357
0.00093858
0.51373
0.000247627
0.00145685
0.0129511
0.265853
0.00438036
0.00934317
0.00015755
0.00284479
0.0076725
0.000242223
0.00039288
0.00080808
0.000104003
0.000163093
0.052855
0.95077
0.242103
6.44333e-05
0.00361992
0.00807434
0.00466674
0.709632
0.00149802
0.0227082
0.00403009
0.673858
0.000905513
0.243184
0.00796342
0.00135087
0.00355261
0.0269257
0.00966235
0.00405593
6.47633e-05
0.000155263
0.242138
0.0201819
5.73667e-06
0.667723
0.703016
1.40333e-06
0.0792824
0.724337
5.88e-06
0.000182177
0.0017951
0.000771263
0.0301726
0.00039155
0.00078949
0.0037991
0.0397116
0.00732492
0.0035615