4.64233e-05
0.00657632
0.000805297
1.35333e-06
0.00449633
0.00010965
0.0528951
6e-08
0.173562
0.0001145
0.000492543
1.75633e-05
0.00110238
0
0.0332691
0.008765
0
0.00098493
0.0995606
1.90133e-05
0.958262
2.02e-06
0.0156023
0.00116223
0.961711
0.00331062
0.00093021
0.00419205
5.062e-05
3.31433e-05
0.0315288
0.00745616
0.0478424
0.00025076
0.00165376
0.000805377
0.963107
0.00989768
0.000415763
2.75333e-06
0.00291541
0.000151503
0.00130639
0.850983
0.0010392
3.224e-05
0.994636
2.7e-07
0.0311241
0.000932593
0.00151933
0.00703547
5.36667e-07
0.976626
0.0201602
0.986275
0.00055399
0.000195623
0.000175953
0.00037151
0.0229362
0.000363633
0.012348
0.0021594
0.00983275
0.00607998
0.00081608
9.36667e-07
0.704649
0.0305515
0.0155533
0.00098653
3.41667e-05
0.0367893
0
0.00566252
0.8406
0.999205
0.965251
0.000776797
3.85333e-06
0.000952293
9.58167e-05
0.00149849
0.00010084
0.0353665
0.00282919
0.00597765
0.957169
0.0201405
1.23633e-05
2.41333e-06
0.999919
0.96292
0.942007
2.76667e-07
0.000991703
0.144787
0.00356381
4.66667e-08