0.0251491
0.00440926
0.0190252
0.00314003
0.00163798
0.890447
0.0314108
0.00017391
0.0569571
0.0713539
0.0145728
0.894815
0.262556
0.664378
0.0547496
0.0909289
3.01467e-05
0.0138743
0.00060797
0.205429
0.00912573
0.0201455
0.0199082
0.000600643
0.000180887
0.0660612
0.0369429
0.0264241
0.415838
0.0806044
3.38667e-05
0.0288188
0.00271984
0.00554297
0.248751
0.00478509
0.0317383
0.00164915
0.632799
0.00022043
0.344225
0.00277686
0.652488
0.0303225
0.0163633
0.0160448
0.667896
0.000255397
7.36333e-06
4.25167e-05
0.0148604
0.00011372
0.00201462
0.79078
0.00773424
0.00319225
0.902547
0.604835
0.00394358
0.0183421
0.910263
0.767848
0.0322295
0.0691659
0.0308163
0.0745029
0.032005
0.00224198
0.0598821
0.141337
0.0301649
0.59247
0.000998103
0.00227518
0.0107713
0.00182153
0.000125397
0.0161225
0.00277042
0.0665031
0.026125
0.00079471
0.0555135
0.11472
0.000749487
0.0457168
0.000164813
0.880462
0.000368237
0.00071083
0.0775682
0.227457
0.00557608
0.000243877
0.757901
1.559e-05
0.0265566
0.00719123
0.894207
0.0163234