0.00783622
0.84548
0.00591197
0.0104582
0.0285083
0.00528712
0.00861998
0.000163403
0.00648742
0.00702585
1.01167e-05
0.00550897
0.01651
0.0579404
0.161048
0.005604
0.0111927
0.988573
0.590206
0.0100922
0.828253
0.0322044
0.136848
0.00261068
0.00673836
4.59467e-05
0.00989992
0.169962
0.00944357
0.00345172
0.0104897
0.92098
0.045645
0.00785696
0.0152027
0.00611739
6.86033e-05
0.00330513
0.0120193
0.0225984
0.812555
0.00024473
0.00093199
0.233233
0.14694
0.000108023
0.0102492
0.420411
0.0353035
0.00628223
0.00309706
0.0161434
0.0337921
0.719568
0.00403754
0.0020984
5.08667e-05
0.208398
0.271662
0.00585421
0.127096
0.861433
0.902662
0.0190181
0.0016989
0.0151203
0.228584
0.000420713
0.128088
0.0143919
0.749478
0.0978845
0.148076
0.449768
0.00220943
0.00074996
0.002647
0.00168319
0.000495457
0.00548826
0.260301
0.00545573
0.0116662
0.00410424
0.0124485
0.470116
0.300944
0.00399618
0.0937372
0.00143878
0.0412285
0.00837202
0.000153067
0.0526216
0.0108211
0.957704
0.0641656
0.543732
0.452461
0.000373783