0.00172335
0.0380488
0.0247872
0.122758
0.00596876
0.595399
0.0611337
0.28551
0.310345
0.500774
0.336574
0.48461
0.445761
0.104123
0.0245305
0.0291682
0.169701
0.000934693
0.470777
0.355251
0.03467
0.914992
0.0121986
0.452041
0.0431663
0.0670203
0.467215
0.301848
0.775829
0.0689943
0.513707
0.161206
0.00132549
0.0638299
0.0729398
0.453749
0.325737
0.463444
0.0205434
0.129826
0.465863
0.00288544
0.00370437
0.0609397
0.0116316
0.0869003
0.00583602
0.0316597
0.517565
0.00502235
0.0217738
0.0105208
0.499731
0.00550158
0.0280148
0.00032157
0.53399
0.3071
0.00141845
0.000371597
0.00074688
0.166589
0.0419561
0.0169347
0.0037072
6.93333e-07
0.05268
0.00309163
0.451363
0.00509388
0.000108193
0.146691
0.00115416
0.052261
0.0231475
0.43362
0.000528077
6.32433e-05
0.00353322
0.0351187
0.0442437
0.140141
0.00476187
2.59567e-05
0.0863655
7.53333e-07
0.132803
0.102482
0.00535752
0.00038059
0.0157559
0.0286209
0.0467054
0.000222553
0.020507
0.0596178
0.50619
0.0377989
0.0166896
3.02533e-05