0.0457577
0.00556834
0.621011
5.94167e-05
0.0301895
0.029937
3.20667e-06
0.015013
0.000755047
0.622089
0.0504669
0.275399
0.249403
0.873393
0.120843
0.0141134
0.240779
5.88e-06
6.548e-05
0.0137817
0.631513
0.25963
0.999544
0.000861287
0.367884
0.000108883
0.0906934
0.986939
0.00026375
0.0218146
0.00535723
0.00015692
0.0111193
0.858201
0.000624447
0.0419696
0.0398075
0.0518816
0.00017844
0.0126591
0.00259261
0.083853
0.0255658
0.00355774
0.000162983
0.00137466
6.75333e-06
9.37267e-05
0.00566561
0.0226443
0.00944385
0.551097
0.00041483
0.00774385
0.737901
0.116105
4.206e-05
0.725171
0.000322813
0
0.00583251
0.029892
0.00310289
0.195684
0.928155
3.91167e-05
0.00019274
0.0002119
0.106
7.8e-07
0.0653255
1.05567e-05
6.97133e-05
0.0136799
6.36667e-07
9.43533e-05
0.0237033
0.0166375
0.764065
0.207186
0.146806
0.986828
0.549071
3.43333e-07
1.55267e-05
3.56267e-05
0.27786
6.79467e-05
0.0573347
0.000360293
0.320264
0.00804151
8.36667e-07
0.000363193
7.67333e-06
0.00384587
0.0109703
0.0534856
2.28667e-06
0.341159