0
0.00381276
0.00662339
0.811842
0.00659104
1.59233e-05
0.0310825
0.000874843
0.00101694
0.000903417
0.825038
0.168611
4.933e-05
0.0463278
0.813885
0.00061154
0.00237146
1.07333e-06
0.000736087
0.971907
0.168145
0.000841533
0.00188382
0.00082215
0.830663
0.830789
0.829469
0.00194021
0.000274797
0.00133774
0.826592
1.76067e-05
0.166371
2.04833e-05
0.166931
0.0001187
0.83088
0.00114175
0.152493
0.831893
0.822964
0.00409708
0.166051
3.16667e-07
2.42367e-05
0.00141207
0.0168288
4.79367e-05
0.00222993
0.1054
4.99567e-05
0.015954
0.157997
0.000133827
0
0.00224097
0.000102167
0.832028
0.00169197
0.166853
0.166668
0.0357702
0.165902
2.71e-06
8.58e-06
3.71333e-06
0.829591
0.160765
3.656e-05
0.831069
0.0760281
3.254e-05
7.706e-05
2.88967e-05
0.785639
0.00107738
3.8e-07
0.00246499
7.2e-07
0.00364891
0.000962283
0.16618
6.06667e-06
0.00111258
0.00286742
0.000842787
0.00233442
2.86e-06
3.17567e-05
0.00325235
1e-08
3.585e-05
0.000846753
0.00021153
0.128094
1.978e-05
0.000236593
0.00236485
0.00074995
2e-06