843015983
1922175934
946971419
2646773809
634820409
2527430485
371598585
2365328290
3384303287
3726069096
4233859855
697545370
1257506277
3279626916
4235817856
2352663000
1429059255
1829361597
439629175
2312863636
2007103509
503075402
2199495452
2849897199
1381183474
3335555812
1860725504
1652386173
3699807291
4290178631
3247767879
3229284142
2739193359
1296048555
767267618
3305704395
1553159059
1356545295
151407598
1700362730
1251682291
3331110965
2695449306
1737535597
3995827550
2839715055
23135891
2205747008
571488182
726942217
406552511
1838300460
2794757429
3989649036
2891735580
1811580663
540256601
778365409
3575652137
2782596978
1780769707
4236632072
1034296710
2805042270
177300674
4037088470
1358683231
1001610664
1953668068
3820374314
1805532413
1883812857
2935354791
2708472636
3636414256
1968665130
2196875699
615993319
130474243
770771842
1415946860
2852935194
2330644484
2897509453
4222473996
3829994402
729732082
2315026167
610385938
1407671056
1089953691
406126132
4216442318
3109798798
2434680372
438453567
219248074
1907242912
242031282
3226641107
