0.523596
0.413414
0.410162
0.570611
0.414234
0.553673
0.476827
0.433638
0.556602
0.498045
0.533385
0.54771
0.528133
0.444222
0.597731
0.46382
0.402512
0.422507
0.458982
0.560822
0.50467
0.502635
0.539591
0.586339
0.44359
0.543315
0.456643
0.583134
0.559693
0.432902
0.573633
0.525362
0.414834
0.55074
0.420748
0.525042
0.565669
0.508749
0.499007
0.423808
0.491602
0.406789
0.529207
0.576817
0.48372
0.425471
0.53104
0.545332
0.426719
0.404842
0.528161
0.40305
0.411471
0.515988
0.589014
0.490659
0.561278
0.429169
0.475394
0.419944
0.594818
0.521152
0.572718
0.43732
0.538222
0.566982
0.488122
0.549396
0.40783
0.48797
0.456633
0.595732
0.525636
0.563834
0.498242
0.475595
0.545975
0.46049
0.574643
0.47505
0.58888
0.409566
0.59738
0.448199
0.533845
0.418901
0.457213
0.447765
0.529872
0.531019
0.539072
0.574213
0.404394
0.487398
0.43496
0.535389
0.544552
0.490561
0.438208
0.497624
0.463991
0.449
0.53949
0.488426
0.435999
0.514023
0.562413
0.595521
0.501542
0.539697
0.598073
0.449814
0.526208
0.507767
0.435058
0.570118
0.451522
0.486721
0.583724
0.418901
0.408421
0.482612
0.417938
0.464811
0.57374
0.545135
0.473095
0.570918
0.580418
0.539304
0.480921
0.597665
0.492117
0.523718
0.478613
0.425864
0.544624
0.580608
0.463345
0.416314
0.44426
0.473102
0.49654
0.443002
0.530881
0.479938
0.563961
0.466382
0.403465
0.551855
0.409216
0.449395
0.541232
0.525587
0.443783
0.403494
0.412464
0.526131
0.458039
0.587369
0.497037
0.485783
0.47682
0.554865
0.571297
0.407358
0.50156
0.435827
0.561214
0.522744
0.423132
0.413667
0.494062
0.430927
0.485111
0.573284
0.521733
0.411373
0.4944
0.563582
0.505137
0.567288
0.409426
0.554592
0.562558
0.565108
0.441411
0.59132
0.509131
0.57838
0.532477
0.501545
0.531778
0.506287
0.562865
0.529123
0.46958
0.471457
0.473297
0.495971
0.467641
0.415347
0.543067
0.580919
0.490849
0.476168
0.475556
0.445924
0.540531
0.474438
0.467484
0.584537
0.524136
0.596275
0.446252
0.579822
0.497222
0.549281
0.503601
0.526756
0.489574
0.485581
0.531873
0.456539
0.581853
0.586041
0.524218
0.566219
0.543651
0.588504
0.506598
0.592002
0.42786
0.546734
0.518646
0.459721
0.411609
0.503415
0.524513
0.458562
0.450751
0.490197
0.436563
0.489392
0.533549
0.505268
0.50509
0.575721
0.536375
0.421448
0.436492
0.418485
0.468392
0.516611
0.582878
0.512424
0.412581
0.516808
0.443771
0.527264
0.523984
0.49179
0.543281
0.43382
0.526178
0.573645
0.470727
0.426945
0.598585
0.545293
0.533798
0.465404
0.500699
0.458373
0.595631
0.553941
0.559951
0.492381
0.485337
0.519243
0.54818
0.573606
0.41407
0.47073
0.590105
0.596798
0.417225
0.508192
0.583293
0.422251
0.426927
0.500109
0.471337
0.474621
0.521199
0.508969
0.489505
0.592713
0.409783
0.440001
0.422976
0.54689
0.412958
0.57953
0.431868
0.496027
0.500402
0.527853
0.445981
0.500876
0.430125
0.563404
0.517143
0.536451
0.519076
0.504526
0.459303
0.478936
0.595166
0.586075
0.584541
0.56131
0.58948
0.494962
0.505354
0.401353
0.5246
0.453619
0.418434
0.42137
0.540254
0.506348
0.419513
0.481005
0.496851
0.540966
0.421775
0.413927
0.554924
0.530814
0.549802
0.40257
0.446042
0.513449
0.49701
0.474031
0.507786
0.593418
0.43902
0.436911
0.41347
0.538572
0.557778
0.544774
0.407184
0.508377
0.49689
0.559799
0.4026
0.574643
0.591729
0.544987
0.513903
0.589925
0.536999
0.426039
0.513712
0.574284
0.408666
0.530504
0.417294
0.514542
0.404752
0.562381
0.499626
0.411454
0.568278
0.422487
0.519259
0.577154
0.473037
0.48666
0.579659
0.590463
0.549132
0.599718
0.456892
0.53776
0.599223
0.473142
0.559935
0.461565
0.440773
0.572661
0.484546
0.489756
0.493355
0.597833
0.599427
0.440463
0.496746
0.468733
0.458081
0.41455
0.530282
0.548284
0.584593
0.535906
0.575944
0.412098
0.508594
0.510921
0.561525
0.549337
0.412782
0.435639
0.592335
0.465871
0.491628
0.598826
0.51306
0.424376
0.407051
0.562396
0.597407
0.41664
0.47989
0.582791
0.521009
0.512163
0.535353
0.421082
0.575811
0.595037
0.581438
0.401139
0.554659
0.443242
0.428078
0.439409
0.547879
0.491358
0.520126
0.574964
0.570417
0.466273
0.496254
0.471028
0.585967
0.54037
0.564713
0.441391
0.552939
0.526161
0.56697
0.505821
0.421936
0.463665
0.504747
0.588262
0.487839
0.52434
0.428259
0.546546
0.500893
0.511549
0.52602
0.57311
0.479304
0.502439
0.446507
0.53107
0.415078
0.532275
0.414897
0.43011
0.581945
0.588501
0.401142
0.486801
0.457524
0.556512
0.417451
0.59451
0.515079
0.483041
0.554939
0.5365
0.548423
0.504283
0.440983
0.417924
0.453544
0.466645
0.59558
0.507885
0.436505
0.54193
0.529638
0.512567
0.537184
0.427756
0.492949
0.53614
0.429963
0.562842
0.510719
0.558937
0.442493
0.541291
0.554723
0.486114
0.540498
0.436069
0.4704
0.436901
0.431047
0.56548
0.513375
0.584301
0.464669
0.561309
0.588844
0.54399
0.501567
0.53082
0.536789
0.444752
0.44708
0.448147
0.439418
0.593774
0.454487
0.524818
0.537658
0.553736
0.469953
0.416866
0.552468
0.55696
0.567652
0.598692
0.568455
0.519751
0.528153
0.483376
0.556213
0.461738
0.455595
0.48771
0.482985
0.461651
0.541962
0.425828
0.542518
0.472221
0.521701
0.448245
0.5396
0.531674
0.538505
0.426955
0.419317
0.464318
0.400383
0.55577
0.533867
0.573075
0.527645
0.418192
0.402926
0.432078
0.42475
0.429964
0.415303
0.561138
0.535437
0.561744
0.464846
0.461514
0.519484
0.44088
0.507264
0.572413
0.488706
0.417899
0.413165
0.554057
0.429362
0.446146
0.446326
0.584413
0.589916
0.597208
0.417792
0.471267
0.459372
0.422897
0.562831
0.401077
0.481807
0.431034
0.520824
0.585552
0.482435
0.525379
0.44481
0.406877
0.428025
0.478168
0.57892
0.48221
0.551798
0.465749
0.475123
0.461625
0.553551
0.470436
0.435391
0.414594
0.498661
0.424417
0.402573
0.470155
0.503525
0.470253
0.591129
0.40158
0.409699
0.422767
0.51378
0.415824
0.566943
0.57777
0.434496
0.512531
0.587953
0.445897
0.456801
0.508406
0.584423
0.449527
0.424683
0.495525
0.503187
0.434602
0.595728
0.510413
0.512958
0.481744
0.439242
0.448582
0.455744
0.569717
0.54659
0.54651
0.529793
0.489841
0.456491
0.499216
0.406784
0.470626
0.46084
0.501575
0.552011
0.519297
0.537002
0.56991
0.468011
0.510223
0.527927
0.429827
0.580742
0.516081
0.556943
0.540716
0.42846
0.590565
0.538299
0.478744
0.407993
0.486718
0.538827
0.543785
0.425152
0.582831
0.490647
0.589607
0.52583
0.542864
0.46039
0.46321
0.467676
0.591411
0.538721
0.590603
0.589717
0.401666
0.468789
0.459877
0.500473
0.496402
0.419575
0.486905
0.483193
0.431905
0.466675
0.560624
0.433482
0.420158
0.408735
0.50086
0.571448
0.532119
0.577876
0.497741
0.487727
0.547556
0.433007
0.459591
0.536176
0.513163
0.572561
0.578936
0.412137
0.488071
0.52167
0.41591
0.558647
0.567173
0.521382
0.420154
0.496055
0.464415
0.512446
0.414902
0.415419
0.474512
0.47497
0.592278
0.506695
0.468354
0.586201
0.552037
0.559069
0.409673
0.402016
0.478847
0.573347
0.485952
0.446706
0.581666
0.560512
0.434688
0.59598
0.524768
0.485472
0.449605
0.476498
0.517099
0.413399
0.442381
0.522538
0.495375
0.451228
0.523745
0.572627
0.513119
0.523751
0.452045
0.572479
0.521188
0.553252
0.459771
0.513789
0.408311
0.518604
0.514707
0.595718
0.530331
0.440482
0.421925
0.46861
0.420697
0.433366
0.561308
0.578976
0.430604
0.411677
0.590575
0.410611
0.58712
0.588031
0.516735
0.508206
0.557342
0.428117
0.475222
0.499645
0.597382
0.594272
0.570505
0.49465
0.515567
0.413178
0.581333
0.480213
0.412294
0.596313
0.542408
0.500941
0.483474
0.540786
0.535897
0.563158
0.446564
0.448519
0.505839
0.501662
0.559507
0.509105
0.559653
0.553884
0.448587
0.520435
0.490996
0.555645
0.599347
0.431182
0.494031
0.491447
0.544108
0.426915
0.448809
0.411784
0.457266
0.436747
0.527016
0.554368
0.544732
0.472982
0.520976
0.424769
0.522472
0.413424
0.56981
0.533286
0.44527
0.4177
0.421442
0.58816
0.566103
0.535717
0.514093
0.409383
0.589284
0.537174
0.43433
0.574593
0.474609
0.430285
0.53139
0.453829
0.505058
0.442147
0.539647
0.59843
0.509153
0.459808
0.525009
0.565658
0.577857
0.556449
0.420487
0.477859
0.494477
0.427825
0.52067
0.541377
0.568609
0.421472
0.533006
0.427051
0.527098
0.497265
0.452551
0.542552
0.474765
0.521006
0.508051
0.541107
0.485716
0.560189
0.512842
0.533941
0.429229
0.599181
0.560236
0.568567
0.582662
0.507091
0.407317
0.455255
0.43102
0.497558
0.493835
0.47222
0.510093
0.408142
0.574613
0.411143
0.41061
0.44325
0.432917
0.590207
0.410787
0.452424
0.476256
0.483939
0.580258
0.515683
0.598868
0.567039
0.512029
0.477721
0.478963
0.529727
0.412074
0.56488
0.475372
0.564535
0.516168
0.578753
0.462622
0.420955
0.531792
0.440267
0.454747
0.523636
0.440647
0.42129
0.413432
0.578199
0.557158
0.500314
0.400759
0.520193
0.416001
0.581253
0.409875
0.594683
0.493355
0.464149
0.409402
0.533733
0.47066
0.491135
0.469941
0.515568
0.524562
0.458118
0.459397
0.402085
0.46457
0.531568
0.507079
0.40786
0.432523
0.598963
0.518835
0.496279
0.513343
0.42503
0.500377
0.531134
0.459314
0.435922
0.443511
0.554062
0.409801
0.546993
0.50691
0.449494
0.506322
0.593895
0.422031
0.424147
0.54285
0.576579
0.554531
0.551494
0.547193
0.55198
0.580515
0.561297
0.418788
0.558835
0.406636
0.592191
0.410701
0.493778
0.562812
0.561522
0.408107
0.454786
0.511394
0.505314
0.477848
0.488058
0.512209
0.589621
0.400473
0.44929
0.452713
0.451592
0.550954
0.450435
0.483113
0.527837
0.486757
0.433418
0.447521
0.425906
0.449005
0.538912
0.43991
0.456555
0.489305
0.420645
0.529983
0.537214
0.447919
0.537609
0.414182
0.5438
0.495045
0.561176
0.495025
0.439025
0.533949
0.428616
0.533363
0.466077
0.482679
0.474357
0.518592
0.578094
0.466409
0.445487
0.466029
0.518416
0.597469
0.589026
0.459427
0.582058
0.436471
0.452408
0.436343
0.462096
0.568715
0.402734
0.424641
0.542814
0.567307
0.45828
0.506857
0.436732
0.422569
0.457206
0.427886
0.541876
0.466501
0.538071
0.491029
0.465413
0.456542
0.505461
0.520741
0.572756
0.532589
0.539949
0.430151
0.496044
0.484423
0.513591
0.485105
0.509005
0.409425
0.484979
0.479685
0.491359
0.560408
0.552618
0.482358
0.481141
0.410074
0.445034
0.572904
0.549231
0.508958
0.538256
0.451486
0.448922
0.592183
0.409816
0.511471
0.492591
0.416648
0.587142
0.405994
0.520324
0.546494
0.511521
0.511031
0.428456
0.48063
0.563867
0.511773
0.517802
0.511396
0.407216
0.516775
0.576272
0.424364
0.531673
0.548256
0.434426
0.43185
0.598012
0.450447
0.556586
0.52025
0.518883
0.499981
0.403658
0.468569
0.556812
0.568953
0.481456
0.517887
0.515124
0.566678
0.453239
0.401846
0.493154
0.523485
0.42311
0.43742
0.414888
0.441796
0.515272
0.499476
0.49626
0.402709
0.436831
0.487625
0.513155
0.589191
0.504777
0.478232
0.427575
0.530783
0.414583
0.585426
0.500335
0.441856
0.561498
0.420661
0.418288
0.496621
0.408106
0.564981
0.578823
0.474646
0.554966
0.579209
0.529223
0.466971
0.535577
0.440004
0.413578
0.58572
0.502219
0.401654
0.541704
0.452189
0.452253
0.515306
0.559998
0.428472
0.504317
0.5333
0.51027
0.597896
0.554331
0.466588
0.450348
0.582802
0.468325
0.470226
